1 0.528637 0.524659 0.556028 0.610467 0.0232001
1 0.287167 0.6498 0.269784 0.250618 0.0220044
1 0.565789 0.671997 0.485358 0.355801 0.016287
1 0.340598 0.465393 0.463528 0.622829 0.013166
1 0.685482 0.673849 0.270892 0.267549 0.00914086
1 0.416103 0.627792 0.61887 0.378106 0.00808852
1 0.719708 0.499517 0.502551 0.63954 0.00674463
1 0.322566 0.582998 0.352018 0.404403 0.00653582
1 0.29751 0.462814 0.255259 0.553559 0.00307982
1 0.227881 0.550879 0.349607 0.496765 0.00263879
1 0.731302 0.523697 0.256178 0.573215 0.00248781
1 0.268921 0.686575 0.364607 0.382316 0.00229817
1 0.499892 0.770218 0.643912 0.43725 0.00213887
1 0.915361 0.386239 0.169278 0.375674 0.00207209
1 0.853826 0.468773 0.292348 0.502886 0.00181449
1 0.639753 0.220915 0.252849 0.154298 0.00149963
1 0.673762 0.781809 0.352021 0.384118 0.00121823
