1 0.274833 0.562786 0.344234 0.31448 0.0105267
1 0.267877 0.379131 0.436622 0.720277 0.0102291
1 0.248414 0.0987993 0.426397 0.192588 0.00406993
1 0.691098 0.905365 0.605034 0.18659 0.00391095
1 0.628727 0.452294 0.625093 0.834338 0.00349729
1 0.804232 0.945371 0.360177 0.109258 0.00291601
1 0.850007 0.87667 0.279376 0.242194 0.0024804
1 0.256995 0.651825 0.438408 0.401251 0.0020517
1 0.500021 0.501915 0.999959 0.996171 0.00194809
1 0.303088 0.818131 0.577473 0.35848 0.00181307
1 0.169647 0.586821 0.261288 0.249666 0.00144899
1 0.281858 0.902569 0.504818 0.187339 0.00110495
1 0.365287 0.612801 0.286059 0.323992 0.00102298
1 0.139275 0.919982 0.249 0.149311 0.00100928
