1 0.490051 0.468646 0.761103 0.786209 0.567574
1 0.298223 0.490661 0.463322 0.848812 0.224079
1 0.705456 0.508881 0.297662 0.60602 0.0910359
1 0.279911 0.487596 0.307692 0.638461 0.0651221
1 0.781607 0.646688 0.25849 0.591163 0.00929191
1 0.67204 0.661469 0.532205 0.601558 0.0082166
1 0.267947 0.626368 0.223562 0.329587 0.00579902
1 0.137346 0.476392 0.190134 0.71141 0.00257735
1 0.24178 0.644362 0.356326 0.526063 0.00238232
1 0.779686 0.877066 0.410496 0.245868 0.00168575
1 0.839134 0.532072 0.202279 0.810644 0.00124075
1 0.284695 0.815259 0.515013 0.369482 0.00105989
