1 0.5189 0.369285 0.830077 0.73857 0.252329
1 0.330741 0.341288 0.393358 0.675517 0.111742
1 0.645983 0.339234 0.400101 0.67269 0.0970547
1 0.524306 0.107264 0.47419 0.212372 0.0325615
1 0.669947 0.524249 0.362298 0.428924 0.0261646
1 0.493675 0.252204 0.542968 0.501656 0.02
1 0.30433 0.420978 0.255228 0.352316 0.0145787
1 0.58181 0.0726424 0.312946 0.145093 0.0102735
1 0.611004 0.194431 0.403313 0.383723 0.00793107
1 0.227951 0.310126 0.302754 0.613677 0.00646316
1 0.707853 0.602415 0.435348 0.777291 0.00569271
1 0.739814 0.44648 0.29884 0.501805 0.00456604
1 0.295589 0.413246 0.591178 0.820858 0.00431591
1 0.38405 0.103703 0.354632 0.197806 0.00392171
1 0.336669 0.51115 0.31301 0.375875 0.00355436
1 0.339679 0.1984 0.315746 0.393573 0.00246607
1 0.705293 0.827862 0.479606 0.344276 0.00242613
1 0.544422 0.572379 0.623147 0.506982 0.00215763
1 0.807365 0.36909 0.343721 0.735462 0.00175419
1 0.371881 0.580071 0.510678 0.839857 0.00114269
