1 0.464928 0.470345 0.781436 0.724046 0.265795
1 0.623141 0.45476 0.34809 0.417813 0.04433
1 0.337243 0.482383 0.451393 0.550661 0.0138564
1 0.496109 0.435302 0.455612 0.517173 0.00722189
1 0.202427 0.503868 0.26811 0.53654 0.00475283
1 0.24872 0.590791 0.291825 0.33082 0.00329248
1 0.682998 0.356559 0.385303 0.561304 0.00235585
1 0.212381 0.691527 0.289624 0.287184 0.00166901
1 0.29916 0.660287 0.426064 0.359321 0.00161239
1 0.692718 0.545429 0.317036 0.407038 0.00134721
1 0.452303 0.676693 0.756595 0.483968 0.00112641
