1 0.602907 0.690844 0.654222 0.576336 0.063702
1 0.5 0.476458 1 0.937983 0.0377891
1 0.368257 0.41426 0.544101 0.794481 0.0268004
1 0.384671 0.625181 0.618374 0.469398 0.0229888
1 0.594624 0.105358 0.805844 0.210596 0.018315
1 0.286532 0.63685 0.406687 0.30246 0.0179088
1 0.344555 0.104351 0.624883 0.202415 0.0123003
1 0.542598 0.486424 0.613596 0.750166 0.0121449
1 0.423479 0.612424 0.371876 0.363833 0.0113988
1 0.738361 0.458118 0.415656 0.691664 0.00759851
1 0.698731 0.0684802 0.529018 0.13696 0.00728286
1 0.751268 0.141785 0.477092 0.257188 0.00700147
1 0.184243 0.627618 0.294401 0.369896 0.00662417
1 0.187038 0.419272 0.309565 0.763576 0.00591746
1 0.554624 0.292759 0.804172 0.584599 0.00575942
1 0.52916 0.0640881 0.492396 0.128176 0.00389672
1 0.625588 0.653307 0.549309 0.342468 0.00339261
1 0.21039 0.0795481 0.41808 0.152675 0.00321849
1 0.310309 0.220161 0.532857 0.406439 0.00315068
1 0.825677 0.662368 0.170988 0.258462 0.00220587
1 0.62114 0.186917 0.65471 0.355515 0.00202342
1 0.163322 0.765839 0.268061 0.34296 0.00190434
1 0.842699 0.504649 0.231678 0.602069 0.00157533
1 0.263424 0.820088 0.475657 0.302246 0.00126341
