1 0.310345 0.693583 0.240123 0.279541 0.0185042
1 0.592088 0.562473 0.500143 0.657767 0.0109712
1 0.409634 0.713108 0.438178 0.344648 0.00960065
1 0.636115 0.722866 0.411365 0.304212 0.00909225
1 0.740333 0.728603 0.220184 0.265261 0.00666551
1 0.400413 0.528829 0.356644 0.625338 0.00636581
1 0.302234 0.568534 0.253478 0.532386 0.00406265
1 0.259652 0.777921 0.223408 0.27603 0.00319299
1 0.76124 0.546893 0.373345 0.646677 0.00231123
1 0.283565 0.701604 0.331944 0.426834 0.00223121
1 0.706393 0.0903407 0.55448 0.171041 0.00218147
1 0.224047 0.536152 0.33729 0.632858 0.00204055
1 0.788054 0.782329 0.210604 0.269245 0.00202816
1 0.866601 0.776695 0.211913 0.364709 0.00194066
1 0.809138 0.657673 0.227348 0.414666 0.00180355
1 0.280293 0.842415 0.291749 0.251646 0.00163564
1 0.566602 0.118556 0.529854 0.215518 0.00140104
1 0.347569 0.105575 0.407519 0.198899 0.00139671
1 0.690619 0.132007 0.321028 0.170561 0.00133328
1 0.565462 0.0658125 0.473746 0.131625 0.00114961
