1 0.552604 0.364102 0.777799 0.70401 0.144566
1 0.517483 0.535207 0.711065 0.399914 0.0733388
1 0.348109 0.54837 0.307563 0.254885 0.0426122
1 0.718712 0.334554 0.407916 0.631895 0.0145743
1 0.394745 0.415824 0.424453 0.490663 0.00750874
1 0.656092 0.499399 0.429423 0.32198 0.00622323
1 0.711994 0.0885183 0.387681 0.169694 0.00324341
1 0.314485 0.093178 0.34172 0.172548 0.00309044
1 0.301303 0.330549 0.368641 0.624593 0.00285109
1 0.485695 0.0934199 0.698579 0.182436 0.00245581
1 0.34169 0.379234 0.68338 0.748691 0.00224939
1 0.780327 0.523028 0.222357 0.224525 0.00218703
1 0.414321 0.6254 0.56419 0.416143 0.00178298
1 0.314692 0.162669 0.40303 0.287694 0.00174984
1 0.840648 0.343516 0.298405 0.625983 0.00139505
1 0.264611 0.497097 0.400031 0.438847 0.00130389
1 0.5254 0.180264 0.783272 0.35919 0.00114636
