1 0.545633 0.547463 0.876153 0.843622 0.141154
1 0.718411 0.839696 0.509994 0.317848 0.106913
1 0.277535 0.909275 0.338915 0.177181 0.040947
1 0.750765 0.631954 0.383509 0.722381 0.0320478
1 0.807721 0.885139 0.345025 0.229722 0.0296637
1 0.630224 0.910481 0.691553 0.178536 0.028055
1 0.400127 0.847502 0.639771 0.303049 0.0264078
1 0.293428 0.629973 0.379457 0.712966 0.0244405
1 0.790925 0.782488 0.304636 0.426445 0.0224079
1 0.585499 0.736332 0.743267 0.527335 0.0138478
1 0.257777 0.847895 0.223118 0.246666 0.00936328
1 0.855952 0.592224 0.244257 0.734932 0.00766144
1 0.407743 0.931139 0.673203 0.113006 0.00692549
1 0.193438 0.652377 0.258991 0.617848 0.00537257
1 0.808229 0.929729 0.340999 0.100789 0.00435031
1 0.216048 0.939688 0.416613 0.120624 0.00219397
1 0.227687 0.806966 0.455374 0.352913 0.00179869
1 0.796524 0.657125 0.227501 0.578505 0.00128727
1 0.375012 0.413778 0.16766 0.190352 0.00119986
1 0.334158 0.536858 0.247224 0.451019 0.00119918
1 0.599687 0.599344 0.479167 0.77839 0.00109589
