1 0.276936 0.281056 0.446913 0.561342 0.185555
1 0.441783 0.30618 0.859461 0.612058 0.116178
1 0.287218 0.469055 0.574437 0.928588 0.0418422
1 0.631771 0.267917 0.450654 0.531718 0.0343488
1 0.5 0.495937 1 0.984378 0.0136521
1 0.268881 0.409803 0.376543 0.33462 0.0122144
1 0.141731 0.292679 0.202575 0.546779 0.00823417
1 0.786973 0.268853 0.368165 0.520488 0.00729207
1 0.174184 0.324246 0.348369 0.648492 0.0022575
1 0.284903 0.788629 0.519168 0.410498 0.00224813
1 0.226651 0.0945392 0.415708 0.181099 0.00207147
1 0.415054 0.152231 0.719259 0.300239 0.00204158
1 0.303998 0.0578891 0.374981 0.115639 0.00139136
1 0.7347 0.380224 0.5306 0.760447 0.00139031
1 0.0809797 0.330465 0.146567 0.574583 0.00130252
1 0.41854 0.0707728 0.619931 0.141546 0.00125942
1 0.224589 0.46362 0.415556 0.602099 0.00125881
1 0.529407 0.806801 0.625055 0.374252 0.00125454
1 0.595256 0.087908 0.417646 0.174441 0.00101244
