1 0.317151 0.640098 0.310604 0.34484 0.101907
1 0.558858 0.700835 0.581248 0.503581 0.0539641
1 0.556161 0.449663 0.853972 0.847874 0.028201
1 0.401587 0.6588 0.561362 0.448262 0.0121795
1 0.311539 0.442375 0.386781 0.703158 0.010643
1 0.509115 0.556436 0.532017 0.56089 0.00733804
1 0.238461 0.560013 0.281758 0.512522 0.00709508
1 0.664711 0.667128 0.383546 0.336603 0.00524605
1 0.769689 0.643915 0.15588 0.247348 0.00433221
1 0.425616 0.421248 0.361479 0.768128 0.00316946
1 0.728629 0.480403 0.433998 0.713396 0.0030068
1 0.321077 0.796958 0.390668 0.297823 0.00228617
1 0.808642 0.691377 0.282067 0.355758 0.00165113
1 0.770272 0.512892 0.198466 0.564514 0.00149688
1 0.677104 0.153248 0.275397 0.135076 0.00103953
1 0.662938 0.784541 0.422471 0.366919 0.0010339
