1 0.539133 0.380289 0.921734 0.744238 0.0401395
1 0.350277 0.328976 0.515938 0.63878 0.0387753
1 0.260282 0.446893 0.28194 0.503221 0.026947
1 0.361264 0.496791 0.401017 0.339224 0.0260817
1 0.727001 0.362902 0.487496 0.667037 0.0153678
1 0.514253 0.335593 0.404492 0.662944 0.00937338
1 0.839629 0.331752 0.299887 0.590801 0.0061405
1 0.562976 0.0613652 0.548738 0.122704 0.0059024
1 0.653592 0.529333 0.452131 0.412638 0.00558568
1 0.49945 0.50522 0.245951 0.33235 0.00446874
1 0.741007 0.0617628 0.500667 0.123526 0.00403266
1 0.189856 0.367981 0.336715 0.6287 0.0035539
1 0.480013 0.112723 0.419285 0.221627 0.00312677
1 0.359646 0.148481 0.549273 0.290196 0.00289621
1 0.355439 0.517585 0.635106 0.505103 0.00279618
1 0.412365 0.0747605 0.364818 0.148647 0.00239788
1 0.6549 0.183967 0.640342 0.363902 0.00237499
1 0.776678 0.134463 0.442056 0.25496 0.00148811
