1 0.319298 0.60893 0.356851 0.311818 0.0571302
1 0.550727 0.606875 0.508357 0.377403 0.0274308
1 0.468525 0.432763 0.741346 0.838408 0.0223868
1 0.413633 0.598775 0.227129 0.308279 0.0163273
1 0.355047 0.38123 0.382574 0.736718 0.0161626
1 0.209203 0.587377 0.236087 0.369657 0.0119673
1 0.475041 0.502038 0.385013 0.54712 0.00809303
1 0.680584 0.578545 0.267741 0.365677 0.00712723
1 0.352645 0.665875 0.498498 0.485472 0.00531477
1 0.745573 0.574519 0.166824 0.321002 0.00479198
1 0.189433 0.433832 0.283641 0.688429 0.00473646
1 0.31533 0.109593 0.302402 0.198914 0.00450984
1 0.135972 0.591402 0.186103 0.411169 0.00380142
1 0.746424 0.431546 0.201964 0.597493 0.00333112
1 0.580689 0.375631 0.409179 0.746697 0.00251511
1 0.462513 0.121139 0.446152 0.228106 0.00161719
1 0.752561 0.950329 0.285718 0.0981517 0.00146592
1 0.231794 0.0889793 0.463588 0.174996 0.00131411
1 0.793829 0.419884 0.371899 0.783921 0.00119959
