1 0.496225 0.449994 0.863811 0.869233 0.522636
1 0.296424 0.445664 0.442827 0.786605 0.177371
1 0.626014 0.406197 0.472288 0.726477 0.095857
1 0.743211 0.362552 0.317165 0.661715 0.0301491
1 0.246486 0.397953 0.283835 0.604455 0.0138848
1 0.177286 0.46593 0.354571 0.861331 0.012991
1 0.255878 0.620639 0.288222 0.339479 0.00793428
1 0.371344 0.613053 0.549952 0.467288 0.00673449
1 0.638645 0.279211 0.347407 0.525798 0.00291391
1 0.839992 0.379217 0.292669 0.67821 0.00233797
1 0.182213 0.656538 0.243718 0.305439 0.00224262
1 0.264151 0.721008 0.424548 0.443818 0.00176103
1 0.699546 0.222495 0.25586 0.382578 0.00137817
1 0.157071 0.278369 0.313832 0.499088 0.00111
