1 0.446913 0.467718 0.797321 0.857365 0.197375
1 0.567276 0.327304 0.343278 0.519553 0.192166
1 0.284074 0.454587 0.428734 0.795007 0.0551843
1 0.134889 0.654099 0.21266 0.439134 0.0217776
1 0.146905 0.458654 0.257091 0.79474 0.0164371
1 0.103459 0.551163 0.142574 0.68058 0.0158326
1 0.104991 0.710021 0.139012 0.324609 0.0157385
1 0.454685 0.38357 0.523343 0.622342 0.0153086
1 0.656491 0.432304 0.428102 0.742539 0.0133143
1 0.39785 0.684773 0.731526 0.417201 0.0122054
1 0.219737 0.643244 0.388383 0.538952 0.0109854
1 0.538627 0.60226 0.50689 0.464445 0.00805125
1 0.135231 0.76337 0.251161 0.335456 0.00705904
1 0.614922 0.625352 0.360124 0.313638 0.00490689
1 0.220672 0.31047 0.311555 0.470375 0.0043951
1 0.254584 0.79676 0.461845 0.31472 0.00250563
1 0.0921849 0.898648 0.148269 0.0954907 0.00221045
1 0.203134 0.191861 0.276861 0.287925 0.00209131
1 0.0609374 0.69662 0.0975405 0.402292 0.0020726
1 0.575837 0.231453 0.233736 0.329627 0.00154954
1 0.099898 0.481347 0.199796 0.949024 0.00140815
1 0.384503 0.248729 0.439028 0.347966 0.00101609
