1 0.152796 0.646685 0.231165 0.368356 0.0381142
1 0.191155 0.804738 0.346767 0.337533 0.0256672
1 0.276852 0.870879 0.515783 0.258242 0.0177733
1 0.252674 0.539937 0.468195 0.796814 0.0151243
1 0.511877 0.837734 0.671786 0.322505 0.014514
1 0.180669 0.528215 0.275684 0.539123 0.0144578
1 0.260154 0.930275 0.41035 0.111314 0.00880231
1 0.65332 0.668898 0.379601 0.661279 0.00779234
1 0.510255 0.932819 0.642832 0.134362 0.00730743
1 0.737949 0.882648 0.207305 0.230956 0.00702046
1 0.648014 0.866536 0.370735 0.261371 0.00665063
1 0.745655 0.753974 0.255587 0.492052 0.00655734
1 0.424585 0.928714 0.408392 0.0983521 0.00595527
1 0.359234 0.681734 0.648645 0.581772 0.00570414
1 0.658261 0.942264 0.328754 0.108268 0.00427778
1 0.827854 0.694184 0.334237 0.568134 0.00388522
1 0.86183 0.789482 0.238651 0.378954 0.00238259
1 0.767005 0.171033 0.464118 0.330651 0.00203734
1 0.143546 0.936458 0.266947 0.121959 0.00198466
1 0.855427 0.88728 0.251424 0.208967 0.00196242
1 0.765663 0.940842 0.207693 0.114911 0.00167916
1 0.563865 0.931 0.356058 0.0949962 0.00151947
1 0.299288 0.291858 0.296637 0.237145 0.00128452
1 0.280136 0.464797 0.28372 0.561479 0.00126414
1 0.654139 0.760459 0.65091 0.441875 0.00122956
1 0.273625 0.256107 0.460138 0.387093 0.00104417
