1 0.298645 0.553405 0.341584 0.255992 0.105232
1 0.280353 0.590279 0.450532 0.398366 0.0130572
1 0.572763 0.637188 0.664839 0.451307 0.0115792
1 0.496667 0.482972 0.731947 0.533655 0.00892171
1 0.324889 0.419394 0.399002 0.530958 0.00810844
1 0.767162 0.14842 0.286648 0.169848 0.00503649
1 0.650748 0.565141 0.443051 0.319652 0.0046341
1 0.66271 0.837737 0.61725 0.321688 0.00397886
1 0.779986 0.579013 0.215553 0.241951 0.00395644
1 0.317603 0.109928 0.300791 0.165775 0.00327904
1 0.676382 0.908347 0.542428 0.182619 0.00306859
1 0.71634 0.722653 0.478446 0.548858 0.00291855
1 0.424734 0.108492 0.776792 0.200534 0.00268511
1 0.271681 0.0801916 0.47852 0.152107 0.0026373
1 0.760169 0.1109 0.427149 0.175578 0.00249008
1 0.69545 0.948773 0.464434 0.102454 0.00247576
1 0.808395 0.465198 0.245362 0.531078 0.00234035
1 0.670413 0.423026 0.413701 0.59683 0.00212867
1 0.821329 0.87359 0.323218 0.240461 0.00187034
1 0.850745 0.920007 0.256291 0.151117 0.0015118
1 0.418389 0.950228 0.311044 0.098205 0.00146796
1 0.340113 0.819219 0.401839 0.359076 0.00125667
1 0.816556 0.63783 0.251377 0.316705 0.00121034
1 0.290507 0.0716105 0.298429 0.120595 0.00112066
1 0.338623 0.243799 0.331476 0.360886 0.00111263
1 0.304433 0.950224 0.291783 0.099552 0.00108837
1 0.351257 0.919993 0.34933 0.157082 0.00103125
