1 0.510702 0.47063 0.904125 0.870259 0.171882
1 0.307677 0.513856 0.471868 0.632518 0.0469772
1 0.56179 0.817358 0.586789 0.36277 0.0367477
1 0.540351 0.513556 0.569733 0.673242 0.0179172
1 0.168633 0.531769 0.289428 0.569041 0.0117519
1 0.417346 0.703301 0.82461 0.560766 0.00795045
1 0.223038 0.083954 0.431814 0.163004 0.00463293
1 0.163832 0.702935 0.193405 0.207071 0.0044562
1 0.683796 0.72976 0.365628 0.329051 0.00442313
1 0.462368 0.888471 0.706742 0.223058 0.00430908
1 0.244648 0.722113 0.377834 0.31507 0.00321947
1 0.200934 0.393235 0.385435 0.758764 0.00315967
1 0.740604 0.838993 0.471891 0.302744 0.00310562
1 0.271772 0.139933 0.498339 0.256976 0.00247204
1 0.320639 0.475251 0.278638 0.518344 0.00207359
1 0.761798 0.0547395 0.425451 0.108823 0.00187136
1 0.743346 0.10543 0.505891 0.202707 0.00166065
1 0.507492 0.156544 0.890559 0.264773 0.00154518
1 0.130292 0.0633955 0.260584 0.123242 0.00136386
1 0.719959 0.56706 0.47825 0.738802 0.0012952
1 0.836401 0.0823382 0.314366 0.164676 0.00128803
1 0.533298 0.0925063 0.799358 0.168972 0.00126351
1 0.777649 0.738495 0.36508 0.43025 0.00121326
1 0.791198 0.893965 0.323706 0.203534 0.00117725
1 0.667262 0.914164 0.449407 0.170827 0.00115349
1 0.148606 0.781081 0.255437 0.361234 0.00111788
1 0.103641 0.612951 0.196458 0.567556 0.00109205
1 0.280138 0.294477 0.352294 0.525551 0.00102717
1 0.160069 0.247136 0.303448 0.4649 0.00100954
