1 0.50592 0.436227 0.901179 0.765538 0.0441259
1 0.630497 0.475111 0.518241 0.619169 0.0240125
1 0.520065 0.613981 0.773592 0.482144 0.013596
1 0.323633 0.43186 0.453889 0.616651 0.0118805
1 0.195877 0.456396 0.249424 0.503574 0.00853377
1 0.232376 0.596427 0.300061 0.290146 0.00735723
1 0.332414 0.601643 0.499758 0.370492 0.00505703
1 0.20375 0.54995 0.367492 0.477945 0.00294989
1 0.735742 0.580699 0.480848 0.492497 0.0027347
1 0.808322 0.105374 0.382758 0.196425 0.00253119
1 0.726191 0.62107 0.378949 0.304841 0.00181094
1 0.256829 0.358813 0.268663 0.522352 0.00175766
1 0.808448 0.394151 0.363068 0.653859 0.00127938
