1 0.565845 0.446123 0.847222 0.843103 0.229198
1 0.389694 0.419508 0.417008 0.686629 0.0492439
1 0.677885 0.414372 0.435731 0.786299 0.0236156
1 0.804923 0.540674 0.203713 0.363846 0.0185504
1 0.595748 0.60375 0.607378 0.527561 0.0172109
1 0.813829 0.405535 0.283251 0.646502 0.011703
1 0.725702 0.568514 0.343958 0.44249 0.010117
1 0.252731 0.529394 0.236658 0.560877 0.00967984
1 0.715761 0.0734532 0.541486 0.144799 0.00818928
1 0.405357 0.557399 0.648849 0.660186 0.00750842
1 0.6977 0.694299 0.508018 0.46055 0.00400221
1 0.823804 0.637839 0.264761 0.420376 0.00304393
1 0.665018 0.115738 0.369803 0.215219 0.00269032
1 0.194502 0.406319 0.347507 0.767608 0.00220123
1 0.333487 0.569704 0.334725 0.447076 0.00219287
1 0.480075 0.0934324 0.682598 0.182463 0.00172911
1 0.288014 0.677772 0.315067 0.329917 0.00151147
1 0.543659 0.166059 0.549299 0.295056 0.00121247
1 0.732652 0.817828 0.507078 0.301582 0.00118323
