1 0.575046 0.297748 0.818318 0.595497 0.072971
1 0.428265 0.225992 0.502613 0.449516 0.0276975
1 0.751262 0.30766 0.416316 0.604002 0.0259315
1 0.491618 0.120747 0.610631 0.241495 0.00742074
1 0.52857 0.0579237 0.509454 0.115093 0.00638697
1 0.323766 0.247603 0.244651 0.366227 0.00617572
1 0.351143 0.422567 0.702287 0.83862 0.00600205
1 0.715776 0.124915 0.520042 0.24882 0.00437529
1 0.41945 0.0847253 0.454714 0.162494 0.00402259
1 0.734263 0.0664307 0.493031 0.132861 0.00196475
1 0.806312 0.200249 0.362122 0.380032 0.00179275
1 0.237473 0.273503 0.346066 0.482528 0.00117725
