1 0.295503 0.590511 0.555164 0.563185 0.00775947
1 0.274709 0.71839 0.433594 0.358795 0.00529925
1 0.564733 0.536908 0.437188 0.690787 0.00334512
1 0.100929 0.71337 0.153832 0.328445 0.00302805
1 0.197438 0.633555 0.337515 0.434915 0.00285091
1 0.170509 0.725879 0.241917 0.311707 0.00268487
1 0.110799 0.595162 0.191105 0.506682 0.00232269
1 0.266749 0.834083 0.466925 0.29745 0.00206924
1 0.770121 0.595821 0.437675 0.677172 0.00184192
1 0.0919021 0.831982 0.150719 0.227443 0.00151764
1 0.860267 0.65216 0.242638 0.545487 0.00139723
1 0.447333 0.642819 0.476882 0.526505 0.00138168
1 0.821257 0.951648 0.306246 0.0950285 0.00134241
1 0.144176 0.822867 0.258564 0.298813 0.00134023
1 0.50714 0.583434 0.903749 0.679972 0.00128748
