1 0.537497 0.548731 0.873162 0.763219 0.0701189
1 0.817346 0.586761 0.251472 0.489051 0.0191448
1 0.306167 0.689878 0.327866 0.25209 0.0188924
1 0.270332 0.579789 0.430942 0.594355 0.0185104
1 0.440112 0.718959 0.719024 0.4061 0.0181979
1 0.708022 0.595528 0.433619 0.622077 0.0141839
1 0.728481 0.717305 0.360144 0.355998 0.0131153
1 0.798782 0.682688 0.194429 0.27075 0.0116361
1 0.407812 0.541461 0.524441 0.622586 0.00798926
1 0.728785 0.827219 0.473376 0.331741 0.00783444
1 0.476516 0.835692 0.728156 0.299832 0.0057219
1 0.849659 0.768482 0.234373 0.350063 0.00522417
1 0.251563 0.763775 0.378429 0.329793 0.00475865
1 0.250811 0.510122 0.270956 0.524999 0.00451606
1 0.849928 0.877307 0.264842 0.211901 0.00277901
1 0.747012 0.501233 0.267291 0.541611 0.00260578
1 0.786933 0.931859 0.377878 0.0964382 0.00223235
1 0.152134 0.608876 0.234532 0.580132 0.00203755
1 0.36812 0.259088 0.297704 0.300065 0.00175614
1 0.317584 0.306392 0.457113 0.474075 0.00141621
1 0.660336 0.895186 0.503948 0.196622 0.00139855
1 0.226924 0.852972 0.348125 0.242628 0.00138809
1 0.892659 0.938837 0.181483 0.104648 0.00121088
1 0.342793 0.486257 0.277404 0.504979 0.00116353
1 0.66233 0.925337 0.377251 0.102597 0.00113142
1 0.645722 0.323586 0.57206 0.511923 0.00110238
1 0.655306 0.284296 0.169386 0.134987 0.00109799
