1 0.501774 0.408069 0.792817 0.545196 0.00801151
1 0.336089 0.534754 0.389355 0.323365 0.0058232
1 0.318303 0.362316 0.478278 0.611268 0.00574152
1 0.686041 0.130931 0.324293 0.188146 0.00370609
1 0.749769 0.0947838 0.409252 0.163346 0.00284335
1 0.266585 0.46081 0.264034 0.398642 0.00281435
1 0.731969 0.822561 0.486469 0.35082 0.00270124
1 0.246154 0.11223 0.456089 0.211736 0.0024819
1 0.785892 0.898195 0.377741 0.20041 0.00183483
1 0.652545 0.308292 0.404647 0.572869 0.00174413
1 0.557787 0.553357 0.670029 0.391658 0.00161755
1 0.725667 0.947192 0.396762 0.105616 0.00153125
1 0.553865 0.250087 0.800662 0.497753 0.00124418
1 0.838678 0.945781 0.253754 0.107632 0.00104755
