1 0.182362 0.639421 0.266253 0.33877 0.149895
1 0.202233 0.524466 0.342765 0.571891 0.0982192
1 0.530086 0.508849 0.89996 0.782498 0.0640711
1 0.71573 0.531253 0.444049 0.628088 0.0465785
1 0.701698 0.683442 0.346033 0.330356 0.0240852
1 0.263515 0.668229 0.506957 0.500017 0.0177459
1 0.763545 0.687329 0.207461 0.232044 0.007883
1 0.118912 0.588919 0.224067 0.540469 0.00682066
1 0.321276 0.49807 0.547595 0.68829 0.00571141
1 0.187299 0.739979 0.328708 0.407098 0.00348642
1 0.248209 0.33122 0.287161 0.181455 0.00168238
1 0.671681 0.798388 0.521177 0.398405 0.00127161
1 0.817227 0.647518 0.300334 0.4127 0.00123544
1 0.640346 0.439168 0.259284 0.462135 0.00120935
1 0.712116 0.287803 0.437204 0.357796 0.00111379
1 0.635599 0.294444 0.226825 0.160676 0.00106675
