1 0.247867 0.669319 0.448848 0.59553 0.0735266
1 0.295188 0.480442 0.379613 0.607233 0.0541356
1 0.247546 0.583799 0.313691 0.337935 0.044731
1 0.352065 0.566361 0.640038 0.812167 0.00922635
1 0.189896 0.558558 0.309528 0.50824 0.0079078
1 0.516127 0.715105 0.59067 0.557284 0.00578865
1 0.258856 0.836056 0.493366 0.326374 0.00548718
1 0.215274 0.352932 0.372366 0.651035 0.00240376
1 0.653983 0.731139 0.31589 0.513337 0.00222304
1 0.495336 0.437578 0.517494 0.75327 0.00203998
1 0.251646 0.92215 0.467114 0.153141 0.00167394
1 0.438675 0.869522 0.635077 0.257065 0.00163029
1 0.235928 0.131673 0.42484 0.226915 0.00122701
