1 0.595877 0.529145 0.557391 0.431597 0.0490681
1 0.354249 0.424077 0.654041 0.484375 0.00987678
1 0.534309 0.348378 0.485741 0.666555 0.00912493
1 0.291273 0.330382 0.408422 0.612135 0.00876577
1 0.37738 0.466962 0.254097 0.330579 0.00644313
1 0.645859 0.562212 0.447527 0.2609 0.00633117
1 0.243532 0.438156 0.318364 0.373387 0.00600345
1 0.468136 0.48821 0.377752 0.388411 0.00397545
1 0.732387 0.58062 0.278666 0.206321 0.0031991
1 0.147011 0.448645 0.204779 0.355664 0.00208074
1 0.622818 0.805583 0.637701 0.382532 0.00153889
1 0.794564 0.606373 0.292156 0.302141 0.00135138
1 0.160445 0.337981 0.28977 0.56486 0.00109972
1 0.228845 0.130985 0.437276 0.245732 0.00101619
