1 0.730378 0.562555 0.352967 0.842096 0.015449
1 0.298774 0.427105 0.436915 0.769197 0.015019
1 0.668534 0.881267 0.356437 0.201945 0.0145224
1 0.582176 0.847504 0.552285 0.287737 0.0105827
1 0.459459 0.517704 0.84326 0.892465 0.0099221
1 0.197929 0.550882 0.289171 0.408604 0.00896107
1 0.726485 0.921393 0.267561 0.15525 0.00810155
1 0.778421 0.868987 0.223423 0.259978 0.00610513
1 0.29976 0.567891 0.372187 0.421801 0.00593308
1 0.640135 0.93838 0.405464 0.119781 0.00590482
1 0.129617 0.497564 0.20875 0.455673 0.00399149
1 0.656391 0.749784 0.427951 0.487716 0.00333821
1 0.801313 0.724263 0.20675 0.54817 0.00319943
1 0.392688 0.553499 0.430759 0.583716 0.00213728
1 0.166434 0.391077 0.29877 0.565406 0.00177873
1 0.566755 0.540806 0.424703 0.795817 0.00175622
1 0.500915 0.920722 0.66898 0.158557 0.00148388
1 0.823269 0.520427 0.279501 0.695869 0.00134017
1 0.0745879 0.517172 0.138424 0.50876 0.00133227
1 0.787949 0.416314 0.175727 0.357731 0.00114305
1 0.807452 0.946174 0.293832 0.106955 0.001034
