1 0.187712 0.390215 0.330235 0.544307 0.153248
1 0.356578 0.380596 0.702512 0.629801 0.085997
1 0.623383 0.442972 0.504865 0.563904 0.0249871
1 0.740388 0.551555 0.18227 0.246602 0.0162154
1 0.729424 0.464244 0.241198 0.436023 0.0119348
1 0.118202 0.462011 0.225828 0.509538 0.00992446
1 0.443344 0.548845 0.85078 0.580091 0.00745449
1 0.790542 0.419412 0.26064 0.567046 0.00633421
1 0.258158 0.653752 0.496521 0.577031 0.00575712
1 0.670583 0.569235 0.327803 0.342706 0.00485167
1 0.264217 0.065724 0.528435 0.12944 0.0046713
1 0.272967 0.47532 0.41213 0.469792 0.00357462
1 0.524728 0.0700291 0.822571 0.138861 0.00313078
1 0.205392 0.238722 0.390974 0.419839 0.00220562
1 0.691068 0.314536 0.400988 0.571447 0.00190881
1 0.308057 0.796177 0.612154 0.404082 0.00182719
1 0.695452 0.100552 0.586914 0.195184 0.00152345
1 0.654847 0.0896373 0.322326 0.152251 0.00149869
1 0.243335 0.133322 0.465894 0.256019 0.00140462
1 0.547084 0.253199 0.796925 0.505246 0.00130668
1 0.756188 0.0618747 0.472568 0.121157 0.00129935
1 0.780234 0.612532 0.306785 0.435588 0.00114707
1 0.437949 0.869571 0.814926 0.259908 0.00111401
1 0.690338 0.700344 0.39436 0.545022 0.00104714
