1 0.444181 0.423751 0.430288 0.788098 0.255684
1 0.369748 0.635511 0.298239 0.351404 0.173535
1 0.535382 0.655241 0.591644 0.459794 0.0459672
1 0.341231 0.692292 0.415105 0.527247 0.036165
1 0.543382 0.467749 0.83969 0.916515 0.0277531
1 0.40089 0.186547 0.241024 0.243542 0.0106589
1 0.654359 0.390194 0.31582 0.684617 0.010438
1 0.682989 0.576342 0.268332 0.339679 0.00546581
1 0.729476 0.40207 0.21004 0.509773 0.00511187
1 0.294328 0.46815 0.527246 0.894361 0.00479781
1 0.325914 0.493197 0.323474 0.691628 0.00458063
1 0.669629 0.101524 0.256068 0.169413 0.00425372
1 0.799011 0.393005 0.322565 0.618188 0.00421015
1 0.492479 0.150433 0.557137 0.277579 0.00351064
1 0.72081 0.493664 0.177467 0.295823 0.00237502
1 0.668794 0.180285 0.222132 0.265398 0.00214222
1 0.437747 0.30703 0.314834 0.535575 0.00196214
1 0.339037 0.113741 0.33172 0.176781 0.00155265
