1 0.340318 0.593924 0.29247 0.303892 0.03958
1 0.307852 0.423511 0.400667 0.696424 0.0332572
1 0.437676 0.383532 0.370126 0.711342 0.0124567
1 0.258396 0.509849 0.231725 0.469958 0.0113564
1 0.179044 0.428424 0.300197 0.678468 0.00760861
1 0.357268 0.565748 0.403848 0.479769 0.00661541
1 0.583445 0.396763 0.48818 0.730705 0.00444357
1 0.761623 0.418799 0.186536 0.432254 0.00353861
1 0.516887 0.558954 0.481625 0.435828 0.0026739
1 0.32312 0.688623 0.362684 0.412515 0.00157966
1 0.304308 0.0967001 0.32492 0.17967 0.00151605
1 0.69263 0.399404 0.304929 0.577536 0.00137335
1 0.6388 0.51598 0.400865 0.40187 0.00127404
1 0.464184 0.0933692 0.655352 0.170359 0.00106381
