1 0.292964 0.611306 0.480626 0.760787 0.0362057
1 0.189152 0.784507 0.245193 0.382418 0.0342804
1 0.229535 0.670347 0.293635 0.604333 0.0213316
1 0.248253 0.851546 0.356614 0.272743 0.0191432
1 0.142397 0.662954 0.199268 0.660662 0.0127617
1 0.220374 0.921172 0.297897 0.110745 0.00706862
1 0.831141 0.723381 0.164789 0.553238 0.0064809
1 0.122785 0.814922 0.154729 0.335136 0.0055769
1 0.48234 0.602244 0.489811 0.774496 0.00482093
1 0.426951 0.765838 0.774673 0.429712 0.00352961
1 0.90678 0.777671 0.0616183 0.433202 0.00224081
1 0.285437 0.930501 0.481908 0.138078 0.00210317
1 0.91483 0.676645 0.0895252 0.644129 0.0018699
1 0.762884 0.84261 0.299057 0.306164 0.0018497
1 0.816007 0.936306 0.172125 0.120501 0.00166764
1 0.956302 0.666175 0.0747495 0.664874 0.00159948
1 0.625369 0.807348 0.582692 0.382535 0.00151525
1 0.114163 0.943447 0.1472 0.108937 0.00126436
1 0.680971 0.62856 0.562848 0.705541 0.00106503
