1 0.421897 0.390937 0.693108 0.658832 0.233627
1 0.469671 0.338816 0.447829 0.505719 0.0629475
1 0.431037 0.706673 0.769254 0.572773 0.0498656
1 0.190164 0.515287 0.254052 0.220381 0.0441423
1 0.584155 0.50037 0.480548 0.761104 0.0222252
1 0.215311 0.349341 0.360947 0.670268 0.0207256
1 0.624933 0.708713 0.374747 0.499614 0.0192748
1 0.575477 0.353843 0.309026 0.440577 0.0134186
1 0.184491 0.554037 0.335421 0.386136 0.0129878
1 0.621838 0.506849 0.301693 0.371806 0.00775095
1 0.485535 0.581414 0.537561 0.386443 0.00720927
1 0.300798 0.481548 0.601596 0.386983 0.00712465
1 0.185628 0.193605 0.313315 0.372867 0.00659726
1 0.540507 0.219548 0.274385 0.222629 0.00637832
1 0.540517 0.169051 0.386664 0.231182 0.00480016
1 0.408291 0.180178 0.66458 0.321191 0.00333854
1 0.199566 0.0760841 0.337434 0.14862 0.00319825
1 0.265059 0.63255 0.484929 0.469303 0.00319386
1 0.306426 0.105062 0.552695 0.201746 0.00314326
1 0.563357 0.166793 0.262997 0.151072 0.00274981
1 0.134168 0.366572 0.268336 0.720589 0.00244962
1 0.109834 0.425285 0.211005 0.541753 0.00241782
1 0.733772 0.439926 0.458037 0.820198 0.00234482
1 0.536343 0.0999498 0.502127 0.155442 0.00229261
1 0.693482 0.610447 0.356253 0.526243 0.00164943
1 0.734525 0.747166 0.34626 0.488305 0.00143099
1 0.606537 0.218576 0.46753 0.354065 0.00106058
