1 0.474803 0.487596 0.949607 0.855273 0.0644186
1 0.466284 0.655565 0.484029 0.472718 0.034495
1 0.592163 0.586554 0.637186 0.609667 0.0256622
1 0.156747 0.644529 0.218027 0.388026 0.0168239
1 0.307476 0.604575 0.456716 0.504067 0.015417
1 0.825422 0.563377 0.271918 0.568916 0.0121654
1 0.818488 0.659458 0.18961 0.363061 0.00730428
1 0.209525 0.533153 0.329649 0.584293 0.00547716
1 0.770447 0.102303 0.437208 0.192888 0.00340881
1 0.734129 0.730745 0.455459 0.42174 0.00321639
1 0.211745 0.689806 0.361059 0.405583 0.00234252
1 0.817667 0.830817 0.335503 0.268939 0.00229846
1 0.165891 0.816198 0.291355 0.278331 0.00191167
1 0.257654 0.789041 0.454257 0.35067 0.00190788
1 0.879833 0.654021 0.222849 0.4745 0.0017409
1 0.773754 0.437859 0.407842 0.703522 0.0016093
1 0.529566 0.761406 0.632588 0.417217 0.00158443
1 0.71093 0.152843 0.518683 0.220712 0.00116231
1 0.106637 0.591894 0.201323 0.595297 0.00107308
