1 0.30953 0.351383 0.461109 0.696085 0.0586066
1 0.530532 0.426999 0.918905 0.846574 0.0531542
1 0.607783 0.644006 0.567764 0.52188 0.0385502
1 0.277625 0.533306 0.323895 0.315915 0.0275193
1 0.650896 0.411398 0.467958 0.788604 0.0120797
1 0.201746 0.444776 0.262797 0.490436 0.00752928
1 0.305856 0.54945 0.514083 0.458848 0.00673609
1 0.248132 0.0742545 0.424 0.146914 0.00394205
1 0.410482 0.204678 0.695486 0.409355 0.00384025
1 0.754996 0.0559606 0.464719 0.111921 0.00269304
1 0.844368 0.47768 0.278672 0.668042 0.00214581
1 0.504342 0.116816 0.901451 0.232632 0.00186867
1 0.738047 0.639932 0.306592 0.369147 0.00183022
1 0.153919 0.522763 0.199276 0.320565 0.00112699
1 0.615403 0.0833752 0.560568 0.158391 0.00105574
