1 0.462153 0.441095 0.914223 0.875818 0.222754
1 0.502293 0.145145 0.659915 0.29029 0.0315891
1 0.709393 0.428248 0.515647 0.848928 0.0235785
1 0.367549 0.176428 0.357601 0.343053 0.0235427
1 0.603153 0.0939235 0.591285 0.186254 0.0230312
1 0.263616 0.126027 0.464536 0.250415 0.017335
1 0.748947 0.117102 0.428132 0.233286 0.0155391
1 0.535112 0.627037 0.616749 0.426587 0.0130931
1 0.269436 0.238597 0.520554 0.471875 0.0130764
1 0.341391 0.0963742 0.302249 0.185262 0.0100633
1 0.715303 0.0666606 0.41399 0.131978 0.00951156
1 0.306822 0.432748 0.411575 0.805922 0.00830367
1 0.396521 0.0860539 0.702483 0.170157 0.00753834
1 0.550054 0.277439 0.674436 0.554721 0.00746957
1 0.348904 0.699972 0.426533 0.329223 0.00492109
1 0.696632 0.202209 0.505436 0.391544 0.00407675
1 0.23293 0.724817 0.173798 0.211235 0.00314966
1 0.72894 0.663403 0.285289 0.3552 0.00249898
1 0.772947 0.694723 0.188547 0.257359 0.00233115
1 0.333739 0.580428 0.371084 0.439375 0.00108415
