1 0.333554 0.505587 0.325151 0.45591 0.0517814
1 0.709234 0.678123 0.378691 0.365864 0.0249302
1 0.436315 0.452385 0.560279 0.700116 0.0155051
1 0.574141 0.624598 0.673415 0.490589 0.00697255
1 0.711325 0.449275 0.544963 0.860084 0.00645387
1 0.282396 0.419897 0.409149 0.694192 0.00615012
1 0.843007 0.576155 0.202363 0.510618 0.00535035
1 0.342576 0.621147 0.427015 0.411957 0.00519159
1 0.311624 0.423667 0.227736 0.389716 0.00509461
1 0.573528 0.676034 0.36735 0.392764 0.00482008
1 0.875788 0.484088 0.217612 0.959367 0.00446017
1 0.81985 0.691718 0.212339 0.281475 0.00192556
1 0.801205 0.446572 0.246972 0.673926 0.00172643
1 0.862973 0.0851595 0.261864 0.15951 0.00155868
1 0.335404 0.277997 0.329541 0.473986 0.00132104
1 0.892931 0.633677 0.161285 0.533495 0.00125943
