1 0.548232 0.439835 0.900385 0.869694 0.104258
1 0.727196 0.355614 0.533642 0.711227 0.0219553
1 0.683561 0.131836 0.30351 0.238722 0.0164322
1 0.317176 0.443962 0.367441 0.657407 0.0134819
1 0.581209 0.688259 0.702431 0.543402 0.0108027
1 0.741919 0.183194 0.485958 0.354734 0.0086221
1 0.306409 0.665657 0.341998 0.302672 0.00851427
1 0.200539 0.468739 0.255392 0.60862 0.0071248
1 0.749056 0.0813778 0.42365 0.156311 0.00592095
1 0.609659 0.22249 0.521983 0.443794 0.00445782
1 0.247773 0.657541 0.205072 0.241875 0.00284075
1 0.213528 0.698935 0.235595 0.376147 0.00158499
1 0.824052 0.743586 0.294922 0.421304 0.00134699
1 0.458217 0.407342 0.459127 0.748919 0.0013212
1 0.848559 0.316914 0.298724 0.607276 0.00115543
1 0.362314 0.700581 0.541214 0.475805 0.00111925
1 0.633727 0.816147 0.692164 0.356779 0.00111137
1 0.674465 0.638448 0.414439 0.38941 0.0010195
