1 0.268905 0.602941 0.313814 0.463004 0.144496
1 0.275416 0.48914 0.41257 0.748747 0.0633281
1 0.541342 0.487821 0.889386 0.964663 0.0428466
1 0.813454 0.671277 0.215541 0.500526 0.0140764
1 0.19357 0.67984 0.234821 0.313669 0.0138091
1 0.609942 0.621661 0.608972 0.679174 0.00772587
1 0.789015 0.471428 0.403888 0.932895 0.00506891
1 0.134481 0.700358 0.16034 0.35321 0.00460249
1 0.16454 0.592786 0.255131 0.565643 0.00458225
1 0.282201 0.723661 0.470282 0.548556 0.00383376
1 0.850437 0.58826 0.253964 0.757999 0.00323021
1 0.791235 0.0694235 0.380346 0.134491 0.00321184
1 0.383496 0.446997 0.319432 0.743705 0.00303625
1 0.792435 0.911941 0.254413 0.16663 0.00284408
1 0.731216 0.947959 0.329648 0.104082 0.00253884
1 0.743908 0.881659 0.488322 0.236682 0.0022804
1 0.830108 0.857054 0.175712 0.24663 0.00223668
1 0.767431 0.497112 0.242906 0.620138 0.0021529
1 0.689311 0.753065 0.582798 0.453334 0.0021095
1 0.663968 0.922169 0.468276 0.151253 0.00209849
1 0.892355 0.939908 0.172187 0.104437 0.00163316
1 0.203805 0.789947 0.289919 0.335237 0.00123271
1 0.174936 0.459293 0.349872 0.908023 0.00119911
1 0.86086 0.747396 0.169269 0.439261 0.00114881
1 0.103432 0.893814 0.140428 0.192599 0.00105356
1 0.542809 0.880702 0.720119 0.238058 0.00104123
1 0.785197 0.136499 0.412972 0.26012 0.00101843
