1 0.282348 0.461795 0.289826 0.33041 0.147841
1 0.544016 0.44909 0.877519 0.546333 0.144713
1 0.297822 0.43073 0.467148 0.480357 0.0383889
1 0.744253 0.465051 0.440062 0.38061 0.0304152
1 0.876776 0.852541 0.240568 0.287918 0.00695444
1 0.762877 0.859842 0.468887 0.25897 0.00535013
1 0.707693 0.590245 0.556242 0.674362 0.00466843
1 0.790303 0.941476 0.410632 0.116754 0.00463045
1 0.39591 0.529091 0.529279 0.403903 0.00306382
1 0.190166 0.479914 0.286048 0.359455 0.00248698
1 0.589016 0.847085 0.821968 0.30312 0.00230103
1 0.788356 0.359225 0.383734 0.388558 0.00206016
1 0.677537 0.924905 0.633246 0.150189 0.00167772
1 0.209297 0.925483 0.256865 0.133633 0.00141095
1 0.20123 0.363526 0.396737 0.662965 0.00115082
