1 0.236253 0.435653 0.451618 0.712329 0.0795139
1 0.497012 0.481543 0.960445 0.931839 0.0596553
1 0.697002 0.492974 0.49099 0.830323 0.0198612
1 0.128042 0.456636 0.234845 0.649996 0.00755056
1 0.694727 0.831454 0.524107 0.311212 0.00429865
1 0.827433 0.523163 0.275734 0.738337 0.00417973
1 0.227856 0.262447 0.386896 0.480882 0.00192353
1 0.747662 0.929553 0.446533 0.0943714 0.00149751
1 0.825919 0.731085 0.2052 0.306802 0.00138229
1 0.600774 0.797336 0.300776 0.268596 0.00119998
1 0.634506 0.68235 0.601981 0.554873 0.00110181
