1 0.327411 0.550583 0.288995 0.592078 0.00715132
1 0.407211 0.726992 0.483386 0.414079 0.00545055
1 0.306372 0.722217 0.239156 0.324348 0.00440762
1 0.2599 0.479776 0.254295 0.763749 0.00258748
1 0.765456 0.0675079 0.414996 0.129719 0.00257591
1 0.480309 0.565283 0.652271 0.68482 0.00248695
1 0.199197 0.605654 0.326322 0.628887 0.00195064
1 0.850221 0.54968 0.252417 0.665596 0.00162563
1 0.266135 0.803138 0.214746 0.268574 0.00149267
1 0.708371 0.101002 0.550603 0.196129 0.00125262
1 0.280265 0.686307 0.358018 0.508858 0.00110399
1 0.368467 0.839267 0.39195 0.308111 0.00105412
