1 0.587857 0.386471 0.821417 0.762043 0.192376
1 0.459671 0.361506 0.441095 0.683914 0.0271461
1 0.64976 0.396234 0.505114 0.552574 0.0223176
1 0.811252 0.375278 0.346788 0.564578 0.0143065
1 0.285407 0.365188 0.512476 0.707034 0.0108768
1 0.753044 0.472653 0.26476 0.322301 0.0102847
1 0.344084 0.389313 0.278023 0.649786 0.0069056
1 0.348934 0.563652 0.196014 0.248002 0.00501381
1 0.814406 0.53686 0.29419 0.405537 0.00300251
1 0.764501 0.0606345 0.43616 0.121269 0.00248085
1 0.382016 0.573451 0.302842 0.368026 0.00213881
1 0.815814 0.705058 0.338924 0.511167 0.00173028
1 0.848427 0.825152 0.291358 0.348173 0.00167797
1 0.581506 0.625974 0.750338 0.566698 0.00146257
1 0.764993 0.119798 0.447119 0.225334 0.00134987
1 0.623896 0.0877568 0.558022 0.167577 0.00134766
1 0.690802 0.567577 0.477986 0.383926 0.001323
1 0.578227 0.816958 0.832627 0.366084 0.00120589
1 0.344269 0.0593899 0.302936 0.116064 0.0011288
