1 0.548269 0.515835 0.829311 0.873539 0.0909689
1 0.320259 0.542919 0.305259 0.354751 0.0718514
1 0.316308 0.393437 0.331317 0.64274 0.0443419
1 0.735709 0.623888 0.467962 0.752224 0.0166448
1 0.212497 0.448577 0.317187 0.647199 0.0128885
1 0.724987 0.398135 0.385076 0.560709 0.00384013
1 0.767701 0.466335 0.267743 0.311244 0.00365336
1 0.807956 0.522981 0.253189 0.524717 0.00242996
1 0.438655 0.582697 0.540718 0.423464 0.00238924
1 0.273546 0.580553 0.403069 0.665376 0.00230117
1 0.336132 0.199318 0.333878 0.232393 0.00145029
1 0.599782 0.740704 0.696845 0.518592 0.00141644
1 0.750124 0.826266 0.482227 0.347468 0.00124853
1 0.784203 0.117811 0.420872 0.192101 0.00119152
1 0.843102 0.674595 0.294935 0.64675 0.00113968
