1 0.522812 0.41566 0.896195 0.79775 0.335156
1 0.531983 0.616385 0.816603 0.499774 0.121458
1 0.249633 0.597085 0.284084 0.241396 0.0927601
1 0.290656 0.622658 0.432871 0.374995 0.0465846
1 0.59239 0.592546 0.54951 0.367111 0.0270865
1 0.30723 0.381186 0.528114 0.751553 0.0196962
1 0.668707 0.385634 0.447674 0.724256 0.0156928
1 0.739364 0.559534 0.282206 0.331091 0.0152271
1 0.781703 0.423751 0.334163 0.638082 0.00715376
1 0.239815 0.438637 0.342477 0.553865 0.00705919
1 0.379643 0.110742 0.759286 0.217459 0.00563425
1 0.648454 0.133095 0.647684 0.26452 0.00327115
1 0.235486 0.0905229 0.470973 0.178152 0.00258147
1 0.288209 0.127925 0.325744 0.211078 0.00231155
1 0.170018 0.622219 0.269638 0.348675 0.00226261
1 0.753604 0.569084 0.477127 0.590123 0.0018331
1 0.530077 0.0748071 0.834981 0.149614 0.00175755
1 0.823147 0.617671 0.259475 0.369247 0.00148781
