1 0.518372 0.413147 0.883542 0.803411 0.199857
1 0.598429 0.6183 0.5068 0.379199 0.0854975
1 0.297753 0.582043 0.301839 0.283297 0.0692767
1 0.67542 0.399955 0.454682 0.747265 0.0588519
1 0.420832 0.612679 0.579096 0.371317 0.0512103
1 0.696949 0.531706 0.369201 0.446999 0.0223127
1 0.319186 0.396349 0.39103 0.663936 0.0205968
1 0.748972 0.0881573 0.495481 0.171037 0.0178487
1 0.253459 0.511249 0.309429 0.455033 0.013427
1 0.250788 0.0780993 0.479025 0.156199 0.010062
1 0.733006 0.575476 0.259279 0.218771 0.00863212
1 0.274668 0.591993 0.461167 0.445027 0.00845715
1 0.342401 0.114506 0.511537 0.221463 0.00728925
1 0.825711 0.427937 0.283325 0.560524 0.00601779
1 0.575047 0.0970716 0.576826 0.187148 0.00493157
1 0.790521 0.517663 0.219446 0.353358 0.00460336
1 0.546674 0.166187 0.772774 0.323302 0.00233159
1 0.283044 0.43705 0.566088 0.842623 0.00230759
1 0.78876 0.602629 0.315208 0.345918 0.002203
1 0.676705 0.150837 0.351982 0.27571 0.00156165
1 0.870972 0.0887449 0.253927 0.164283 0.00136017
1 0.755473 0.23792 0.47464 0.447271 0.00121802
1 0.290399 0.174332 0.366666 0.2606 0.00113918
