1 0.522482 0.419077 0.913172 0.828834 0.300258
1 0.685673 0.344058 0.365154 0.581044 0.179755
1 0.513318 0.696567 0.902535 0.597847 0.0184798
1 0.418722 0.364231 0.514716 0.667427 0.01699
1 0.738111 0.486636 0.509123 0.841299 0.00684119
1 0.260794 0.362365 0.386435 0.683014 0.00577684
1 0.308906 0.592425 0.375656 0.459684 0.00352993
1 0.648973 0.800476 0.621526 0.394718 0.0023833
1 0.301747 0.553623 0.244326 0.253417 0.00205993
1 0.834256 0.39533 0.315084 0.536535 0.00113193
1 0.324196 0.235915 0.34813 0.423977 0.00110143
1 0.728084 0.624765 0.364598 0.487762 0.00109533
