1 0.734483 0.491403 0.509892 0.980156 0.167672
1 0.434278 0.480991 0.293412 0.670117 0.0276576
1 0.861341 0.505463 0.266709 0.967928 0.0263597
1 0.566783 0.483725 0.636751 0.746221 0.0231174
1 0.306716 0.450822 0.557139 0.842766 0.0168286
1 0.422369 0.622609 0.254418 0.374868 0.0156898
1 0.812949 0.82566 0.373882 0.348679 0.0117211
1 0.638326 0.75164 0.723349 0.496719 0.00805588
1 0.880685 0.738283 0.238629 0.523191 0.00699602
1 0.795716 0.921282 0.398583 0.15727 0.00658582
1 0.893402 0.855581 0.213195 0.283399 0.00501293
1 0.298337 0.586643 0.340369 0.458702 0.00299375
1 0.235041 0.478211 0.438808 0.531111 0.00282783
1 0.402625 0.68052 0.379113 0.526304 0.00272386
1 0.165947 0.365166 0.328035 0.544208 0.0023716
1 0.838254 0.275757 0.31895 0.535741 0.00196305
1 0.142571 0.456048 0.261961 0.217782 0.0013725
1 0.912883 0.621947 0.160542 0.662229 0.00129315
