1 0.542996 0.393917 0.802385 0.782299 0.205157
1 0.337912 0.380154 0.36469 0.739619 0.134203
1 0.285297 0.128407 0.40274 0.255775 0.0414435
1 0.695213 0.339488 0.386546 0.673246 0.0363679
1 0.789751 0.104732 0.420499 0.203274 0.034021
1 0.282309 0.541123 0.24111 0.29275 0.0225017
1 0.69565 0.484384 0.299853 0.413795 0.0198041
1 0.598546 0.453206 0.480394 0.569703 0.0159933
1 0.562824 0.683001 0.750031 0.623863 0.0139991
1 0.734806 0.496822 0.527077 0.931577 0.0103863
1 0.299665 0.531523 0.340455 0.433721 0.00962743
1 0.58315 0.15268 0.809357 0.302999 0.00840011
1 0.765419 0.186996 0.457594 0.360567 0.00671322
1 0.208451 0.417175 0.416902 0.809906 0.00395116
1 0.414918 0.565956 0.699955 0.731948 0.00356207
1 0.239332 0.215953 0.436202 0.416284 0.0035418
1 0.389177 0.206015 0.499479 0.410211 0.00323273
1 0.738513 0.643298 0.399019 0.608463 0.00297028
1 0.338623 0.0881719 0.302022 0.169076 0.00236688
1 0.800979 0.452475 0.352819 0.687745 0.00233989
1 0.356923 0.635534 0.459542 0.53787 0.0021025
1 0.514086 0.0932721 0.631118 0.181506 0.00199335
1 0.536762 0.856527 0.926475 0.285731 0.00140119
1 0.3419 0.790402 0.555061 0.41417 0.00128981
1 0.726489 0.797409 0.517751 0.399067 0.00123135
1 0.812127 0.631512 0.278446 0.349655 0.00118822
1 0.23511 0.0729926 0.450708 0.143127 0.00116518
1 0.849209 0.716652 0.225873 0.348286 0.00109233
