1 0.542408 0.463869 0.890328 0.851793 0.166499
1 0.319379 0.658189 0.376077 0.378351 0.135293
1 0.412826 0.652128 0.637552 0.506237 0.0731446
1 0.341183 0.444978 0.472516 0.757764 0.0453304
1 0.22181 0.628047 0.278536 0.486021 0.0436444
1 0.697396 0.467403 0.431762 0.788422 0.0214278
1 0.605121 0.642398 0.506165 0.42836 0.0198257
1 0.702211 0.139145 0.268521 0.18603 0.0152274
1 0.784622 0.647085 0.194679 0.401954 0.0126495
1 0.67025 0.0988398 0.487315 0.180194 0.0108419
1 0.815707 0.565018 0.28953 0.610203 0.010006
1 0.528016 0.410421 0.48576 0.810465 0.00925501
1 0.412495 0.599559 0.341631 0.43888 0.00643602
1 0.23854 0.557197 0.452451 0.713973 0.00537854
1 0.284244 0.106556 0.541041 0.202279 0.00454626
1 0.542403 0.127839 0.687173 0.242161 0.00395497
1 0.752242 0.480598 0.229404 0.688255 0.00377055
1 0.729948 0.0756169 0.302017 0.132184 0.00307899
1 0.150571 0.551267 0.242656 0.662896 0.00304974
1 0.639842 0.159368 0.368551 0.268074 0.00204852
1 0.511883 0.0687303 0.662744 0.136887 0.00175922
1 0.291678 0.211077 0.491041 0.360392 0.00165329
1 0.7721 0.161426 0.437622 0.294921 0.00110593
1 0.72399 0.246178 0.271025 0.365228 0.00109259
1 0.873636 0.448168 0.244986 0.863903 0.00102887
