1 0.474004 0.405505 0.872126 0.799849 0.227731
1 0.280136 0.340164 0.483337 0.680329 0.108635
1 0.707949 0.362966 0.435039 0.687711 0.0652214
1 0.296522 0.27319 0.318567 0.464517 0.00770331
1 0.470976 0.667541 0.858327 0.649265 0.00739679
1 0.714239 0.571083 0.303765 0.270473 0.00546402
1 0.763835 0.201479 0.398069 0.367802 0.00474397
1 0.242312 0.17935 0.433686 0.351739 0.00462762
1 0.690849 0.587807 0.414814 0.459223 0.00435985
1 0.224588 0.0794631 0.449177 0.157386 0.00267984
1 0.258226 0.518532 0.305991 0.329927 0.00244912
1 0.767728 0.642663 0.285641 0.328453 0.00242525
1 0.310609 0.629988 0.46741 0.473843 0.00211062
1 0.361571 0.121733 0.65339 0.232181 0.00186944
1 0.514298 0.362138 0.484462 0.676317 0.00115047
1 0.608111 0.809351 0.62461 0.379205 0.00102776
