1 0.6384 0.509347 0.347594 0.513144 0.016238
1 0.458892 0.507287 0.644804 0.527827 0.0136003
1 0.634099 0.501541 0.241464 0.362996 0.013518
1 0.70008 0.859234 0.249491 0.274372 0.00382274
1 0.323034 0.62511 0.592208 0.694134 0.0036771
1 0.145072 0.700565 0.254016 0.548674 0.00338903
1 0.228794 0.836207 0.371138 0.319539 0.00261483
1 0.0932155 0.925596 0.145956 0.138601 0.00244225
1 0.169247 0.488663 0.267085 0.554476 0.00243021
1 0.16017 0.610869 0.187795 0.302424 0.00238367
1 0.669993 0.636759 0.27031 0.371244 0.00226595
1 0.160265 0.921495 0.268526 0.147884 0.00222071
1 0.756418 0.378742 0.41334 0.654344 0.00210903
1 0.200385 0.0846405 0.380739 0.162128 0.00204074
1 0.23042 0.948211 0.331034 0.100234 0.00182787
1 0.68181 0.941253 0.257975 0.116231 0.0017495
1 0.810997 0.917501 0.266754 0.154419 0.00158792
1 0.594243 0.882381 0.429851 0.23092 0.00156442
1 0.56783 0.381591 0.353543 0.612492 0.00145653
1 0.264506 0.449253 0.33048 0.552555 0.00132059
1 0.217497 0.628745 0.352829 0.525654 0.00126414
1 0.549161 0.6556 0.50669 0.668969 0.00107459
1 0.833658 0.491116 0.316249 0.463093 0.00104258
