1 0.539248 0.514442 0.866722 0.816015 0.0999506
1 0.540962 0.740202 0.699546 0.375589 0.053607
1 0.767399 0.700792 0.22394 0.229001 0.0231405
1 0.663785 0.711987 0.425991 0.296267 0.0225722
1 0.275865 0.517391 0.390351 0.721912 0.0156812
1 0.407504 0.240846 0.304797 0.297999 0.015165
1 0.755909 0.51473 0.31494 0.650783 0.0151071
1 0.374806 0.254793 0.207059 0.218123 0.0143162
1 0.330959 0.742484 0.37125 0.274915 0.0084425
1 0.618177 0.483222 0.485456 0.715398 0.0045972
1 0.799743 0.666226 0.296466 0.392676 0.00435144
1 0.230859 0.754267 0.169174 0.219403 0.00396119
1 0.288969 0.246183 0.442046 0.399095 0.0039492
1 0.48078 0.221584 0.562052 0.345575 0.00382608
1 0.341139 0.380364 0.300758 0.427811 0.00352014
1 0.400962 0.621831 0.629284 0.57151 0.00320014
1 0.254588 0.799036 0.280407 0.245999 0.00301839
1 0.857823 0.76342 0.216284 0.334052 0.00287999
1 0.595267 0.26817 0.312751 0.239829 0.00287381
1 0.771211 0.854238 0.426169 0.272354 0.00283668
1 0.326436 0.850055 0.464793 0.252245 0.00265982
1 0.8534 0.883018 0.257913 0.194494 0.00226967
1 0.185683 0.59512 0.277913 0.656741 0.00204225
1 0.867232 0.446705 0.22719 0.893409 0.00193572
1 0.19748 0.732742 0.227217 0.368482 0.00167192
1 0.667171 0.284314 0.180731 0.192111 0.00162307
1 0.71057 0.343874 0.226867 0.300191 0.00143178
1 0.800926 0.930583 0.349984 0.0892884 0.00124384
1 0.251995 0.92878 0.33122 0.106246 0.00104354
