1 0.555264 0.513764 0.889472 0.846326 0.114736
1 0.521863 0.755837 0.837684 0.488327 0.090598
1 0.290012 0.622571 0.237514 0.242431 0.0514101
1 0.430183 0.418409 0.530866 0.808066 0.0446356
1 0.356571 0.687474 0.415298 0.389976 0.0304305
1 0.32646 0.509108 0.379819 0.577039 0.0277269
1 0.270323 0.525092 0.217679 0.422081 0.0196491
1 0.257495 0.628405 0.304985 0.380893 0.00935581
1 0.831027 0.520973 0.256692 0.559261 0.00787639
1 0.684438 0.458439 0.4318 0.762946 0.0069752
1 0.784383 0.568802 0.414296 0.720538 0.00591457
1 0.35771 0.289299 0.380724 0.574224 0.00504742
1 0.269917 0.386515 0.272335 0.635211 0.00497476
1 0.776035 0.703298 0.287413 0.27601 0.00491466
1 0.687191 0.703811 0.448527 0.343333 0.00423811
1 0.298208 0.102098 0.402495 0.201054 0.00398844
1 0.745471 0.614706 0.325919 0.427865 0.00280948
1 0.37698 0.157044 0.328702 0.303819 0.00257706
1 0.753013 0.10546 0.480609 0.19648 0.00198384
1 0.780214 0.765288 0.413769 0.404036 0.00161355
1 0.238184 0.756993 0.393924 0.431108 0.00126674
1 0.636396 0.831809 0.640181 0.328457 0.0010996
1 0.43356 0.0989855 0.349636 0.193815 0.00105459
