1 0.522596 0.473944 0.93803 0.920091 0.0163878
1 0.309731 0.48057 0.367492 0.535145 0.00811651
1 0.197766 0.467282 0.256114 0.532004 0.00791094
1 0.710898 0.487131 0.523463 0.822741 0.00536321
1 0.311337 0.495818 0.543933 0.784002 0.0021249
1 0.62476 0.0967302 0.722393 0.189742 0.00206022
1 0.889457 0.380112 0.209639 0.578686 0.00201446
1 0.896484 0.768537 0.163111 0.277885 0.00159901
1 0.89484 0.862627 0.181264 0.200443 0.00133275
1 0.838215 0.755438 0.288363 0.351705 0.00112854
1 0.667966 0.182528 0.60909 0.362476 0.00105898
1 0.782367 0.852971 0.411495 0.238727 0.00105379
1 0.735293 0.0685002 0.495414 0.134236 0.00101158
