1 0.4945 0.439302 0.810911 0.859861 0.081927
1 0.569084 0.549684 0.501321 0.560075 0.0366154
1 0.397518 0.386152 0.463289 0.745595 0.0162869
1 0.380036 0.609939 0.478827 0.404803 0.0129075
1 0.452372 0.652591 0.716211 0.580704 0.00408134
1 0.695507 0.456875 0.445272 0.704111 0.00359813
1 0.257818 0.611696 0.249522 0.371309 0.00255034
1 0.189353 0.579708 0.289894 0.527135 0.00243399
1 0.245112 0.452281 0.25704 0.658833 0.0023347
1 0.488269 0.107405 0.762617 0.21087 0.00217456
1 0.279935 0.0760251 0.500415 0.150808 0.00184474
1 0.75689 0.10747 0.477903 0.203852 0.00184105
1 0.773717 0.623232 0.207612 0.337811 0.0018083
1 0.778735 0.729959 0.215756 0.308453 0.00179078
1 0.367556 0.142312 0.417033 0.26416 0.00150628
1 0.750951 0.495663 0.229175 0.544786 0.0014906
1 0.318452 0.732683 0.419066 0.448979 0.00146867
1 0.675141 0.573569 0.355778 0.421321 0.00142724
1 0.553925 0.335711 0.51431 0.648402 0.00109752
1 0.234127 0.51135 0.456203 0.760593 0.00103742
