1 0.244029 0.661882 0.393777 0.318314 0.083404
1 0.19463 0.53611 0.29914 0.479639 0.0626585
1 0.176203 0.626448 0.249689 0.254022 0.0487361
1 0.247716 0.55015 0.470927 0.627885 0.0317976
1 0.258688 0.774978 0.485981 0.43164 0.0314962
1 0.503308 0.457557 0.915734 0.822647 0.022816
1 0.758382 0.655123 0.331398 0.651395 0.0202249
1 0.602884 0.584596 0.611268 0.693418 0.018529
1 0.803519 0.651218 0.200699 0.404512 0.0110074
1 0.631755 0.838219 0.568142 0.312047 0.00940956
1 0.818067 0.778997 0.234094 0.429384 0.0089512
1 0.669597 0.904614 0.484461 0.188714 0.00827196
1 0.632919 0.946705 0.483169 0.106591 0.00646544
1 0.311384 0.737013 0.323531 0.32133 0.00631475
1 0.800364 0.51019 0.25809 0.549044 0.00493796
1 0.420581 0.8084 0.596494 0.364878 0.00464702
1 0.740726 0.440636 0.487469 0.816131 0.00457236
1 0.143144 0.691704 0.250869 0.427037 0.0042946
1 0.774694 0.941842 0.314691 0.113923 0.00373735
1 0.14465 0.405463 0.266976 0.629559 0.00366194
1 0.867285 0.855366 0.177997 0.27543 0.00359402
1 0.869817 0.706858 0.153246 0.55323 0.00357463
1 0.444665 0.719979 0.8138 0.524099 0.00344876
1 0.444503 0.933219 0.688435 0.133562 0.00298648
1 0.110488 0.54781 0.20603 0.488911 0.00255205
1 0.756259 0.105391 0.478823 0.200866 0.00203738
1 0.859782 0.938727 0.194581 0.115019 0.0019321
1 0.273097 0.906768 0.501666 0.1852 0.00135336
1 0.355163 0.626911 0.311937 0.413815 0.0010652
1 0.281017 0.369684 0.47654 0.646541 0.00100177
