1 0.52949 0.540655 0.726577 0.845877 0.228842
1 0.296786 0.474461 0.339902 0.757349 0.156076
1 0.310471 0.717724 0.268677 0.346499 0.0521124
1 0.772351 0.576937 0.347904 0.815418 0.0284526
1 0.289315 0.697693 0.189757 0.226542 0.0224272
1 0.326973 0.389766 0.249563 0.427844 0.0111543
1 0.321424 0.718787 0.373953 0.512886 0.00712262
1 0.678471 0.493473 0.347863 0.633253 0.00675694
1 0.302473 0.838119 0.523336 0.323761 0.00313792
1 0.523148 0.762837 0.738941 0.474048 0.00283557
1 0.740055 0.804217 0.388116 0.387094 0.00174666
