1 0.449043 0.37717 0.590024 0.692889 0.0589543
1 0.289093 0.336592 0.324696 0.649671 0.0285898
1 0.248655 0.43915 0.205097 0.398122 0.0120779
1 0.216424 0.0874465 0.419101 0.169535 0.00966839
1 0.226263 0.205103 0.429279 0.40963 0.0048313
1 0.629956 0.418507 0.322859 0.508966 0.00417854
1 0.659821 0.553352 0.270933 0.274336 0.0040424
1 0.701267 0.418267 0.532961 0.657027 0.00260113
1 0.634069 0.563418 0.376576 0.397331 0.00213664
1 0.680896 0.817331 0.585926 0.360113 0.00178319
1 0.445891 0.544441 0.79247 0.661204 0.00167273
1 0.185761 0.470892 0.311608 0.502129 0.00126162
