1 0.576654 0.406155 0.521408 0.731942 0.0348248
1 0.315893 0.383976 0.289035 0.61191 0.0299505
1 0.303406 0.578795 0.218777 0.199011 0.0178916
1 0.510454 0.700864 0.690729 0.579565 0.00889697
1 0.28851 0.586872 0.291901 0.298928 0.00646341
1 0.679568 0.367669 0.266026 0.636747 0.00621998
1 0.430772 0.348864 0.515055 0.671916 0.006217
1 0.316601 0.281347 0.195009 0.38172 0.00502003
1 0.199647 0.384709 0.354153 0.643304 0.00282574
1 0.313575 0.549351 0.406565 0.483842 0.00244814
1 0.532914 0.845577 0.649491 0.305053 0.00229725
1 0.619089 0.708687 0.428486 0.456126 0.00184991
1 0.69485 0.801942 0.394946 0.3759 0.00131204
1 0.664384 0.220494 0.210147 0.343841 0.001143
1 0.657206 0.134304 0.196338 0.177979 0.00108105
1 0.715022 0.64202 0.229661 0.215784 0.00105414
1 0.562345 0.926612 0.655828 0.145073 0.00105219
