1 0.597343 0.489963 0.72128 0.898691 0.129519
1 0.74842 0.499829 0.394881 0.754413 0.0832952
1 0.284435 0.443371 0.564061 0.885126 0.00676684
1 0.125882 0.443649 0.251764 0.876492 0.00393787
1 0.711198 0.877999 0.555449 0.244001 0.00242597
1 0.711963 0.92955 0.539759 0.109349 0.00226944
1 0.237223 0.140336 0.461527 0.279929 0.00207773
1 0.515595 0.928477 0.670696 0.118299 0.00144373
1 0.513506 0.886535 0.722601 0.22693 0.00136594
1 0.748844 0.435679 0.264784 0.522339 0.00123461
1 0.629689 0.755118 0.674095 0.445082 0.0011645
1 0.835257 0.788361 0.28106 0.352846 0.00114067
