1 0.185363 0.452045 0.243912 0.383979 0.0336363
1 0.189006 0.497943 0.366495 0.569302 0.0242274
1 0.203574 0.687794 0.39729 0.605708 0.00711011
1 0.324756 0.56388 0.629807 0.734989 0.00423996
1 0.914466 0.839708 0.148918 0.318805 0.00280249
1 0.709384 0.816856 0.542515 0.362119 0.0024695
1 0.202932 0.847513 0.396316 0.300336 0.00214982
1 0.879485 0.894605 0.218785 0.200422 0.00159813
1 0.901962 0.938795 0.159056 0.116446 0.00141103
1 0.184719 0.940867 0.352421 0.116717 0.00125552
1 0.577234 0.942769 0.431188 0.114276 0.00120003
1 0.583274 0.8932 0.474137 0.211797 0.00113355
1 0.117059 0.51935 0.221404 0.420733 0.00105177
