1 0.733365 0.663869 0.397559 0.665194 0.128503
1 0.754636 0.817289 0.369489 0.363909 0.0734004
1 0.824238 0.716255 0.274854 0.56749 0.0638373
1 0.149597 0.737257 0.24963 0.525487 0.0348786
1 0.486857 0.649851 0.879137 0.700298 0.0322762
1 0.273137 0.677394 0.482484 0.645213 0.0266119
1 0.732162 0.902487 0.402096 0.190961 0.0209577
1 0.165199 0.866059 0.264058 0.262704 0.0207924
1 0.838436 0.871306 0.282171 0.245318 0.0117504
1 0.193984 0.939886 0.265362 0.116898 0.0113681
1 0.610754 0.855949 0.692067 0.287514 0.0101709
1 0.809461 0.932502 0.287525 0.134995 0.00811225
1 0.30305 0.894334 0.555734 0.207315 0.00443564
1 0.0919124 0.677056 0.137307 0.645888 0.00323455
1 0.510074 0.926906 0.852726 0.146188 0.00252141
1 0.0622644 0.779259 0.0975668 0.412501 0.0017407
1 0.725543 0.925525 0.367216 0.101519 0.00139653
1 0.231655 0.811149 0.355969 0.337365 0.00130739
