1 0.588757 0.567151 0.472482 0.350858 0.0393908
1 0.292333 0.54444 0.345005 0.314531 0.0156212
1 0.619533 0.397459 0.605437 0.623251 0.0127474
1 0.314836 0.385772 0.440476 0.586543 0.00972266
1 0.280733 0.528582 0.258417 0.209658 0.00891836
1 0.421615 0.493485 0.635766 0.454875 0.00561715
1 0.703325 0.559321 0.234521 0.247449 0.00540909
1 0.769851 0.622371 0.222856 0.237014 0.00265516
1 0.310828 0.150329 0.323388 0.201383 0.00214184
1 0.786689 0.393046 0.310273 0.606348 0.00192567
1 0.601055 0.142627 0.640598 0.196128 0.00192318
1 0.306001 0.225606 0.36412 0.320434 0.00187984
1 0.645571 0.65096 0.425168 0.280223 0.00160289
1 0.744777 0.108671 0.49589 0.1734 0.00126917
