1 0.54249 0.448611 0.842313 0.863357 0.24829
1 0.582201 0.682442 0.569506 0.378993 0.12083
1 0.398688 0.407257 0.461715 0.795675 0.033801
1 0.670588 0.687145 0.371515 0.265153 0.0283568
1 0.713019 0.475086 0.419528 0.74768 0.0101963
1 0.759538 0.716096 0.242041 0.251896 0.00774601
1 0.265622 0.444588 0.262442 0.62511 0.0058758
1 0.633128 0.124906 0.272944 0.218593 0.0057567
1 0.452922 0.615637 0.721675 0.44239 0.00559441
1 0.748984 0.600171 0.260507 0.43704 0.00557483
1 0.313847 0.636334 0.22831 0.236726 0.00447488
1 0.720301 0.103653 0.517673 0.207305 0.00387288
1 0.459441 0.13889 0.528172 0.256816 0.00329589
1 0.326408 0.120702 0.314031 0.225518 0.00315895
1 0.697014 0.0764741 0.355547 0.144451 0.00263348
1 0.282586 0.688956 0.328997 0.280127 0.00255619
1 0.245197 0.0851287 0.447079 0.170257 0.00250292
1 0.399642 0.655541 0.454404 0.34861 0.00246419
1 0.578074 0.393479 0.423836 0.786958 0.00199994
1 0.813013 0.77367 0.252645 0.246421 0.00188989
1 0.323438 0.740908 0.535079 0.392572 0.00178894
1 0.268805 0.450844 0.53761 0.866565 0.00167993
1 0.665076 0.803566 0.533464 0.324144 0.00159622
1 0.819473 0.615286 0.26913 0.542925 0.00153128
1 0.277625 0.207797 0.466937 0.403657 0.00143822
1 0.21578 0.553929 0.281139 0.474879 0.00134493
