1 0.514494 0.378765 0.654063 0.753853 0.207643
1 0.496301 0.574391 0.65046 0.43088 0.0860815
1 0.35866 0.544795 0.318627 0.280838 0.0318344
1 0.645142 0.0994779 0.305125 0.194109 0.0238598
1 0.370243 0.321253 0.354584 0.635641 0.0216002
1 0.518061 0.0937669 0.457917 0.185197 0.0159855
1 0.666075 0.352282 0.332861 0.695511 0.0122935
1 0.377614 0.128995 0.349754 0.251799 0.0109769
1 0.487281 0.207727 0.520582 0.411606 0.00838061
1 0.750637 0.0773912 0.361227 0.151787 0.00805358
1 0.440658 0.0658432 0.341634 0.130427 0.00715535
1 0.665434 0.175282 0.339515 0.33871 0.00640644
1 0.305847 0.439354 0.294624 0.559868 0.00528695
1 0.798789 0.373838 0.354217 0.724022 0.00477915
1 0.365028 0.642099 0.426561 0.421516 0.00431118
1 0.679912 0.55779 0.268944 0.332389 0.00246615
1 0.468577 0.717142 0.685837 0.507874 0.00235555
1 0.746889 0.525709 0.270692 0.476259 0.00199333
1 0.292951 0.401242 0.585902 0.790363 0.00199038
1 0.766235 0.131748 0.455086 0.254066 0.00173039
1 0.24909 0.579318 0.342344 0.428771 0.0010905
