1 0.60303 0.384557 0.736343 0.72447 0.191816
1 0.41715 0.413269 0.328709 0.619345 0.189059
1 0.681279 0.295511 0.480516 0.529079 0.0228707
1 0.335402 0.437903 0.628227 0.773901 0.0109682
1 0.404094 0.561356 0.451632 0.562231 0.010355
1 0.587057 0.669068 0.79101 0.660294 0.00897538
1 0.799344 0.808608 0.393779 0.382784 0.00313195
1 0.805751 0.268625 0.360892 0.479358 0.00241233
1 0.831615 0.45765 0.303184 0.819275 0.00198424
1 0.67126 0.15973 0.654723 0.299463 0.00178814
1 0.627002 0.859306 0.704762 0.280758 0.00125009
1 0.770481 0.115492 0.444145 0.204812 0.00120539
1 0.789443 0.930929 0.391271 0.138141 0.00104461
