1 0.546811 0.447952 0.843817 0.860722 0.416362
1 0.281604 0.530381 0.249476 0.564734 0.101237
1 0.341652 0.521874 0.457219 0.685166 0.0669033
1 0.558849 0.721412 0.810867 0.548421 0.0432938
1 0.665774 0.420423 0.38827 0.770052 0.0382228
1 0.778262 0.735508 0.368462 0.518275 0.0190078
1 0.696914 0.220793 0.404515 0.424394 0.00597952
1 0.735346 0.469765 0.292525 0.572158 0.00404211
1 0.660408 0.1756 0.311333 0.266451 0.00403645
1 0.677813 0.663363 0.371011 0.575104 0.00356186
1 0.733982 0.105466 0.490637 0.204391 0.00310368
1 0.742872 0.641075 0.263266 0.391855 0.00305926
1 0.191848 0.57917 0.360956 0.679052 0.00243933
1 0.825953 0.563275 0.31571 0.745661 0.0015802
1 0.322345 0.692752 0.336686 0.391583 0.00106477
