1 0.587215 0.456314 0.825569 0.856733 0.122387
1 0.391678 0.51496 0.418441 0.698036 0.0382516
1 0.71406 0.442126 0.439562 0.746204 0.0202323
1 0.53302 0.435387 0.412178 0.805765 0.0087753
1 0.816463 0.413225 0.311592 0.608144 0.00795622
1 0.376721 0.618171 0.338602 0.406492 0.00691499
1 0.258377 0.540031 0.249098 0.629564 0.00644272
1 0.641897 0.606042 0.478111 0.50575 0.00606304
1 0.861285 0.494521 0.216677 0.397042 0.00529281
1 0.512341 0.625103 0.294741 0.423229 0.00303703
1 0.889815 0.844711 0.215499 0.305279 0.00303258
1 0.774395 0.592167 0.42821 0.583479 0.00244004
1 0.852428 0.930852 0.277207 0.133594 0.00216684
1 0.446382 0.684986 0.527452 0.487867 0.0017877
1 0.760558 0.832728 0.474096 0.322959 0.00147503
