1 0.302382 0.653733 0.567919 0.657677 0.0595555
1 0.146409 0.683541 0.245645 0.455097 0.0489955
1 0.595815 0.591273 0.384279 0.671858 0.0313104
1 0.221879 0.778003 0.397343 0.383805 0.0209898
1 0.725527 0.630204 0.231715 0.583088 0.0106642
1 0.18745 0.564164 0.266719 0.529035 0.010559
1 0.469855 0.627242 0.452143 0.703302 0.00537726
1 0.364251 0.831722 0.689585 0.319435 0.00474258
1 0.272457 0.925669 0.50833 0.120224 0.00328211
1 0.167499 0.84869 0.309947 0.259606 0.00308317
1 0.764507 0.621271 0.413582 0.692944 0.00304925
1 0.731106 0.759679 0.184919 0.289015 0.00217872
1 0.631829 0.440495 0.245915 0.374323 0.00210555
1 0.594261 0.811744 0.396494 0.341082 0.00209192
1 0.0967475 0.601612 0.183275 0.625507 0.00176618
1 0.154423 0.927784 0.297148 0.143548 0.00141605
1 0.327205 0.552783 0.249369 0.507583 0.00141096
1 0.433169 0.531584 0.776245 0.834748 0.00126537
1 0.699077 0.929265 0.38019 0.103951 0.00125042
1 0.819073 0.932128 0.225456 0.0959901 0.00101659
1 0.178642 0.152143 0.341888 0.174426 0.00100548
1 0.142229 0.658567 0.284458 0.67226 0.00100211
