1 0.322537 0.63672 0.253429 0.263155 0.032984
1 0.375904 0.455941 0.368149 0.616933 0.0267158
1 0.360562 0.720885 0.346337 0.381784 0.0132669
1 0.563039 0.466132 0.67556 0.601858 0.00965553
1 0.222892 0.102891 0.445783 0.197088 0.00935081
1 0.299139 0.472961 0.222704 0.501105 0.00905906
1 0.211941 0.0563985 0.393859 0.110539 0.00336821
1 0.28953 0.139393 0.494188 0.244152 0.00311986
1 0.285251 0.361595 0.37772 0.677317 0.00308288
1 0.758465 0.0565538 0.46961 0.113108 0.0025091
1 0.785612 0.542921 0.19103 0.268397 0.00219352
1 0.303671 0.591539 0.365779 0.470854 0.00211424
1 0.427708 0.109244 0.850423 0.207235 0.00204149
1 0.459256 0.585237 0.560379 0.543504 0.00198197
1 0.225174 0.527771 0.285212 0.399607 0.00180359
1 0.758142 0.459585 0.365389 0.564742 0.00176903
1 0.783363 0.45013 0.231231 0.41129 0.00170369
1 0.439579 0.820054 0.467289 0.326924 0.00131951
1 0.828501 0.703424 0.273073 0.494602 0.00123701
1 0.350397 0.144362 0.339698 0.16739 0.00109471
1 0.709768 0.320949 0.329389 0.536389 0.00108859
1 0.366696 0.309948 0.262784 0.361395 0.00105443
1 0.686262 0.124183 0.382317 0.190381 0.00103404
