1 0.314859 0.661388 0.359434 0.375859 0.0949381
1 0.455657 0.640148 0.720465 0.538909 0.0934035
1 0.746435 0.720067 0.359032 0.413127 0.0391381
1 0.397644 0.501276 0.477027 0.750809 0.0136687
1 0.282388 0.507927 0.32267 0.588752 0.00955829
1 0.822086 0.667637 0.243813 0.309129 0.0087073
1 0.76213 0.536677 0.366447 0.66902 0.00836225
1 0.600003 0.533054 0.590884 0.72567 0.00736435
1 0.565047 0.760996 0.745807 0.471193 0.0057256
1 0.86098 0.535463 0.233798 0.626505 0.00477879
1 0.253236 0.772517 0.368197 0.334478 0.00276443
1 0.83146 0.767122 0.281642 0.361291 0.00235927
1 0.755499 0.844719 0.465042 0.276571 0.00214377
1 0.847316 0.930601 0.283108 0.0966024 0.00162524
