1 0.482214 0.456833 0.868564 0.801159 0.351774
1 0.253372 0.451244 0.369027 0.690959 0.132467
1 0.779049 0.482748 0.265648 0.584021 0.097119
1 0.687087 0.464197 0.415603 0.684969 0.0419942
1 0.263433 0.40148 0.251734 0.505243 0.0171025
1 0.236235 0.597083 0.222603 0.354489 0.00933336
1 0.147603 0.468513 0.218031 0.692397 0.00892025
1 0.847713 0.475795 0.227805 0.740416 0.00680142
1 0.701519 0.391701 0.259843 0.511709 0.00450793
1 0.218217 0.642467 0.166996 0.212143 0.00430453
1 0.27318 0.662544 0.320142 0.300585 0.00335928
1 0.338045 0.335056 0.333643 0.514444 0.0024833
1 0.572163 0.654778 0.676944 0.472523 0.00182931
1 0.164559 0.647633 0.207936 0.256134 0.0016005
1 0.779982 0.650827 0.204759 0.288473 0.00135502
1 0.617632 0.325831 0.299734 0.478617 0.00126702
1 0.891038 0.382208 0.12097 0.450794 0.00105051
