1 0.266148 0.487238 0.44218 0.90924 0.248859
1 0.57678 0.514246 0.834543 0.886525 0.140153
1 0.249255 0.653872 0.379571 0.499723 0.0766488
1 0.767842 0.534143 0.464316 0.808556 0.0166527
1 0.935864 0.753227 0.128271 0.394138 0.0147299
1 0.245091 0.83346 0.471882 0.265598 0.0107253
1 0.920438 0.622254 0.159123 0.623567 0.00708952
1 0.187211 0.467921 0.246415 0.808396 0.00300943
1 0.320194 0.74453 0.36388 0.418247 0.00266463
1 0.169516 0.72491 0.280133 0.39792 0.00242463
1 0.891119 0.804922 0.217762 0.307995 0.00221493
1 0.365748 0.367039 0.428916 0.700223 0.00206611
1 0.88891 0.883584 0.217595 0.158771 0.00190344
1 0.838846 0.746134 0.313798 0.458278 0.00169197
1 0.107375 0.665995 0.115473 0.49395 0.00155797
1 0.0959836 0.770723 0.119673 0.280384 0.00139709
1 0.662091 0.413343 0.491375 0.617702 0.00111289
1 0.165951 0.899317 0.284853 0.105876 0.00109284
1 0.0953556 0.851261 0.143898 0.165115 0.00108791
1 0.272873 0.520097 0.290901 0.543139 0.00104822
1 0.419453 0.60392 0.434289 0.715263 0.00103201
1 0.0921282 0.90407 0.135375 0.104916 0.00100276
