1 0.486936 0.344477 0.841744 0.686697 0.309034
1 0.306277 0.340388 0.428817 0.671308 0.108637
1 0.670801 0.351655 0.323118 0.483294 0.0888814
1 0.681506 0.393857 0.486857 0.646337 0.06135
1 0.596303 0.277184 0.499087 0.54756 0.0237948
1 0.241231 0.382403 0.23532 0.494199 0.0132436
1 0.233449 0.484575 0.194906 0.279244 0.00714734
1 0.5 0.503145 1 0.993709 0.00452904
1 0.376644 0.201931 0.541222 0.401437 0.00431555
1 0.28626 0.488755 0.351237 0.406965 0.00352363
1 0.788675 0.412055 0.346331 0.509233 0.00343377
1 0.175122 0.369841 0.287729 0.648657 0.00304333
1 0.522069 0.133725 0.630168 0.262475 0.0028859
1 0.22488 0.21569 0.346136 0.431381 0.00253019
1 0.652335 0.459408 0.695329 0.905561 0.00192873
1 0.324877 0.485711 0.640932 0.958213 0.00162534
1 0.389016 0.0921261 0.513205 0.183147 0.00146858
1 0.285304 0.13567 0.338556 0.262386 0.00141011
1 0.592899 0.0758367 0.4221 0.148287 0.00105575
1 0.191854 0.55818 0.319803 0.483239 0.00102694
