1 0.44956 0.475603 0.618464 0.765678 0.24762
1 0.289759 0.447109 0.377999 0.754689 0.157546
1 0.591326 0.481364 0.348867 0.66854 0.0236138
1 0.303625 0.563914 0.264926 0.526337 0.0101574
1 0.164221 0.467518 0.297311 0.707277 0.00410512
1 0.305044 0.659243 0.225693 0.300987 0.00376027
1 0.237564 0.0604695 0.283841 0.109484 0.0029497
1 0.35618 0.684719 0.382011 0.37725 0.00191577
1 0.219175 0.0865628 0.410665 0.160067 0.00160608
1 0.54224 0.688904 0.397015 0.283051 0.00133185
1 0.632738 0.326231 0.174685 0.244413 0.00116428
