1 0.577201 0.612076 0.465871 0.387781 0.119519
1 0.558334 0.385549 0.515743 0.769919 0.0803876
1 0.699895 0.614839 0.26614 0.341557 0.021761
1 0.649862 0.514528 0.33561 0.506939 0.0160997
1 0.449645 0.55695 0.671275 0.398146 0.0148342
1 0.356147 0.367323 0.464361 0.707716 0.0074376
1 0.752571 0.48637 0.302978 0.654698 0.00738038
1 0.305225 0.554849 0.349075 0.320968 0.00515936
1 0.756022 0.0918061 0.451579 0.179038 0.00426676
1 0.555305 0.135932 0.529824 0.265597 0.00353553
1 0.662377 0.12293 0.280948 0.227626 0.00349727
1 0.266128 0.411381 0.285343 0.561973 0.0031478
1 0.227763 0.59117 0.259975 0.317157 0.00233924
1 0.527886 0.105922 0.944228 0.21126 0.00231559
1 0.449165 0.68294 0.807523 0.501098 0.0019116
1 0.356252 0.163991 0.26787 0.29554 0.00160514
1 0.315206 0.103269 0.630412 0.205829 0.00145323
1 0.274414 0.26896 0.395433 0.503709 0.00110604
