1 0.280808 0.374485 0.343163 0.721829 0.0323747
1 0.236101 0.660641 0.384172 0.341969 0.0320407
1 0.257033 0.172309 0.286782 0.29958 0.0314069
1 0.209174 0.0889686 0.404515 0.172073 0.0301118
1 0.297031 0.612387 0.232617 0.267998 0.0223877
1 0.447277 0.387717 0.464757 0.754223 0.00917594
1 0.386755 0.0889757 0.62593 0.173478 0.00653559
1 0.598339 0.0565132 0.303581 0.111753 0.00419487
1 0.545598 0.085127 0.337387 0.160898 0.00406752
1 0.128305 0.689843 0.194321 0.236465 0.00381733
1 0.366493 0.610531 0.378111 0.380437 0.00345091
1 0.60471 0.424775 0.497503 0.690238 0.00331859
1 0.239314 0.778775 0.444375 0.40769 0.00251549
1 0.196784 0.4862 0.378966 0.61086 0.00246188
1 0.373662 0.179091 0.506405 0.34126 0.00220294
1 0.219286 0.139458 0.438572 0.277125 0.00123295
1 0.678307 0.0847074 0.510122 0.169415 0.00119616
1 0.418371 0.571821 0.673551 0.473832 0.00109879
