1 0.572673 0.476925 0.781914 0.921889 0.106128
1 0.732155 0.434069 0.419169 0.841559 0.0321232
1 0.402148 0.436502 0.390926 0.767519 0.0175033
1 0.737606 0.663988 0.467149 0.541586 0.0127604
1 0.429873 0.577531 0.333468 0.446074 0.00705526
1 0.410691 0.631684 0.537731 0.589778 0.00656308
1 0.294634 0.574336 0.207453 0.453741 0.00631535
1 0.81686 0.577997 0.299835 0.539387 0.00629707
1 0.270557 0.460736 0.261131 0.731443 0.00303947
1 0.815631 0.776589 0.352377 0.390231 0.00217357
1 0.250808 0.640822 0.193625 0.402056 0.00194156
1 0.636405 0.781646 0.659214 0.429302 0.00143431
1 0.7481 0.915804 0.471495 0.126074 0.00131606
