1 0.557349 0.357862 0.439504 0.641315 0.00490868
1 0.346148 0.386254 0.480831 0.554214 0.0045614
1 0.874819 0.912675 0.196252 0.16635 0.00454181
1 0.392038 0.452572 0.29124 0.289064 0.00345891
1 0.804226 0.943668 0.320718 0.109315 0.0034387
1 0.775899 0.867278 0.386921 0.250315 0.00330407
1 0.051425 0.913036 0.10285 0.156201 0.00308199
1 0.185352 0.917113 0.362619 0.158353 0.00293018
1 0.0857299 0.942059 0.17146 0.109936 0.00280718
1 0.0740604 0.875886 0.142355 0.2306 0.00276977
1 0.625154 0.508602 0.464529 0.464905 0.00267439
1 0.516552 0.447262 0.335255 0.364143 0.00226545
1 0.68739 0.93764 0.569067 0.123758 0.0019388
1 0.343864 0.510172 0.390564 0.442065 0.00153269
1 0.610358 0.0732345 0.779283 0.145841 0.00142103
1 0.929074 0.909447 0.131233 0.159306 0.00135664
1 0.258544 0.429741 0.241962 0.437655 0.00133053
1 0.184475 0.356413 0.343915 0.631153 0.00131277
1 0.626502 0.807841 0.6837 0.378765 0.00122251
1 0.752797 0.0604629 0.472291 0.120926 0.0012198
1 0.245739 0.875288 0.366106 0.225224 0.00120716
1 0.247092 0.949219 0.409673 0.101563 0.00119577
1 0.392772 0.0904658 0.562009 0.173274 0.0011711
1 0.654273 0.0922762 0.317717 0.151636 0.0010514
