1 0.514128 0.441385 0.929333 0.828426 0.0817041
1 0.291899 0.377821 0.567939 0.730643 0.038991
1 0.334593 0.468201 0.372007 0.531224 0.0244204
1 0.273367 0.178604 0.528385 0.356153 0.0169027
1 0.332283 0.619734 0.326533 0.232363 0.0123127
1 0.575259 0.493146 0.694935 0.552467 0.0105431
1 0.762571 0.503567 0.353956 0.532907 0.00811842
1 0.827114 0.522658 0.225046 0.413002 0.00618586
1 0.81549 0.593085 0.178329 0.239639 0.00410983
1 0.405179 0.547269 0.611306 0.499021 0.00370843
1 0.223267 0.488394 0.251876 0.508291 0.00353831
1 0.325022 0.627354 0.417519 0.389688 0.00323753
1 0.235402 0.112505 0.434784 0.198112 0.00298013
1 0.463309 0.207495 0.802119 0.394798 0.00209691
1 0.645522 0.61673 0.462188 0.325312 0.00195396
1 0.834611 0.461761 0.275068 0.757138 0.00151207
1 0.668639 0.40595 0.34615 0.584727 0.00147839
