1 0.284289 0.642249 0.365784 0.705981 0.232375
1 0.527397 0.635548 0.816727 0.726686 0.0970651
1 0.324944 0.774646 0.313912 0.439552 0.0835768
1 0.873303 0.70671 0.243398 0.578938 0.00990414
1 0.438718 0.812537 0.623372 0.374926 0.0058367
1 0.772224 0.779486 0.441449 0.438726 0.00547136
1 0.309387 0.920449 0.443999 0.114264 0.0050475
1 0.246168 0.848282 0.432713 0.299025 0.00470194
1 0.918681 0.600006 0.160719 0.712906 0.00397147
1 0.651612 0.649152 0.429504 0.681521 0.00384423
1 0.892987 0.8075 0.174705 0.369322 0.00236865
1 0.774047 0.625138 0.303369 0.613431 0.00138192
1 0.179133 0.718724 0.322576 0.543355 0.00107382
1 0.740486 0.920107 0.455544 0.155389 0.00100086
