1 0.285109 0.82379 0.511103 0.293892 0.117358
1 0.38323 0.742276 0.714784 0.475373 0.0546869
1 0.69459 0.92327 0.380293 0.143494 0.053981
1 0.308849 0.890011 0.617697 0.199316 0.0419091
1 0.447552 0.860885 0.86522 0.27823 0.0257453
1 0.4057 0.518089 0.674742 0.912275 0.0223145
1 0.232926 0.770723 0.3162 0.24186 0.019977
1 0.18587 0.582402 0.278697 0.52993 0.0136281
1 0.211223 0.727246 0.346541 0.441592 0.0113591
1 0.390242 0.922228 0.735087 0.115139 0.0113433
1 0.680631 0.565321 0.525625 0.820201 0.00995479
1 0.165283 0.719825 0.240464 0.28788 0.00947657
1 0.286644 0.632257 0.468629 0.667012 0.00700754
1 0.788622 0.907646 0.335168 0.183816 0.00651132
1 0.712661 0.864564 0.33064 0.230139 0.00537908
1 0.148711 0.81714 0.228046 0.225088 0.00319524
1 0.67524 0.88794 0.561371 0.224119 0.00236175
1 0.591327 0.924282 0.549639 0.0961477 0.00229974
1 0.857894 0.636023 0.263514 0.718611 0.00204325
1 0.799156 0.784508 0.344509 0.426682 0.00193743
1 0.212958 0.422033 0.263339 0.666157 0.00190009
