1 0.583435 0.438284 0.833112 0.85661 0.166761
1 0.439072 0.399125 0.455446 0.774298 0.0423101
1 0.611043 0.359838 0.503391 0.688209 0.041138
1 0.740975 0.292273 0.380791 0.573909 0.0205703
1 0.336212 0.567074 0.278683 0.377528 0.0105447
1 0.719627 0.819909 0.556238 0.358417 0.00983801
1 0.329332 0.362395 0.312085 0.68165 0.0096514
1 0.296314 0.607722 0.203542 0.227741 0.00619576
1 0.314081 0.193156 0.390203 0.332722 0.00586289
1 0.775286 0.108154 0.448144 0.205434 0.00412604
1 0.36479 0.587366 0.411493 0.636795 0.0038414
1 0.79699 0.473004 0.383915 0.787175 0.00379038
1 0.265487 0.0966371 0.504893 0.180943 0.00347204
1 0.501204 0.215867 0.611966 0.417607 0.0031206
1 0.748382 0.902205 0.452722 0.192518 0.00307105
1 0.833197 0.852098 0.307348 0.291537 0.00298366
1 0.800029 0.424028 0.266019 0.404624 0.00294265
1 0.66425 0.197883 0.39254 0.36525 0.00253496
1 0.36911 0.746366 0.487548 0.449236 0.0014657
1 0.560801 0.113604 0.692301 0.221995 0.00138128
1 0.586927 0.714574 0.707602 0.543004 0.0013539
1 0.224631 0.520004 0.2937 0.528979 0.00118595
