1 0.505533 0.440029 0.892445 0.838013 0.178678
1 0.581204 0.622202 0.575295 0.405373 0.0409109
1 0.343828 0.513694 0.552229 0.573439 0.0325934
1 0.691038 0.422584 0.463715 0.687524 0.0158498
1 0.287203 0.62635 0.444839 0.323797 0.00808334
1 0.125127 0.620748 0.140905 0.229934 0.00569643
1 0.157667 0.516446 0.214601 0.463895 0.00467932
1 0.168241 0.391709 0.281009 0.70924 0.00413244
1 0.184112 0.604228 0.203466 0.278371 0.00402894
1 0.418732 0.674191 0.772494 0.450043 0.00402019
1 0.287701 0.295024 0.51419 0.561578 0.0020159
1 0.783451 0.465945 0.24307 0.594378 0.00165337
1 0.714714 0.621278 0.288466 0.267325 0.00162544
1 0.730026 0.167982 0.500424 0.30555 0.00136845
1 0.841092 0.439669 0.242777 0.875821 0.00107014
