1 0.528977 0.476029 0.858131 0.835427 0.255244
1 0.304255 0.665229 0.333643 0.381197 0.167002
1 0.496804 0.67344 0.748651 0.455803 0.107483
1 0.368302 0.465453 0.447504 0.789872 0.0846403
1 0.238957 0.576867 0.284928 0.556861 0.0244794
1 0.64214 0.632807 0.429212 0.374708 0.0204489
1 0.290488 0.739148 0.504152 0.513551 0.0125682
1 0.584369 0.770785 0.545597 0.126329 0.00637945
1 0.435126 0.77939 0.557967 0.374335 0.00608091
1 0.316403 0.16009 0.332517 0.260717 0.00572278
1 0.780847 0.576887 0.224411 0.472015 0.0053938
1 0.71733 0.445322 0.431798 0.767352 0.00533321
1 0.247692 0.561725 0.471905 0.699023 0.00499456
1 0.666148 0.221673 0.209489 0.142876 0.00211345
1 0.154612 0.523711 0.254466 0.708598 0.00169531
1 0.273607 0.0902509 0.35551 0.170738 0.0015478
1 0.241133 0.157095 0.423154 0.169941 0.00135103
1 0.697931 0.421921 0.26943 0.537777 0.00119863
1 0.622463 0.206368 0.350101 0.185731 0.0011549
1 0.758114 0.202379 0.474931 0.328921 0.0010759
1 0.414875 0.201694 0.468513 0.325842 0.00103603
