1 0.509267 0.435234 0.981466 0.86489 0.0975439
1 0.44888 0.39463 0.549497 0.77952 0.0434018
1 0.625059 0.100222 0.728465 0.198068 0.0234388
1 0.389452 0.104869 0.448306 0.207527 0.0189908
1 0.389401 0.246513 0.478624 0.483371 0.0182964
1 0.714237 0.377102 0.521662 0.715067 0.0167586
1 0.644415 0.2018 0.623044 0.40315 0.0131529
1 0.778094 0.603055 0.35576 0.361361 0.0116393
1 0.730398 0.0696599 0.506444 0.139286 0.00954691
1 0.325414 0.363563 0.319894 0.639943 0.00842075
1 0.84029 0.589792 0.226058 0.277763 0.00603996
1 0.268802 0.507637 0.200331 0.416155 0.00552351
1 0.393707 0.601531 0.445 0.311822 0.00539858
1 0.646387 0.617537 0.666581 0.4626 0.00357332
1 0.850363 0.446139 0.260216 0.628465 0.00293311
1 0.814508 0.124984 0.366912 0.236498 0.00250228
1 0.829002 0.584277 0.159176 0.188181 0.00160448
1 0.216003 0.381411 0.290947 0.68036 0.00157328
