1 0.526998 0.441684 0.877809 0.801587 0.155131
1 0.693176 0.412964 0.466835 0.759663 0.0575994
1 0.298636 0.47366 0.406905 0.571835 0.0311924
1 0.198532 0.396973 0.33988 0.65568 0.0198022
1 0.219629 0.471722 0.225961 0.473727 0.0160831
1 0.6861 0.635168 0.4758 0.402899 0.0154618
1 0.726985 0.611849 0.325025 0.291035 0.0134205
1 0.854329 0.435375 0.274521 0.61086 0.0088629
1 0.455747 0.113322 0.715541 0.20442 0.00792266
1 0.496783 0.669362 0.499574 0.352206 0.00732377
1 0.29525 0.165011 0.400249 0.245768 0.00691518
1 0.344023 0.587707 0.619018 0.461849 0.00671691
1 0.350473 0.660227 0.371596 0.286296 0.00604477
1 0.624488 0.135005 0.497654 0.218079 0.00443634
1 0.555906 0.651218 0.812109 0.549543 0.00362021
1 0.345452 0.0803059 0.341825 0.151515 0.00346793
1 0.822692 0.586575 0.186198 0.262157 0.00308867
1 0.242996 0.245042 0.410595 0.394652 0.00307913
1 0.757851 0.269677 0.4438 0.466911 0.00301962
1 0.463002 0.424121 0.451741 0.758062 0.00252078
1 0.461205 0.225814 0.660485 0.395095 0.00243213
1 0.161918 0.527452 0.224857 0.42881 0.00236529
1 0.729056 0.172926 0.407681 0.26399 0.00235188
1 0.823647 0.614382 0.254808 0.387535 0.00198449
1 0.360522 0.743239 0.39 0.227999 0.00168644
