1 0.344491 0.432236 0.58185 0.837506 0.033382
1 0.520512 0.415414 0.470665 0.830827 0.0176445
1 0.721516 0.415074 0.522449 0.760213 0.00925593
1 0.169259 0.538971 0.259966 0.531316 0.00466645
1 0.282054 0.611179 0.403751 0.409924 0.00417506
1 0.590552 0.127225 0.449538 0.24651 0.00379009
1 0.25916 0.739069 0.477869 0.434418 0.0036863
1 0.226428 0.632683 0.197626 0.282965 0.00318319
1 0.548821 0.500919 0.874525 0.861621 0.00299785
1 0.674145 0.0989257 0.362305 0.18054 0.00259406
1 0.826595 0.48766 0.289946 0.502069 0.00229508
1 0.715452 0.167614 0.543049 0.313592 0.00188713
1 0.243936 0.861732 0.487872 0.276536 0.00175952
1 0.10113 0.419376 0.15632 0.833384 0.00166493
1 0.236024 0.374194 0.339907 0.680667 0.00153128
1 0.641038 0.57911 0.57654 0.530198 0.00148877
1 0.803011 0.599268 0.194743 0.229234 0.00145809
1 0.849605 0.224888 0.294793 0.352386 0.00144314
1 0.57579 0.666461 0.337441 0.365983 0.00141149
1 0.688051 0.647415 0.391138 0.354524 0.0012796
1 0.210453 0.482822 0.420905 0.950612 0.00107746
1 0.793673 0.59525 0.275954 0.328971 0.00105362
