1 0.289248 0.735322 0.349836 0.305239 0.0329048
1 0.29565 0.449488 0.41511 0.82954 0.0187415
1 0.477129 0.4854 0.812723 0.949988 0.0135748
1 0.266086 0.650286 0.407262 0.546637 0.00468427
1 0.292788 0.833741 0.401671 0.321736 0.00459303
1 0.383513 0.717359 0.539198 0.424383 0.00412846
1 0.176777 0.441877 0.282983 0.818948 0.00385159
1 0.719769 0.496618 0.523251 0.873697 0.00336895
1 0.482428 0.8341 0.755944 0.301019 0.00329512
1 0.644565 0.136112 0.319554 0.246831 0.0030587
1 0.530255 0.148293 0.591392 0.289354 0.00284716
1 0.906872 0.332644 0.186257 0.488262 0.00131815
1 0.600677 0.86939 0.438736 0.219125 0.00114844
1 0.806699 0.932901 0.335852 0.0942594 0.00101961
