1 0.332691 0.44111 0.290761 0.231378 0.10239
1 0.486017 0.320626 0.650434 0.609093 0.0426421
1 0.346929 0.356016 0.349871 0.421239 0.0239357
1 0.333441 0.483282 0.365092 0.393342 0.00894849
1 0.705275 0.0908954 0.242718 0.165111 0.00388021
1 0.537048 0.476118 0.637441 0.356548 0.00348755
1 0.544828 0.0922852 0.631104 0.179722 0.00342867
1 0.250647 0.326116 0.409832 0.55965 0.00309824
1 0.319069 0.187455 0.434231 0.339516 0.00229172
1 0.691864 0.321361 0.363179 0.586739 0.00213023
1 0.410002 0.119772 0.466219 0.224585 0.00124508
1 0.71873 0.484354 0.299558 0.260725 0.00106291
1 0.479195 0.832587 0.515525 0.330444 0.00104715
