1 0.69926 0.784746 0.419893 0.417532 0.0931306
1 0.49532 0.744478 0.8263 0.505701 0.0197923
1 0.149001 0.705025 0.246733 0.506627 0.00968769
1 0.785971 0.653206 0.276897 0.601092 0.00740073
1 0.276781 0.758125 0.544631 0.446839 0.006468
1 0.813553 0.83046 0.287562 0.333306 0.00420935
1 0.172081 0.825435 0.310757 0.338337 0.00411518
1 0.620799 0.88654 0.626294 0.225078 0.00246266
1 0.630677 0.631421 0.50029 0.688778 0.0020382
1 0.448911 0.916984 0.8643 0.166032 0.00129104
1 0.772651 0.928797 0.380293 0.0890255 0.00112604
1 0.821443 0.920826 0.273636 0.154505 0.00100823
