1 0.567939 0.516422 0.829873 0.76753 0.044343
1 0.392465 0.52452 0.419699 0.61163 0.00872789
1 0.654922 0.731423 0.551608 0.444393 0.00773117
1 0.501556 0.664551 0.674265 0.466367 0.00567665
1 0.301074 0.651765 0.250392 0.247241 0.00423874
1 0.321029 0.707501 0.34528 0.329038 0.00270581
1 0.789657 0.74537 0.286061 0.325397 0.00242125
1 0.672434 0.85461 0.575251 0.275414 0.00202211
1 0.26244 0.537721 0.240106 0.496139 0.0019149
1 0.800527 0.615788 0.330834 0.641321 0.00174231
1 0.26658 0.574713 0.45124 0.67039 0.00123459
