1 0.244692 0.555666 0.259738 0.30061 0.0850072
1 0.302743 0.390799 0.4537 0.660262 0.0345406
1 0.40708 0.560685 0.608494 0.388468 0.0189177
1 0.587695 0.403146 0.590604 0.65197 0.0185774
1 0.253193 0.567746 0.378625 0.428637 0.0151151
1 0.587616 0.559146 0.45663 0.339936 0.0130097
1 0.736092 0.568033 0.183791 0.266927 0.00617395
1 0.767195 0.428766 0.25312 0.559197 0.00366635
1 0.668046 0.0937051 0.316993 0.155111 0.00313526
1 0.173297 0.426869 0.299585 0.605461 0.00143905
1 0.283387 0.226387 0.342298 0.342216 0.00113011
1 0.557339 0.125728 0.498325 0.211036 0.00110072
1 0.664406 0.361984 0.300793 0.620341 0.00106021
