1 0.445207 0.467278 0.786703 0.899715 0.0944058
1 0.257356 0.536423 0.420782 0.72489 0.0337986
1 0.207113 0.694408 0.286067 0.356017 0.0325744
1 0.570773 0.154806 0.329905 0.288964 0.0106647
1 0.199256 0.676221 0.385672 0.557049 0.00984962
1 0.38136 0.731257 0.670599 0.451526 0.00977044
1 0.542929 0.454754 0.374801 0.728623 0.00876127
1 0.186844 0.392469 0.294511 0.72405 0.00586695
1 0.135068 0.583746 0.237294 0.592783 0.00552194
1 0.609694 0.691253 0.251267 0.240672 0.00502434
1 0.638829 0.524541 0.241063 0.57012 0.00469845
1 0.685282 0.117602 0.606754 0.233823 0.00403664
1 0.505214 0.684401 0.454633 0.346018 0.00375077
1 0.726641 0.556186 0.403337 0.750332 0.00271352
1 0.19679 0.815194 0.358838 0.347444 0.00212869
1 0.544835 0.656552 0.837431 0.592699 0.00190321
1 0.687841 0.246671 0.609057 0.493343 0.00182374
1 0.645837 0.748955 0.354678 0.374474 0.00158067
1 0.0942462 0.667955 0.172946 0.438432 0.00124731
1 0.0650486 0.524649 0.124225 0.685641 0.00121031
