1 0.547876 0.377989 0.880321 0.755979 0.144235
1 0.315253 0.509256 0.364422 0.325316 0.137315
1 0.328137 0.337378 0.451761 0.664867 0.0625848
1 0.518548 0.555165 0.751486 0.458116 0.0414411
1 0.529083 0.10469 0.666583 0.209381 0.0343402
1 0.41217 0.087435 0.353114 0.168393 0.0166364
1 0.753115 0.372028 0.446108 0.73531 0.0124257
1 0.67828 0.0707725 0.50298 0.141238 0.0121977
1 0.35932 0.142457 0.401245 0.279329 0.0103224
1 0.692216 0.151009 0.544331 0.302018 0.00513395
1 0.807644 0.0625805 0.363361 0.125161 0.00328294
1 0.692263 0.547735 0.415526 0.38011 0.0021873
1 0.854209 0.328595 0.283372 0.596017 0.0018644
1 0.829819 0.548568 0.23866 0.308288 0.00161647
1 0.188248 0.371758 0.339564 0.678678 0.00149815
1 0.831446 0.163489 0.327381 0.316324 0.00142383
1 0.881041 0.0890689 0.231588 0.174422 0.00111494
1 0.707662 0.467178 0.584677 0.932048 0.00105361
