1 0.605459 0.438966 0.78355 0.823163 0.17447
1 0.450172 0.441564 0.381071 0.67998 0.115386
1 0.725652 0.472771 0.364105 0.642793 0.0324954
1 0.826679 0.506425 0.251868 0.573886 0.0256716
1 0.665738 0.665056 0.499543 0.36348 0.0181742
1 0.357095 0.480439 0.258965 0.624551 0.0108661
1 0.777705 0.657163 0.271099 0.285104 0.00984992
1 0.421174 0.649157 0.353851 0.346043 0.00459332
1 0.458246 0.279977 0.263611 0.364893 0.004509
1 0.807049 0.374883 0.353283 0.70176 0.00424698
1 0.787272 0.0576808 0.416972 0.114709 0.00295023
1 0.538239 0.635658 0.249389 0.318534 0.00290281
1 0.329341 0.631732 0.182389 0.323588 0.0026645
1 0.609796 0.0971286 0.671212 0.186801 0.00227884
1 0.57302 0.180821 0.499791 0.325433 0.00216716
1 0.297086 0.475218 0.442137 0.75432 0.00192239
1 0.766657 0.751506 0.397468 0.418808 0.00183564
1 0.57797 0.653586 0.782797 0.523408 0.00182524
1 0.53959 0.281466 0.33745 0.458651 0.00170266
1 0.439164 0.18496 0.269755 0.297893 0.0016828
1 0.890923 0.480359 0.211773 0.707844 0.00153713
1 0.792264 0.203187 0.403329 0.388108 0.00146695
1 0.885984 0.087495 0.224351 0.169636 0.00126079
