1 0.252232 0.573454 0.211492 0.52938 0.0547473
1 0.545679 0.556621 0.774922 0.697373 0.0531487
1 0.818797 0.412428 0.256651 0.415589 0.0497175
1 0.752711 0.555784 0.392221 0.671375 0.0352353
1 0.407782 0.666337 0.553145 0.521024 0.0240508
1 0.33916 0.522914 0.431693 0.681025 0.019812
1 0.289011 0.458506 0.242317 0.582985 0.00786954
1 0.128192 0.556883 0.221582 0.68168 0.00417791
1 0.54368 0.450013 0.443513 0.742431 0.00378867
1 0.589289 0.653488 0.498828 0.506491 0.00286823
1 0.435246 0.812305 0.570856 0.347792 0.00207491
1 0.905118 0.67395 0.168017 0.521976 0.00195314
1 0.858728 0.575117 0.214773 0.548444 0.00189095
1 0.906418 0.751124 0.129564 0.226421 0.0015955
1 0.256898 0.818574 0.202686 0.254951 0.00121939
1 0.894079 0.804122 0.196835 0.326342 0.0011044
