1 0.527386 0.393129 0.945229 0.766942 0.153992
1 0.346485 0.361916 0.522301 0.676334 0.111152
1 0.7366 0.399806 0.507588 0.674297 0.076829
1 0.399806 0.178623 0.30555 0.337855 0.0296588
1 0.730265 0.142296 0.53947 0.252183 0.0199906
1 0.713216 0.630604 0.528517 0.288766 0.012578
1 0.627665 0.272352 0.611538 0.544211 0.0105523
1 0.357896 0.564248 0.338341 0.278137 0.0097038
1 0.852012 0.405662 0.282147 0.49067 0.00949664
1 0.511855 0.14117 0.484155 0.2737 0.00906445
1 0.763417 0.546598 0.421552 0.321377 0.00898701
1 0.817769 0.189508 0.357679 0.244794 0.00659691
1 0.451232 0.122846 0.227045 0.224451 0.00520401
1 0.572786 0.566221 0.807838 0.457709 0.00296305
1 0.201089 0.394406 0.377527 0.640958 0.00252605
1 0.330984 0.448282 0.305449 0.468317 0.00233909
1 0.597348 0.0892049 0.470723 0.175016 0.00138315
1 0.685155 0.763174 0.607491 0.420694 0.00134945
1 0.854403 0.137224 0.278574 0.197421 0.00131075
1 0.352219 0.126347 0.479066 0.236911 0.00125555
1 0.384293 0.0801776 0.365925 0.155557 0.00118306
