1 0.344174 0.396332 0.407622 0.754881 0.130004
1 0.292713 0.67464 0.348268 0.594774 0.077678
1 0.291022 0.575109 0.284554 0.292755 0.067607
1 0.503987 0.477516 0.651288 0.883806 0.0266326
1 0.428566 0.708504 0.648971 0.573084 0.0213338
1 0.23916 0.524465 0.26399 0.472044 0.0162973
1 0.309339 0.825004 0.379281 0.345647 0.00858353
1 0.450394 0.855081 0.625095 0.288648 0.00378753
1 0.329199 0.157194 0.299161 0.269794 0.00348279
1 0.353696 0.91803 0.410838 0.161067 0.00293224
1 0.621135 0.877705 0.385994 0.226971 0.00284658
1 0.197523 0.367023 0.328197 0.677762 0.0025668
1 0.505579 0.93897 0.57424 0.12206 0.00248637
1 0.621466 0.397687 0.359369 0.776418 0.00248322
1 0.670486 0.78403 0.314111 0.418494 0.00198893
1 0.642471 0.945948 0.338604 0.107634 0.00193289
1 0.619288 0.188013 0.240947 0.323714 0.00177778
1 0.150947 0.492738 0.221339 0.601291 0.00152621
1 0.270522 0.223959 0.44451 0.414267 0.00142136
