1 0.264737 0.550967 0.478562 0.882486 0.0325508
1 0.239701 0.814959 0.417316 0.35855 0.0196337
1 0.229146 0.93093 0.458292 0.138139 0.0184684
1 0.141259 0.82162 0.248465 0.323949 0.0122851
1 0.154343 0.55685 0.262673 0.766403 0.0103311
1 0.650022 0.546273 0.68945 0.890499 0.0092091
1 0.196618 0.897085 0.354677 0.20583 0.0081554
1 0.316441 0.87084 0.632881 0.25832 0.00608196
1 0.169641 0.728034 0.336943 0.538182 0.00370645
1 0.360835 0.768277 0.721671 0.463447 0.00326442
1 0.320801 0.304027 0.217694 0.238543 0.00132905
1 0.738204 0.273193 0.523593 0.520988 0.00127483
1 0.416356 0.550012 0.451822 0.834184 0.00114155
