1 0.589566 0.492398 0.815496 0.88787 0.453887
1 0.398989 0.49832 0.341302 0.796039 0.173121
1 0.669557 0.532803 0.487852 0.700746 0.0328247
1 0.363242 0.272518 0.279445 0.2586 0.0118306
1 0.807449 0.532848 0.324072 0.532825 0.0113483
1 0.809766 0.823161 0.366821 0.353678 0.00914936
1 0.704226 0.768686 0.550734 0.453689 0.00506582
1 0.735583 0.46711 0.275102 0.494118 0.00392663
1 0.770571 0.372322 0.433832 0.729964 0.00370517
1 0.405919 0.799806 0.363809 0.325374 0.00249115
1 0.793479 0.691909 0.343313 0.39658 0.0023346
1 0.790892 0.9118 0.40253 0.175714 0.00227771
1 0.315561 0.497474 0.631122 0.969531 0.00152265
1 0.384219 0.674599 0.458336 0.597741 0.00110906
