1 0.384517 0.414915 0.737756 0.815412 0.307307
1 0.209753 0.184592 0.419505 0.35698 0.190455
1 0.220236 0.351007 0.43804 0.69862 0.106507
1 0.569048 0.459012 0.340407 0.720614 0.0516632
1 0.64559 0.521033 0.269135 0.589483 0.0440735
1 0.217671 0.078879 0.417716 0.14906 0.0122125
1 0.18132 0.619766 0.28493 0.30287 0.00943812
1 0.641133 0.62522 0.218087 0.345098 0.00871923
1 0.458797 0.693719 0.664339 0.52598 0.00730203
1 0.55914 0.635509 0.39291 0.420112 0.00440927
1 0.211327 0.72211 0.382262 0.378308 0.00276672
1 0.297728 0.643122 0.544584 0.400983 0.00137888
1 0.0932229 0.621781 0.176743 0.496204 0.00108842
