1 0.383206 0.674258 0.397956 0.371449 0.060523
1 0.419798 0.436068 0.439906 0.747893 0.0403392
1 0.570985 0.463658 0.826161 0.842137 0.0216264
1 0.486894 0.185272 0.517251 0.355826 0.0202735
1 0.314232 0.600419 0.223685 0.322502 0.0200726
1 0.385184 0.804936 0.449441 0.370551 0.0153704
1 0.421609 0.181652 0.320614 0.28399 0.00872412
1 0.305598 0.421083 0.23455 0.61611 0.00861293
1 0.556157 0.428841 0.393171 0.822517 0.0055211
1 0.446023 0.656834 0.268333 0.265163 0.00483496
1 0.651463 0.168822 0.246325 0.306952 0.00482691
1 0.324932 0.555783 0.428823 0.573803 0.00331492
1 0.408749 0.123501 0.479923 0.220854 0.0029608
1 0.707714 0.19881 0.439266 0.351553 0.00178591
1 0.310234 0.771625 0.307223 0.270864 0.00170363
1 0.722804 0.890761 0.505591 0.218243 0.00149338
1 0.208738 0.429236 0.318777 0.609077 0.00113158
1 0.743353 0.117859 0.407657 0.226081 0.00106687
