1 0.497603 0.454973 0.898887 0.794369 0.155093
1 0.282415 0.469449 0.353941 0.58571 0.0932551
1 0.266621 0.642986 0.338101 0.283594 0.0901588
1 0.534241 0.73104 0.726892 0.504854 0.0426624
1 0.405095 0.439429 0.466706 0.749882 0.0257459
1 0.800963 0.751902 0.246558 0.441919 0.0240674
1 0.216934 0.651576 0.265264 0.191435 0.0209802
1 0.349866 0.622065 0.626599 0.553998 0.0205275
1 0.760463 0.525086 0.37382 0.660935 0.0127469
1 0.84589 0.825637 0.227972 0.335472 0.0116973
1 0.706831 0.792041 0.459009 0.407607 0.0104084
1 0.769395 0.562903 0.224496 0.500177 0.0103049
1 0.220251 0.564242 0.292536 0.395577 0.00929768
1 0.35543 0.636528 0.392977 0.438599 0.00593231
1 0.504153 0.105917 0.88289 0.20657 0.00498252
1 0.768595 0.472083 0.172017 0.314968 0.00486579
1 0.257136 0.459428 0.514273 0.80336 0.0044211
1 0.324763 0.0744667 0.515325 0.146163 0.00397748
1 0.737991 0.104769 0.503254 0.19888 0.00381033
1 0.244451 0.770417 0.452281 0.415286 0.00374869
1 0.855404 0.662758 0.174036 0.277423 0.00365611
1 0.754853 0.882548 0.389544 0.230452 0.00261514
1 0.326205 0.144948 0.472899 0.223634 0.00239417
1 0.710066 0.653466 0.430769 0.389595 0.0021804
1 0.684499 0.405252 0.436088 0.676164 0.00187616
1 0.813869 0.433731 0.275023 0.421547 0.00175449
1 0.858133 0.913113 0.208789 0.16631 0.00170596
1 0.163187 0.490351 0.255732 0.556229 0.00162011
1 0.139799 0.726465 0.227704 0.318959 0.00159752
1 0.676534 0.0625137 0.529953 0.12346 0.00140949
1 0.916556 0.840605 0.155243 0.284257 0.00128592
1 0.331509 0.358982 0.246891 0.380418 0.00114835
1 0.562413 0.906569 0.746213 0.186862 0.00112461
1 0.534183 0.334492 0.593877 0.577924 0.00109195
