1 0.296194 0.804979 0.394324 0.29054 0.0365302
1 0.298777 0.549141 0.413851 0.773622 0.0243678
1 0.272966 0.891402 0.368581 0.132392 0.014487
1 0.358468 0.854081 0.37739 0.186607 0.00960785
1 0.929602 0.624155 0.140796 0.588196 0.0079683
1 0.394814 0.896708 0.282362 0.0956256 0.00727012
1 0.199225 0.907448 0.282141 0.112989 0.00699354
1 0.947998 0.721495 0.104005 0.41531 0.00629434
1 0.216642 0.660602 0.367022 0.569153 0.00575487
1 0.925249 0.811581 0.149501 0.260116 0.00534502
1 0.382874 0.705371 0.383703 0.456706 0.0048131
1 0.888474 0.541123 0.223052 0.761414 0.00412926
1 0.73341 0.836108 0.531669 0.243045 0.00382039
1 0.265997 0.914642 0.531993 0.139246 0.00339145
1 0.886874 0.746145 0.220459 0.379924 0.00323623
1 0.874209 0.845321 0.246363 0.210676 0.00317408
1 0.920365 0.904922 0.139738 0.103212 0.00293394
1 0.509354 0.781359 0.523345 0.3181 0.00284622
1 0.808276 0.684773 0.383229 0.514701 0.0026144
1 0.586836 0.50454 0.74583 0.891588 0.00237279
1 0.482931 0.581706 0.407812 0.710736 0.00228564
1 0.138225 0.866505 0.210306 0.181842 0.00211371
1 0.749903 0.907662 0.441099 0.110977 0.00204325
1 0.100841 0.915537 0.138228 0.117846 0.00197929
1 0.565875 0.903102 0.466309 0.112699 0.00168925
1 0.123118 0.715273 0.175752 0.464937 0.00115977
1 0.365626 0.514747 0.718563 0.970506 0.00103589
