1 0.597561 0.449261 0.804628 0.836881 0.196788
1 0.368412 0.642085 0.287707 0.239733 0.0724652
1 0.613381 0.693689 0.773238 0.438833 0.0508044
1 0.431973 0.44162 0.447749 0.703497 0.0485917
1 0.704532 0.802336 0.587373 0.389842 0.0483307
1 0.416637 0.661009 0.450521 0.323272 0.0176951
1 0.438834 0.203761 0.200201 0.332015 0.0153402
1 0.675377 0.550787 0.593269 0.535096 0.0151187
1 0.760241 0.672643 0.439883 0.359022 0.00888559
1 0.786157 0.442168 0.404796 0.71619 0.00729375
1 0.336108 0.574392 0.324828 0.471264 0.00719826
1 0.223498 0.0669763 0.409567 0.133766 0.00664933
1 0.330146 0.114934 0.508574 0.201223 0.00644867
1 0.520545 0.183083 0.323343 0.212007 0.00620377
1 0.8332 0.826149 0.333601 0.346808 0.00582368
1 0.659792 0.171946 0.549377 0.251679 0.00537692
1 0.427782 0.138366 0.286515 0.209261 0.0048179
1 0.308326 0.709131 0.276772 0.31924 0.00441855
1 0.820421 0.101602 0.359157 0.197588 0.00399816
1 0.874276 0.0572965 0.239676 0.114593 0.003796
1 0.290478 0.190571 0.462458 0.380407 0.00321843
1 0.309809 0.699288 0.453326 0.434716 0.00294197
1 0.415292 0.779674 0.543754 0.394788 0.00290506
1 0.636941 0.889761 0.710705 0.220478 0.00260587
1 0.863403 0.627386 0.261191 0.498146 0.00247005
1 0.282671 0.368734 0.560567 0.713946 0.00243632
1 0.373403 0.281609 0.327378 0.532331 0.00217909
1 0.904561 0.460628 0.177746 0.641564 0.00203372
1 0.798349 0.247695 0.386918 0.427851 0.00194836
1 0.51411 0.0851118 0.549212 0.161222 0.00179452
1 0.363772 0.0888996 0.297458 0.169471 0.00132642
1 0.0977256 0.0773047 0.192443 0.142133 0.00127777
