1 0.230816 0.588748 0.307157 0.333465 0.276423
1 0.495649 0.475354 0.871498 0.766248 0.111443
1 0.22071 0.609198 0.407819 0.503214 0.0915257
1 0.366004 0.60903 0.541047 0.452264 0.0658027
1 0.564736 0.668288 0.857764 0.494639 0.0145721
1 0.265215 0.446243 0.43576 0.649104 0.014433
1 0.78528 0.660605 0.302523 0.359632 0.0142986
1 0.850531 0.541086 0.245387 0.545261 0.0108279
1 0.709384 0.500456 0.523111 0.730503 0.00638596
1 0.763017 0.855809 0.440544 0.250161 0.00584818
1 0.837141 0.681534 0.187012 0.244909 0.00519903
1 0.731349 0.716215 0.491608 0.443772 0.00501061
1 0.185745 0.759125 0.316777 0.402386 0.00274016
1 0.360872 0.727936 0.678426 0.544128 0.00201685
1 0.313411 0.0721185 0.508719 0.142703 0.00166195
1 0.671103 0.15437 0.235865 0.202344 0.00135527
1 0.366188 0.154111 0.481184 0.20917 0.00109208
1 0.718155 0.105968 0.557084 0.195561 0.0010846
1 0.758106 0.925126 0.429379 0.0928031 0.00108154
1 0.48888 0.103634 0.775556 0.193268 0.00104664
