1 0.35568 0.345393 0.699225 0.686266 0.195646
1 0.235596 0.330109 0.327016 0.644197 0.165079
1 0.504476 0.488165 0.913145 0.936612 0.0435051
1 0.201791 0.457274 0.287517 0.351419 0.0422023
1 0.222959 0.430798 0.445918 0.844666 0.0275938
1 0.601093 0.547247 0.461635 0.856903 0.00369453
1 0.146043 0.470486 0.257215 0.539638 0.00329537
1 0.254136 0.0592494 0.462858 0.118099 0.00301191
1 0.242053 0.166404 0.465804 0.329089 0.00291698
1 0.569315 0.344459 0.424964 0.540161 0.00130611
1 0.115009 0.324704 0.222635 0.635281 0.00125383
1 0.336447 0.110192 0.559141 0.211155 0.0010316
1 0.912981 0.940397 0.172472 0.118657 0.00101176
