1 0.237781 0.500641 0.430914 0.646551 0.165866
1 0.271722 0.405067 0.312002 0.397034 0.156949
1 0.528938 0.496619 0.93365 0.902875 0.0766971
1 0.691782 0.614311 0.569604 0.757898 0.0453012
1 0.375077 0.560983 0.59942 0.693147 0.0121139
1 0.687569 0.869774 0.541613 0.260453 0.0102988
1 0.68003 0.926975 0.501346 0.100186 0.00375847
1 0.786514 0.0597071 0.424721 0.116864 0.00345012
1 0.774068 0.110981 0.442426 0.20972 0.00322884
1 0.770332 0.23602 0.449895 0.366606 0.00236557
1 0.73129 0.914122 0.389341 0.171756 0.00155913
1 0.539054 0.921723 0.379158 0.119685 0.00123664
1 0.279356 0.325269 0.466608 0.468811 0.00117331
1 0.32234 0.925967 0.636636 0.134944 0.00110877
1 0.631445 0.779705 0.639099 0.44059 0.001058
