1 0.274892 0.57159 0.408855 0.681235 0.0310305
1 0.654411 0.594002 0.430008 0.737716 0.0278671
1 0.495098 0.805493 0.674521 0.386641 0.0214521
1 0.42014 0.563645 0.7283 0.784278 0.0160183
1 0.249213 0.740082 0.31228 0.30279 0.011065
1 0.179399 0.560034 0.278053 0.569876 0.00867291
1 0.212372 0.68166 0.207636 0.323578 0.00552091
1 0.469608 0.923551 0.698814 0.152897 0.00320271
1 0.270582 0.808069 0.455868 0.380136 0.00276824
1 0.250444 0.421716 0.275523 0.499032 0.00252469
1 0.629456 0.863841 0.542581 0.268122 0.0024174
1 0.641872 0.802471 0.333164 0.346009 0.00211118
1 0.277202 0.276341 0.223623 0.201615 0.0020053
1 0.137693 0.705352 0.170706 0.324632 0.00190021
1 0.135035 0.838546 0.199465 0.244657 0.00138235
1 0.198151 0.702884 0.372548 0.490715 0.00119458
1 0.229555 0.317251 0.330665 0.261236 0.00108901
