1 0.50086 0.443961 0.998279 0.88546 0.13875
1 0.2628 0.576988 0.34078 0.29127 0.114887
1 0.743577 0.679796 0.363009 0.330448 0.0705368
1 0.268818 0.418039 0.369127 0.58399 0.0521969
1 0.795521 0.668783 0.270751 0.228614 0.0326933
1 0.52397 0.652931 0.724131 0.446409 0.0278639
1 0.682045 0.444552 0.502902 0.809952 0.0238632
1 0.389411 0.420002 0.6279 0.696165 0.0179873
1 0.345268 0.617712 0.427999 0.398127 0.015869
1 0.729381 0.770167 0.4705 0.413134 0.00961411
1 0.775288 0.524705 0.362203 0.620872 0.00841179
1 0.304959 0.104942 0.396747 0.197095 0.00673932
1 0.26474 0.700318 0.462147 0.457698 0.00654793
1 0.830189 0.580452 0.268019 0.406856 0.00647797
1 0.193846 0.508052 0.318008 0.459387 0.00530451
1 0.39586 0.442769 0.328058 0.688333 0.00449386
1 0.171689 0.618202 0.276028 0.311799 0.00364079
1 0.533005 0.108835 0.817343 0.211322 0.00304945
1 0.272258 0.209577 0.438467 0.385386 0.00266114
1 0.174018 0.3448 0.32244 0.622134 0.00264846
1 0.757412 0.307929 0.383814 0.49383 0.00235468
1 0.729498 0.0630891 0.43036 0.125874 0.00207935
1 0.808419 0.8192 0.33974 0.301071 0.00189313
1 0.715152 0.261629 0.290376 0.320371 0.00166086
1 0.840963 0.725157 0.244783 0.304085 0.00163988
1 0.708228 0.118012 0.420513 0.215108 0.00158663
1 0.547712 0.0649655 0.497767 0.128968 0.00128567
