1 0.220369 0.708525 0.292777 0.339583 0.125419
1 0.247923 0.545907 0.332213 0.610695 0.0656197
1 0.4095 0.49904 0.71632 0.899119 0.0527097
1 0.289523 0.771838 0.470109 0.430737 0.033454
1 0.692298 0.579425 0.531713 0.805627 0.0139918
1 0.169439 0.794165 0.278405 0.308309 0.0111874
1 0.827269 0.742202 0.315758 0.511462 0.00845948
1 0.458698 0.834642 0.797347 0.329759 0.00767394
1 0.766812 0.862238 0.286126 0.26465 0.00753727
1 0.580669 0.729673 0.668816 0.530848 0.00738007
1 0.261141 0.386071 0.440901 0.734999 0.00587421
1 0.884515 0.619511 0.230971 0.752836 0.00413888
1 0.358349 0.570469 0.399566 0.757616 0.00389158
1 0.639206 0.904253 0.540686 0.187882 0.003866
1 0.733033 0.942884 0.354458 0.110147 0.00332129
1 0.835286 0.893493 0.268162 0.20713 0.00302531
1 0.286124 0.924146 0.483325 0.133542 0.00296535
1 0.540147 0.945155 0.630099 0.109689 0.00290948
1 0.873325 0.935718 0.231759 0.101476 0.00241962
1 0.857176 0.818346 0.25921 0.314027 0.00226056
1 0.788351 0.450827 0.417186 0.634046 0.00167853
1 0.872715 0.402309 0.245912 0.509294 0.00167224
1 0.710356 0.759827 0.31932 0.47133 0.00166552
1 0.151739 0.934129 0.255524 0.131742 0.00128326
1 0.229727 0.293147 0.361216 0.324753 0.00123302
1 0.906798 0.88568 0.170798 0.183874 0.00104981
1 0.359785 0.89744 0.640857 0.205119 0.00100531
