1 0.537751 0.440025 0.777659 0.764978 0.0199991
1 0.311821 0.413413 0.374996 0.680221 0.0162973
1 0.307724 0.563071 0.32385 0.357281 0.00599525
1 0.557805 0.65481 0.70807 0.504744 0.00570427
1 0.199157 0.44182 0.292082 0.633608 0.00568158
1 0.334637 0.564169 0.497035 0.502465 0.00395829
1 0.540598 0.170146 0.911317 0.326907 0.00245088
1 0.670485 0.633094 0.424796 0.386817 0.00224124
1 0.250655 0.100166 0.456394 0.178269 0.00175384
1 0.759833 0.585329 0.257259 0.304181 0.00162387
1 0.742797 0.127989 0.493908 0.202164 0.0016196
1 0.27336 0.227696 0.437025 0.41315 0.00134784
1 0.120868 0.384068 0.211405 0.762522 0.00108362
1 0.215272 0.580086 0.222393 0.349951 0.00104694
1 0.766368 0.841501 0.423736 0.282529 0.00103963
