1 0.688389 0.7917 0.573234 0.4166 0.106421
1 0.549779 0.52709 0.872291 0.74749 0.0674638
1 0.755072 0.715367 0.36106 0.364047 0.0254646
1 0.632646 0.671048 0.625041 0.36178 0.023824
1 0.311049 0.554121 0.297596 0.242248 0.0175392
1 0.32494 0.443644 0.445436 0.515075 0.0156361
1 0.638177 0.887317 0.592964 0.225367 0.0150637
1 0.792397 0.66566 0.284474 0.219023 0.0136553
1 0.716986 0.457878 0.495779 0.547327 0.0119874
1 0.604684 0.544102 0.607412 0.393895 0.0116104
1 0.686329 0.611445 0.437132 0.193907 0.00511392
1 0.441174 0.378657 0.507915 0.497251 0.00502293
1 0.826142 0.578568 0.282388 0.732141 0.00451623
1 0.800835 0.853276 0.380563 0.288862 0.00450972
1 0.605951 0.944292 0.54403 0.111416 0.00394958
1 0.216187 0.451961 0.280126 0.455573 0.00343275
1 0.41126 0.554693 0.640761 0.438047 0.00258525
1 0.304512 0.274588 0.386889 0.302149 0.00246425
1 0.75469 0.929819 0.437762 0.0963546 0.00199019
1 0.752641 0.526093 0.339577 0.352786 0.00177113
1 0.414558 0.937306 0.51649 0.119869 0.00145383
1 0.414436 0.264286 0.409035 0.251422 0.0014504
1 0.404954 0.890389 0.668836 0.219221 0.00108807
1 0.557442 0.274846 0.621708 0.292832 0.00102133
