1 0.703234 0.834442 0.485785 0.327114 0.195248
1 0.306124 0.771813 0.494919 0.394969 0.0969014
1 0.578835 0.751636 0.769562 0.489426 0.0614307
1 0.456569 0.634161 0.796961 0.635202 0.0532494
1 0.248367 0.56227 0.228765 0.400847 0.0381683
1 0.686307 0.915201 0.531188 0.169598 0.0261122
1 0.77043 0.732337 0.382674 0.47197 0.0248067
1 0.306903 0.667327 0.378233 0.387212 0.017965
1 0.263364 0.682045 0.264733 0.236473 0.0147637
1 0.24278 0.644138 0.384133 0.603036 0.0138092
1 0.799796 0.890539 0.310664 0.215501 0.0119933
1 0.337828 0.539353 0.49356 0.657042 0.01159
1 0.686385 0.609385 0.530544 0.737236 0.00906212
1 0.322483 0.897403 0.624787 0.184269 0.00835517
1 0.270192 0.443377 0.284593 0.535011 0.0047985
1 0.748301 0.110809 0.350709 0.187998 0.00340342
1 0.770848 0.611176 0.293643 0.437012 0.00297198
1 0.720503 0.925203 0.497379 0.0943071 0.00231017
1 0.345964 0.190503 0.403994 0.130127 0.00193928
1 0.553906 0.944563 0.493121 0.110874 0.0019287
1 0.682557 0.141622 0.242373 0.133692 0.00167007
1 0.788883 0.428871 0.400103 0.787574 0.0016666
1 0.233715 0.123012 0.369925 0.166481 0.00161016
1 0.503659 0.449169 0.992682 0.883633 0.00136541
1 0.382801 0.229783 0.182827 0.114488 0.00113927
1 0.169068 0.503233 0.277796 0.550693 0.0011308
1 0.211058 0.864541 0.38503 0.259695 0.00105879
1 0.754326 0.0615746 0.394005 0.118272 0.00100596
