1 0.462625 0.458063 0.631418 0.739295 0.1677
1 0.289173 0.505228 0.274096 0.533602 0.0637721
1 0.281102 0.639259 0.242589 0.244617 0.0335898
1 0.628287 0.437687 0.340905 0.629813 0.0153357
1 0.287247 0.673601 0.320154 0.375972 0.0111201
1 0.653877 0.755353 0.348509 0.338162 0.00839942
1 0.490727 0.738439 0.621021 0.349699 0.004711
1 0.641884 0.326973 0.233981 0.429584 0.00463833
1 0.231262 0.463084 0.440252 0.71358 0.00382042
1 0.328884 0.39075 0.278245 0.498927 0.00372266
1 0.321602 0.659385 0.483737 0.543855 0.00365844
1 0.785836 0.625096 0.355747 0.690011 0.0011107
1 0.690631 0.578893 0.319034 0.565903 0.00104344
1 0.182921 0.660884 0.284415 0.283852 0.00103744
