1 0.70417 0.411868 0.55493 0.746899 0.0731164
1 0.69315 0.562727 0.485051 0.421656 0.0235072
1 0.512147 0.424853 0.796899 0.611031 0.0151654
1 0.273932 0.446466 0.265683 0.38719 0.0116746
1 0.331117 0.520473 0.392749 0.317446 0.00850226
1 0.761195 0.455023 0.357182 0.503773 0.00831404
1 0.35154 0.365004 0.452842 0.615425 0.00639402
1 0.820661 0.510568 0.249818 0.350508 0.0058198
1 0.466641 0.56639 0.637624 0.408942 0.00523807
1 0.842248 0.463413 0.291249 0.648683 0.00432974
1 0.593952 0.102535 0.616311 0.194602 0.00375541
1 0.678292 0.135269 0.276426 0.195847 0.00296451
1 0.225697 0.349101 0.304044 0.568403 0.00264708
1 0.76147 0.14323 0.462782 0.26703 0.00217244
1 0.740061 0.0725009 0.485772 0.13845 0.00204129
1 0.390684 0.0776079 0.659645 0.152742 0.00177097
1 0.670103 0.285492 0.35289 0.505825 0.00119095
1 0.238385 0.443061 0.468073 0.574859 0.00112138
