1 0.153732 0.833656 0.294124 0.298185 0.127882
1 0.410737 0.642464 0.784004 0.692517 0.118797
1 0.234433 0.708956 0.404159 0.516138 0.070731
1 0.284965 0.849789 0.534006 0.290594 0.038813
1 0.658203 0.834615 0.283574 0.285251 0.0339206
1 0.646508 0.631269 0.317517 0.629143 0.0215932
1 0.218504 0.920431 0.419823 0.123653 0.0125058
1 0.51418 0.820457 0.55433 0.342046 0.0114074
1 0.706526 0.713083 0.233833 0.503103 0.0106891
1 0.111738 0.731821 0.213291 0.511081 0.00982799
1 0.312285 0.584368 0.410178 0.515977 0.00535313
1 0.678053 0.789688 0.396839 0.41506 0.00478273
1 0.720476 0.894801 0.298576 0.198806 0.00449824
1 0.237664 0.507497 0.262888 0.306819 0.00433362
1 0.190435 0.556362 0.352664 0.474223 0.00359803
1 0.568751 0.700263 0.545576 0.545896 0.00336463
1 0.741619 0.938732 0.267654 0.119344 0.00167219
1 0.574509 0.370273 0.171812 0.121437 0.00151556
1 0.76212 0.637296 0.246767 0.682812 0.00144893
1 0.494909 0.925807 0.730679 0.109246 0.00130231
1 0.656249 0.925574 0.375437 0.0982243 0.00111981
1 0.615766 0.445204 0.225542 0.25927 0.00110509
