1 0.550379 0.446539 0.899242 0.880022 0.301593
1 0.768259 0.228032 0.45234 0.450642 0.0556905
1 0.292846 0.610682 0.274257 0.319974 0.0550425
1 0.32838 0.529973 0.368922 0.557187 0.0389664
1 0.283122 0.422013 0.54943 0.831358 0.031902
1 0.464143 0.700087 0.734152 0.555511 0.027993
1 0.296148 0.690735 0.367183 0.507144 0.0216823
1 0.561994 0.171836 0.821501 0.340157 0.0082947
1 0.763298 0.0903878 0.445833 0.171802 0.00557648
1 0.270973 0.183608 0.541946 0.354905 0.00422492
1 0.555135 0.494037 0.569129 0.632825 0.00377617
1 0.798126 0.461455 0.403748 0.917791 0.00338048
1 0.674289 0.361674 0.500199 0.717528 0.00310932
1 0.588462 0.615243 0.49512 0.357833 0.00271026
1 0.512446 0.308559 0.5682 0.612713 0.00218844
1 0.536504 0.850154 0.815732 0.297444 0.00193481
1 0.2458 0.0977078 0.481082 0.184866 0.00167665
1 0.706915 0.604707 0.267465 0.293775 0.00146157
1 0.358202 0.279673 0.459238 0.526804 0.00142201
1 0.325119 0.830758 0.480898 0.331962 0.00130506
