1 0.480636 0.390422 0.941722 0.780844 0.173017
1 0.170802 0.408662 0.339736 0.735072 0.0219376
1 0.147924 0.513857 0.286114 0.410235 0.0195587
1 0.692915 0.297222 0.378814 0.555099 0.00563963
1 0.217713 0.135564 0.435425 0.267868 0.00519563
1 0.40745 0.1644 0.795611 0.328684 0.00340884
1 0.23973 0.523479 0.479459 0.57039 0.00337905
1 0.179684 0.640601 0.351942 0.526393 0.0026351
1 0.272221 0.0753311 0.544442 0.150662 0.00262789
1 0.664913 0.18767 0.614742 0.371579 0.00259792
1 0.512379 0.0594297 0.639477 0.118859 0.00255526
1 0.728916 0.808652 0.537842 0.37858 0.00221035
1 0.60429 0.110872 0.566273 0.215617 0.00184358
1 0.163975 0.106586 0.327951 0.203627 0.00161105
1 0.52113 0.265981 0.606185 0.52077 0.00160715
1 0.660241 0.448815 0.3953 0.424872 0.00141961
1 0.444494 0.657791 0.888988 0.631219 0.00128738
1 0.714186 0.506684 0.283505 0.230268 0.00120029
1 0.145096 0.306176 0.290192 0.598061 0.00117289
