1 0.312537 0.697638 0.26077 0.245738 0.0362081
1 0.330133 0.574504 0.326806 0.520407 0.0259274
1 0.310758 0.787645 0.414379 0.391791 0.019101
1 0.558411 0.570271 0.778272 0.582414 0.00837854
1 0.241314 0.669761 0.404536 0.53217 0.0053939
1 0.444887 0.541592 0.357971 0.57329 0.00411701
1 0.534739 0.831369 0.732523 0.335598 0.0018794
1 0.257635 0.45482 0.449504 0.779312 0.00156164
1 0.413223 0.68988 0.670003 0.558058 0.00155984
1 0.424244 0.441274 0.495342 0.853287 0.00141498
1 0.557116 0.938865 0.640715 0.12227 0.00125223
1 0.810565 0.940759 0.316415 0.11462 0.00111603
1 0.867002 0.818416 0.254344 0.363168 0.00100318
