1 0.517394 0.693259 0.776144 0.479937 0.0212386
1 0.327467 0.398893 0.507614 0.652469 0.0148655
1 0.632923 0.457506 0.573516 0.631813 0.0122319
1 0.259671 0.608767 0.392403 0.293557 0.00910413
1 0.279697 0.631278 0.296 0.190792 0.0075078
1 0.142496 0.596624 0.171295 0.222309 0.0037056
1 0.196714 0.462442 0.268946 0.522361 0.00368777
1 0.774483 0.116592 0.442486 0.195788 0.00351368
1 0.584427 0.665945 0.595168 0.307928 0.00342947
1 0.385894 0.564754 0.688727 0.446929 0.00324853
1 0.728173 0.688298 0.32873 0.201334 0.00230733
1 0.117637 0.520272 0.151825 0.441123 0.00221449
1 0.79142 0.659225 0.206336 0.198035 0.00217277
1 0.292194 0.245881 0.324028 0.392748 0.00150622
1 0.202957 0.792881 0.324234 0.372262 0.00108884
1 0.872366 0.711686 0.174761 0.27738 0.00102332
1 0.739089 0.502796 0.311449 0.544964 0.00102197
1 0.76531 0.207042 0.447848 0.353582 0.00100501
