1 0.287303 0.468899 0.526832 0.74861 0.0552425
1 0.205811 0.678748 0.310144 0.263578 0.0472037
1 0.464505 0.472836 0.450401 0.794743 0.0210673
1 0.192595 0.537231 0.304891 0.520862 0.0201191
1 0.315393 0.71235 0.484327 0.340527 0.0132901
1 0.140382 0.643353 0.208555 0.3042 0.0128149
1 0.520697 0.494697 0.892675 0.848932 0.00839944
1 0.626972 0.521259 0.238676 0.682209 0.00639844
1 0.214334 0.769394 0.402397 0.395977 0.00609025
1 0.52551 0.749932 0.30757 0.253484 0.00608272
1 0.781368 0.529714 0.388209 0.67008 0.00520463
1 0.243376 0.406169 0.284313 0.586995 0.00422671
1 0.586769 0.179286 0.174555 0.170483 0.0041706
1 0.230242 0.103571 0.236543 0.163262 0.00386053
1 0.141599 0.414247 0.257136 0.697793 0.00360577
1 0.604602 0.76842 0.222522 0.206116 0.00302758
1 0.925226 0.489365 0.149548 0.545783 0.00278491
1 0.544746 0.1811 0.300597 0.283368 0.00220162
1 0.28671 0.175923 0.354623 0.316851 0.00193732
1 0.200839 0.247614 0.33718 0.453368 0.00166313
1 0.105851 0.533414 0.199528 0.512649 0.00144117
1 0.642044 0.699468 0.155682 0.300149 0.00139839
1 0.534304 0.615373 0.346533 0.534998 0.00111696
1 0.575131 0.288509 0.182002 0.287927 0.00104447
