1 0.505064 0.427098 0.883676 0.807113 0.207359
1 0.236016 0.604186 0.290199 0.270692 0.0645733
1 0.234189 0.454899 0.402235 0.617169 0.0453328
1 0.580146 0.72877 0.732649 0.525722 0.0440937
1 0.795967 0.721548 0.331737 0.52416 0.0368452
1 0.361828 0.410043 0.468652 0.726739 0.02382
1 0.792411 0.619082 0.226392 0.329701 0.00946855
1 0.658713 0.414172 0.46542 0.675711 0.0079874
1 0.32515 0.377629 0.290253 0.536641 0.0057601
1 0.237155 0.679085 0.393869 0.414006 0.00573386
1 0.872072 0.811602 0.224421 0.369799 0.00466135
1 0.734642 0.0691234 0.496552 0.134663 0.0044735
1 0.788917 0.519953 0.40764 0.802969 0.00441506
1 0.7998 0.47643 0.226388 0.491157 0.00355989
1 0.674993 0.8248 0.582617 0.34443 0.00299504
1 0.601882 0.101764 0.776563 0.202696 0.0025712
1 0.374659 0.635566 0.568637 0.495258 0.00186332
1 0.416664 0.0682643 0.63341 0.136386 0.00177173
1 0.681864 0.63691 0.508009 0.434071 0.00172736
1 0.878015 0.927739 0.209455 0.135894 0.00171012
1 0.535046 0.263037 0.601967 0.481541 0.00161098
1 0.237079 0.0619851 0.448611 0.121451 0.00157699
1 0.21731 0.265197 0.344186 0.492254 0.00149139
1 0.413469 0.153016 0.603752 0.285694 0.00124181
1 0.922341 0.871589 0.149484 0.241985 0.00120855
1 0.755223 0.135538 0.472732 0.257607 0.00110004
