1 0.261199 0.414965 0.347218 0.743216 0.279066
1 0.349532 0.429071 0.624201 0.839445 0.0857085
1 0.248627 0.51184 0.253817 0.497549 0.0326396
1 0.242359 0.647616 0.292733 0.312041 0.025926
1 0.892704 0.345935 0.214592 0.557546 0.00957859
1 0.246952 0.672936 0.387436 0.547147 0.00842376
1 0.171391 0.344752 0.342781 0.6794 0.00665531
1 0.625133 0.491509 0.608135 0.823731 0.00495224
1 0.913277 0.441 0.169281 0.341971 0.00424236
1 0.166181 0.457637 0.224282 0.612738 0.00224503
1 0.87697 0.537502 0.235226 0.791556 0.00202152
1 0.399222 0.736375 0.605347 0.521069 0.00155818
1 0.273533 0.84212 0.488548 0.311816 0.00134489
1 0.214425 0.463079 0.42885 0.881483 0.00130308
