1 0.512282 0.502509 0.85128 0.832369 0.143286
1 0.289037 0.527001 0.389011 0.637647 0.116561
1 0.255577 0.704859 0.296064 0.241031 0.0692903
1 0.259752 0.762083 0.394834 0.389453 0.0389
1 0.238831 0.0873756 0.463438 0.170884 0.0110976
1 0.483639 0.767576 0.721188 0.443047 0.0107235
1 0.652151 0.480219 0.398896 0.688938 0.00908413
1 0.621427 0.310952 0.266062 0.259695 0.00870635
1 0.199151 0.676184 0.306703 0.396193 0.00799849
1 0.766055 0.10543 0.459097 0.201042 0.00527007
1 0.532252 0.324265 0.435206 0.325356 0.00463112
1 0.778655 0.520847 0.302214 0.643856 0.00397424
1 0.167101 0.538031 0.275473 0.592703 0.00372435
1 0.482331 0.108712 0.8409 0.201367 0.0032551
1 0.678968 0.234637 0.297138 0.254821 0.0028426
1 0.323412 0.147161 0.470358 0.220303 0.0027722
1 0.289999 0.655623 0.547192 0.587111 0.00268477
1 0.623346 0.254286 0.212351 0.15465 0.00267139
1 0.460238 0.454773 0.547253 0.565966 0.0026006
1 0.443013 0.228811 0.576494 0.311023 0.00257823
1 0.637962 0.169926 0.526099 0.256278 0.00247182
1 0.263862 0.299068 0.465122 0.56185 0.00237063
1 0.690876 0.305285 0.371162 0.501912 0.0022761
1 0.313976 0.383641 0.270234 0.350607 0.00198655
1 0.150958 0.0676259 0.301917 0.132904 0.00179107
1 0.64478 0.170642 0.303326 0.113658 0.00164911
1 0.184971 0.854115 0.35476 0.283499 0.00142464
1 0.166087 0.131772 0.320745 0.251698 0.0013804
1 0.470386 0.900425 0.75115 0.19915 0.00133579
1 0.648984 0.783854 0.418989 0.358567 0.00121599
1 0.728195 0.730628 0.236582 0.268851 0.00102919
