1 0.524494 0.456431 0.87191 0.866756 0.157255
1 0.677918 0.736039 0.419668 0.508896 0.127562
1 0.309912 0.42267 0.327862 0.506651 0.0457765
1 0.775163 0.779608 0.281936 0.42644 0.0403444
1 0.31887 0.538845 0.266831 0.247152 0.0231143
1 0.716211 0.54973 0.387652 0.794496 0.0207847
1 0.371992 0.373459 0.469118 0.736589 0.020098
1 0.763745 0.668887 0.214746 0.410711 0.015444
1 0.293117 0.585585 0.364736 0.363891 0.0122092
1 0.492059 0.715927 0.811989 0.544349 0.00897512
1 0.735592 0.104008 0.511861 0.203201 0.00871047
1 0.746769 0.521467 0.228427 0.635159 0.00765299
1 0.602898 0.833942 0.616846 0.330198 0.00580389
1 0.21331 0.482612 0.231589 0.406528 0.0052461
1 0.592777 0.438264 0.465365 0.79505 0.0050503
1 0.813079 0.633311 0.278914 0.702112 0.00448621
1 0.396462 0.622176 0.376396 0.371148 0.00426066
1 0.693933 0.88576 0.432187 0.22713 0.0037229
1 0.755693 0.0611461 0.428992 0.121015 0.00339739
1 0.220873 0.371049 0.315305 0.550031 0.00317283
1 0.228718 0.0692638 0.363467 0.137205 0.00279979
1 0.815631 0.879212 0.249741 0.224702 0.00275545
1 0.145904 0.549711 0.185006 0.373049 0.00215706
1 0.587719 0.0915129 0.490302 0.174936 0.00154808
1 0.268749 0.150672 0.4366 0.294096 0.00146158
1 0.744062 0.283589 0.49026 0.546527 0.00128758
1 0.275578 0.732977 0.462143 0.491206 0.00104775
