1 0.569437 0.481724 0.752007 0.835214 0.020184
1 0.363939 0.443236 0.441991 0.841066 0.0154307
1 0.244727 0.482107 0.237561 0.659446 0.00544309
1 0.637917 0.205855 0.247922 0.380377 0.00492556
1 0.752308 0.533942 0.418054 0.759451 0.00449655
1 0.542941 0.231964 0.438609 0.455793 0.00437434
1 0.181839 0.566259 0.288129 0.642913 0.00392857
1 0.251121 0.378132 0.384829 0.717284 0.00214023
1 0.670146 0.416507 0.353418 0.734611 0.00205538
1 0.848772 0.530113 0.246165 0.50858 0.00200691
1 0.320751 0.700547 0.444734 0.420693 0.00129633
1 0.429902 0.672582 0.630401 0.568937 0.00123035
1 0.133296 0.399145 0.260412 0.750555 0.00122966
1 0.815689 0.931498 0.329305 0.106317 0.00115425
1 0.893389 0.936986 0.174286 0.112705 0.00111298
1 0.729002 0.1343 0.379746 0.243012 0.00101305
