1 0.548634 0.410387 0.861902 0.817571 0.337728
1 0.595227 0.350083 0.493548 0.680684 0.17058
1 0.381885 0.387137 0.428465 0.742502 0.0967738
1 0.716549 0.343969 0.248116 0.45334 0.0287002
1 0.776091 0.31233 0.344832 0.612984 0.0184722
1 0.739044 0.41522 0.191775 0.275938 0.014501
1 0.697352 0.49128 0.401004 0.589103 0.00726005
1 0.706158 0.803989 0.586124 0.390611 0.00356806
1 0.630279 0.145041 0.403273 0.281832 0.00321402
1 0.768449 0.617318 0.407372 0.684584 0.00270917
1 0.337497 0.192567 0.35975 0.35537 0.00159401
1 0.304156 0.0774334 0.431487 0.151922 0.00147309
1 0.609511 0.69623 0.737 0.576608 0.00141825
1 0.834297 0.734317 0.31977 0.509968 0.00130874
1 0.662225 0.0724415 0.331638 0.139883 0.00128123
1 0.484753 0.0808774 0.672221 0.160042 0.00117139
