1 0.552958 0.322585 0.730307 0.645169 0.348012
1 0.728039 0.312911 0.352705 0.616792 0.132674
1 0.379979 0.303134 0.382697 0.595701 0.0676599
1 0.32778 0.368082 0.259188 0.43225 0.0317731
1 0.826638 0.304287 0.250728 0.579999 0.0243851
1 0.448541 0.431061 0.523152 0.51085 0.00250648
1 0.42791 0.178098 0.436001 0.351025 0.00179401
1 0.252905 0.325052 0.285193 0.630422 0.00162338
1 0.785814 0.179082 0.31975 0.349921 0.00161659
1 0.380056 0.100224 0.342313 0.191408 0.0014643
1 0.69289 0.0977862 0.362778 0.18841 0.00111405
