1 0.567925 0.491648 0.802047 0.977601 0.194542
1 0.322027 0.48529 0.504672 0.946679 0.0830788
1 0.767185 0.494426 0.389928 0.925342 0.0707654
1 0.386246 0.662565 0.426611 0.644861 0.0520872
1 0.82658 0.652432 0.264098 0.653162 0.042043
1 0.671007 0.669185 0.567101 0.640423 0.0239995
1 0.424495 0.299959 0.692379 0.599919 0.0127274
1 0.83156 0.476528 0.192181 0.726419 0.00979098
1 0.306713 0.387233 0.335489 0.636529 0.00964057
1 0.398791 0.153187 0.665301 0.306375 0.00768114
1 0.361153 0.079529 0.622367 0.159058 0.00262587
1 0.833952 0.806281 0.30931 0.377742 0.00219955
1 0.892214 0.524791 0.200986 0.804048 0.00192449
1 0.291304 0.578709 0.29853 0.489669 0.00176685
1 0.33552 0.223998 0.336795 0.397533 0.00157235
1 0.605643 0.106162 0.772725 0.210729 0.00143882
1 0.623918 0.804693 0.725579 0.390613 0.00122385
1 0.200176 0.679372 0.38004 0.641255 0.00118932
