1 0.566701 0.474709 0.857141 0.928012 0.0809301
1 0.329362 0.369858 0.200294 0.255789 0.0216021
1 0.328968 0.464091 0.327521 0.752116 0.0177504
1 0.749258 0.524106 0.437141 0.772051 0.0174576
1 0.319098 0.433019 0.259615 0.464363 0.0166916
1 0.346263 0.28324 0.269016 0.467177 0.0161343
1 0.852642 0.621923 0.258351 0.530212 0.0145087
1 0.405496 0.314976 0.438685 0.609748 0.00667548
1 0.744801 0.842999 0.477602 0.294224 0.00552001
1 0.847319 0.499114 0.194459 0.305888 0.00408717
1 0.738315 0.699819 0.375211 0.43498 0.00380117
1 0.638134 0.669684 0.625148 0.586408 0.00317051
1 0.831754 0.871326 0.29864 0.216182 0.00255059
1 0.74645 0.927391 0.456577 0.0961039 0.00234023
1 0.22806 0.40136 0.371103 0.763201 0.00210878
1 0.782366 0.393622 0.319732 0.458858 0.00205393
1 0.788105 0.0702884 0.384434 0.137394 0.00200327
1 0.265714 0.567988 0.274976 0.469891 0.00179401
1 0.631489 0.795174 0.525448 0.379684 0.00143145
1 0.664542 0.371525 0.397306 0.723333 0.00119355
1 0.865852 0.93266 0.217388 0.0995529 0.001193
1 0.261854 0.128755 0.403365 0.245206 0.00117536
1 0.355705 0.671788 0.341124 0.358896 0.00112852
1 0.804451 0.14057 0.383886 0.264951 0.00109309
