1 0.490379 0.640634 0.754202 0.697937 0.434574
1 0.312313 0.653465 0.34403 0.646726 0.232552
1 0.757404 0.657137 0.329161 0.577164 0.0781718
1 0.29642 0.79434 0.292887 0.360697 0.00986294
1 0.742508 0.539403 0.219386 0.366098 0.00529497
1 0.372348 0.815296 0.543605 0.369407 0.00529029
1 0.755989 0.839408 0.47065 0.321184 0.00491885
1 0.832236 0.763254 0.269114 0.377668 0.0033089
1 0.356168 0.920119 0.48888 0.15588 0.00262894
1 0.644964 0.772326 0.700609 0.413838 0.00174586
1 0.758503 0.928244 0.439527 0.0911936 0.00164339
1 0.833947 0.554245 0.265041 0.507646 0.00106175
1 0.601128 0.920928 0.778287 0.120401 0.00102542
