1 0.417527 0.464157 0.45146 0.676301 0.00742084
1 0.743073 0.451098 0.48828 0.878496 0.00582665
1 0.620371 0.542465 0.49077 0.624813 0.0045422
1 0.288346 0.570109 0.20078 0.435606 0.0037855
1 0.663746 0.814481 0.565912 0.3556 0.00331492
1 0.364617 0.617397 0.360264 0.373983 0.00325155
1 0.860491 0.523881 0.219662 0.55846 0.00255613
1 0.499187 0.552794 0.311728 0.483166 0.00219072
1 0.601725 0.68655 0.419935 0.357366 0.00178445
1 0.460192 0.651575 0.30235 0.266463 0.00159782
1 0.454471 0.26915 0.254424 0.412232 0.00139051
1 0.606311 0.0888675 0.527558 0.171935 0.00127277
1 0.687776 0.935218 0.508951 0.129564 0.00124237
1 0.263227 0.430408 0.292953 0.676727 0.00123227
1 0.254564 0.649444 0.168026 0.339061 0.00112927
1 0.784481 0.903662 0.365342 0.181645 0.00109008
1 0.544952 0.674643 0.254671 0.292811 0.00107398
1 0.766612 0.0842696 0.464669 0.16737 0.00105981
1 0.521993 0.148001 0.41547 0.272225 0.00105898
1 0.828727 0.853833 0.268 0.243023 0.00100506
