1 0.684841 0.691668 0.54941 0.594897 0.146572
1 0.345872 0.563767 0.305098 0.22359 0.0765795
1 0.378226 0.364314 0.408159 0.665281 0.0682234
1 0.562763 0.481912 0.781694 0.804962 0.0575487
1 0.51546 0.643953 0.673521 0.432984 0.0135529
1 0.356368 0.628496 0.375353 0.380835 0.0122772
1 0.735012 0.404724 0.395188 0.612591 0.0102222
1 0.739637 0.825296 0.499025 0.342952 0.0091421
1 0.324472 0.439478 0.281477 0.455487 0.00900502
1 0.359395 0.128099 0.314208 0.230301 0.00873727
1 0.521534 0.140095 0.644517 0.250315 0.00760831
1 0.701901 0.144589 0.476542 0.194632 0.00697977
1 0.356773 0.0654069 0.291258 0.124961 0.00464363
1 0.271136 0.54329 0.346095 0.38574 0.00420835
1 0.839545 0.417063 0.283561 0.542235 0.00386178
1 0.532056 0.0688948 0.527708 0.13524 0.003642
1 0.815607 0.754602 0.312339 0.385732 0.00330854
1 0.745739 0.19562 0.378661 0.182657 0.00277582
1 0.438709 0.2215 0.443931 0.404257 0.00245062
1 0.384464 0.104536 0.594382 0.186978 0.00232903
1 0.725212 0.584638 0.402594 0.437217 0.00227332
1 0.740731 0.927005 0.471254 0.087917 0.00189577
1 0.723166 0.0724201 0.453239 0.137872 0.00150228
1 0.223069 0.0745974 0.436415 0.143676 0.00143782
1 0.781842 0.265732 0.346079 0.282129 0.0013672
1 0.215238 0.444347 0.339993 0.592313 0.00131504
1 0.827269 0.521071 0.190144 0.29285 0.00113502
