1 0.510624 0.462987 0.850242 0.848047 0.136313
1 0.590889 0.678954 0.433582 0.361251 0.0729467
1 0.434799 0.659681 0.614244 0.361747 0.0504928
1 0.313799 0.648184 0.326717 0.322169 0.0488459
1 0.297132 0.414765 0.521471 0.799128 0.0348484
1 0.606548 0.476067 0.435585 0.701683 0.01559
1 0.251055 0.137571 0.436652 0.253829 0.0131422
1 0.697356 0.647104 0.218591 0.281626 0.00937773
1 0.271791 0.472182 0.306108 0.636226 0.00891536
1 0.460989 0.432516 0.446259 0.787297 0.00580777
1 0.660374 0.575912 0.309559 0.476452 0.00505421
1 0.733137 0.518389 0.229413 0.604704 0.00373278
1 0.684331 0.764212 0.434525 0.385187 0.00370731
1 0.310209 0.187964 0.293139 0.236237 0.0035223
1 0.30639 0.129056 0.256256 0.179389 0.00203184
1 0.570332 0.686257 0.659893 0.507233 0.00200896
1 0.368043 0.186635 0.43957 0.322904 0.00197668
1 0.729495 0.866349 0.490292 0.23112 0.00154183
1 0.770558 0.481817 0.415808 0.816588 0.00111408
