1 0.529349 0.437597 0.92008 0.872021 0.337544
1 0.524415 0.753449 0.842797 0.48288 0.12179
1 0.782038 0.167712 0.42594 0.335146 0.0823099
1 0.761856 0.363266 0.455068 0.726532 0.055344
1 0.223454 0.440992 0.372523 0.763651 0.0149391
1 0.240689 0.684877 0.319234 0.267727 0.00765828
1 0.607247 0.318655 0.595694 0.63731 0.00633671
1 0.309847 0.719397 0.524315 0.362551 0.00309722
1 0.619778 0.846838 0.689898 0.297196 0.00293939
1 0.667341 0.209653 0.423042 0.418898 0.00286984
1 0.372689 0.395325 0.527613 0.757742 0.00285465
1 0.265931 0.267145 0.357573 0.401232 0.00219617
1 0.738601 0.764633 0.491109 0.405673 0.00217353
1 0.827189 0.693441 0.297767 0.349555 0.00199219
1 0.774073 0.0855464 0.434225 0.167083 0.00196361
1 0.186845 0.780664 0.332039 0.351408 0.00176397
1 0.398949 0.216702 0.610521 0.404953 0.00135816
1 0.154893 0.540204 0.263564 0.569113 0.00125991
1 0.157601 0.673209 0.235714 0.327098 0.00113089
