1 0.245041 0.589285 0.454829 0.759917 0.137232
1 0.710971 0.561523 0.513185 0.70818 0.0576365
1 0.788901 0.55962 0.334745 0.445206 0.0444842
1 0.414247 0.528358 0.805977 0.850636 0.0208372
1 0.231279 0.774359 0.454154 0.400608 0.018501
1 0.208286 0.851114 0.400892 0.202984 0.00674064
1 0.774098 0.775836 0.406997 0.358768 0.00363025
1 0.136966 0.766205 0.245741 0.32146 0.00253099
1 0.118099 0.537483 0.206266 0.785924 0.00233214
1 0.371441 0.543691 0.421739 0.710832 0.0023182
1 0.22497 0.895166 0.447691 0.101627 0.00215556
1 0.164155 0.680538 0.32831 0.610211 0.00185919
1 0.860385 0.782051 0.245174 0.297964 0.00149814
1 0.131198 0.89186 0.255625 0.135462 0.00147814
1 0.81474 0.880891 0.351712 0.191633 0.00134873
1 0.783253 0.394565 0.365264 0.661934 0.00134143
1 0.876316 0.563204 0.241489 0.542068 0.00117617
