1 0.461782 0.407058 0.862458 0.805656 0.0924144
1 0.293579 0.336876 0.459723 0.662903 0.0770669
1 0.431345 0.692475 0.705392 0.589597 0.0463842
1 0.224037 0.53321 0.328165 0.325845 0.0375572
1 0.220999 0.391895 0.297243 0.48451 0.0184289
1 0.313504 0.606717 0.510395 0.423615 0.0130532
1 0.583607 0.394186 0.369714 0.781936 0.0118317
1 0.709045 0.478435 0.551413 0.891427 0.00923202
1 0.868842 0.486773 0.251515 0.824745 0.00865163
1 0.336885 0.168592 0.53805 0.333113 0.00411702
1 0.19501 0.606206 0.377938 0.602716 0.00394274
1 0.559734 0.633598 0.370829 0.411006 0.00366123
1 0.253702 0.742711 0.488725 0.500135 0.00360775
1 0.944905 0.315694 0.11019 0.384284 0.0034779
1 0.248653 0.0985469 0.449576 0.190052 0.00284629
1 0.743178 0.0995863 0.513644 0.190694 0.00278142
1 0.693844 0.651349 0.40424 0.617223 0.00233065
1 0.643984 0.156381 0.673342 0.304366 0.00162483
1 0.924668 0.497053 0.150663 0.733229 0.00138417
1 0.643838 0.558665 0.262045 0.501645 0.00129864
1 0.225207 0.8646 0.436146 0.266838 0.00109303
1 0.42151 0.847163 0.775971 0.303431 0.00105504
1 0.898945 0.31961 0.20211 0.499256 0.00101161
