1 0.488156 0.439885 0.964124 0.87977 0.127467
1 0.582488 0.288589 0.592666 0.574893 0.104943
1 0.396687 0.298089 0.490679 0.5944 0.0482301
1 0.341322 0.405434 0.338426 0.354304 0.0390997
1 0.512275 0.0668201 0.564409 0.13364 0.0140372
1 0.513622 0.127783 0.594067 0.255565 0.0126039
1 0.662112 0.116955 0.388875 0.231023 0.0120435
1 0.657578 0.0664659 0.297486 0.132932 0.0109367
1 0.775195 0.284826 0.371746 0.560342 0.0108287
1 0.555823 0.48458 0.690236 0.486706 0.00694572
1 0.237794 0.307805 0.328264 0.586167 0.00598279
1 0.387173 0.058973 0.327 0.117599 0.00398808
1 0.79808 0.429905 0.1915 0.264896 0.0037434
1 0.681346 0.405593 0.637309 0.811185 0.00182526
1 0.679191 0.595921 0.58502 0.672228 0.00140638
1 0.692028 0.0742982 0.559175 0.147094 0.00136139
1 0.320357 0.146877 0.373978 0.283656 0.00134981
1 0.427197 0.102766 0.355393 0.205531 0.00131406
