1 0.604799 0.734857 0.705515 0.530285 0.117856
1 0.538651 0.430124 0.88946 0.838588 0.0362283
1 0.594795 0.367398 0.49883 0.728094 0.0256036
1 0.312247 0.354874 0.488902 0.691714 0.0153574
1 0.765243 0.753711 0.396289 0.484826 0.00301975
1 0.267702 0.120655 0.38509 0.225832 0.00273925
1 0.641074 0.266167 0.345412 0.479164 0.00182559
1 0.29098 0.41473 0.292429 0.577711 0.0018067
1 0.674516 0.102375 0.366602 0.184346 0.00160159
1 0.304999 0.560949 0.279742 0.30199 0.00152111
1 0.418221 0.162631 0.56265 0.319094 0.00143261
1 0.525572 0.60859 0.676995 0.393189 0.0013905
1 0.23055 0.506969 0.197502 0.429614 0.00137116
1 0.363978 0.581374 0.228701 0.218503 0.00113598
1 0.424682 0.939002 0.512655 0.121996 0.001047
1 0.749665 0.473755 0.485325 0.836175 0.00104266
1 0.704469 0.346714 0.257164 0.385929 0.00103708
1 0.166572 0.473241 0.266575 0.544348 0.00103532
