1 0.371602 0.413649 0.327622 0.586173 0.101832
1 0.58492 0.513167 0.820016 0.961758 0.0495559
1 0.36054 0.527091 0.281203 0.325735 0.0409692
1 0.886175 0.799804 0.227649 0.39991 0.0282983
1 0.328463 0.621149 0.373757 0.445686 0.0174477
1 0.915471 0.643059 0.169059 0.708077 0.0155947
1 0.795899 0.856962 0.406276 0.284978 0.0154422
1 0.848619 0.526694 0.295183 0.928789 0.0135933
1 0.763266 0.674282 0.467551 0.651437 0.00869932
1 0.626582 0.822247 0.746837 0.353583 0.00577051
1 0.744555 0.921225 0.51089 0.157549 0.0051951
1 0.451831 0.685539 0.599815 0.618492 0.00420046
1 0.307936 0.758141 0.4395 0.479501 0.00370146
1 0.217634 0.563701 0.370204 0.768031 0.00244208
1 0.555029 0.408414 0.561431 0.680798 0.00172087
1 0.737684 0.296842 0.366427 0.514787 0.00116968
1 0.16699 0.911383 0.206143 0.162963 0.00111275
1 0.373139 0.860057 0.558409 0.276961 0.00107768
