1 0.485404 0.469085 0.908809 0.878921 0.124702
1 0.259671 0.449235 0.452096 0.761047 0.0704297
1 0.185962 0.505878 0.339991 0.526269 0.0388705
1 0.194026 0.673618 0.343024 0.26666 0.0384108
1 0.415326 0.778377 0.769801 0.439706 0.0309069
1 0.643291 0.559504 0.367599 0.736579 0.0272661
1 0.245142 0.737115 0.450341 0.419689 0.0258923
1 0.720623 0.104733 0.536677 0.202209 0.0217634
1 0.13276 0.622395 0.232046 0.275252 0.01834
1 0.742751 0.886637 0.437189 0.225378 0.00570994
1 0.0843125 0.527913 0.160065 0.498424 0.0040373
1 0.585075 0.830681 0.516554 0.32241 0.00373379
1 0.662059 0.45382 0.251516 0.512785 0.00364026
1 0.460005 0.899097 0.768901 0.201806 0.00330072
1 0.709564 0.75834 0.256557 0.440846 0.00296142
1 0.220281 0.295126 0.334436 0.444554 0.00281382
1 0.569343 0.240751 0.827126 0.48137 0.00248719
1 0.820921 0.0830228 0.358158 0.162182 0.00211448
1 0.646534 0.343256 0.20775 0.263596 0.00208464
1 0.790041 0.544195 0.398306 0.799795 0.00178887
1 0.536394 0.0828352 0.859932 0.165082 0.00176253
1 0.720614 0.602762 0.198356 0.345324 0.00165718
1 0.127719 0.596412 0.255437 0.50204 0.00165409
1 0.280875 0.178942 0.343993 0.250779 0.0016156
1 0.487502 0.158359 0.772736 0.253326 0.00158046
1 0.166095 0.813925 0.323267 0.334083 0.00147909
1 0.738176 0.928851 0.427753 0.0874064 0.00144698
1 0.115471 0.729477 0.221056 0.354499 0.00138862
1 0.201601 0.210915 0.348499 0.197623 0.00117388
1 0.386183 0.230231 0.575646 0.355314 0.00111397
1 0.594802 0.380138 0.314038 0.405988 0.00100683
