1 0.212075 0.382866 0.361636 0.717767 0.0467061
1 0.383163 0.368625 0.397274 0.724182 0.0280867
1 0.271822 0.585072 0.317289 0.330398 0.0279909
1 0.472698 0.0996149 0.456598 0.198519 0.0176741
1 0.21683 0.605587 0.19016 0.272368 0.0167264
1 0.557068 0.40706 0.443214 0.81412 0.0100559
1 0.350692 0.533095 0.261463 0.360899 0.00658686
1 0.390601 0.609354 0.256644 0.333942 0.00614593
1 0.599931 0.0666807 0.298892 0.131441 0.00593181
1 0.918446 0.708003 0.148097 0.432061 0.00400617
1 0.326417 0.580835 0.4538 0.518197 0.00384686
1 0.589822 0.126286 0.342685 0.24399 0.00358635
1 0.344194 0.0652035 0.378112 0.127158 0.00292289
1 0.731064 0.451619 0.4575 0.856238 0.00292091
1 0.480481 0.254957 0.514124 0.509533 0.00281731
1 0.915543 0.850243 0.150038 0.277289 0.00280797
1 0.871899 0.487135 0.249206 0.789477 0.00269831
1 0.376205 0.169636 0.35494 0.317571 0.00185181
1 0.895259 0.911855 0.178315 0.151293 0.00179752
1 0.828772 0.650039 0.245173 0.372988 0.00158655
1 0.161607 0.551726 0.20968 0.462398 0.00158364
1 0.305127 0.285664 0.347765 0.523689 0.00147641
1 0.630146 0.218764 0.496957 0.436197 0.0011902
1 0.462532 0.642653 0.263174 0.349527 0.00106538
