1 0.811178 0.669511 0.17448 0.254906 0.0182827
1 0.436124 0.512507 0.736084 0.861633 0.0152204
1 0.646526 0.694604 0.515623 0.410818 0.0144964
1 0.813298 0.618292 0.232122 0.387806 0.010927
1 0.293857 0.473065 0.419318 0.745926 0.0108752
1 0.186593 0.754768 0.257061 0.378273 0.0087679
1 0.700352 0.497698 0.441495 0.70588 0.00820193
1 0.199693 0.589825 0.224692 0.434248 0.00764334
1 0.293262 0.729735 0.452513 0.431635 0.00668891
1 0.261823 0.663762 0.312605 0.337873 0.00489806
1 0.250435 0.848676 0.412298 0.285341 0.00444514
1 0.816907 0.500034 0.309522 0.625547 0.00348665
1 0.193467 0.703331 0.194997 0.231787 0.00323497
1 0.451605 0.459411 0.390186 0.78827 0.00281514
1 0.169954 0.52321 0.309216 0.764046 0.00222637
1 0.272682 0.928887 0.430714 0.118021 0.00212385
1 0.353961 0.579317 0.354641 0.476179 0.00188865
1 0.758499 0.0885954 0.395931 0.160419 0.00187634
1 0.141701 0.553588 0.190188 0.587283 0.0018211
1 0.15345 0.681719 0.189333 0.322802 0.00179763
1 0.157489 0.874185 0.256971 0.243879 0.00175281
1 0.680952 0.135988 0.257126 0.169858 0.00165596
1 0.661332 0.218217 0.215367 0.168425 0.0016172
1 0.579115 0.670693 0.77824 0.5761 0.00161438
1 0.783314 0.88633 0.408628 0.206081 0.00140506
1 0.494026 0.671537 0.408769 0.437096 0.00139871
1 0.899378 0.937522 0.178412 0.0980344 0.00117854
1 0.238494 0.0708547 0.476987 0.141709 0.00117242
1 0.429148 0.799212 0.769196 0.371133 0.00116998
1 0.877171 0.89513 0.223377 0.176186 0.00102643
