1 0.29458 0.360752 0.454026 0.574839 0.0378068
1 0.337323 0.469587 0.394912 0.347352 0.0363557
1 0.575242 0.335213 0.484942 0.64751 0.0250485
1 0.413437 0.445874 0.219876 0.296949 0.019659
1 0.445096 0.30932 0.289361 0.585627 0.0168999
1 0.496272 0.477948 0.353104 0.355247 0.00657893
1 0.769982 0.0953842 0.448116 0.177369 0.00474745
1 0.770414 0.524794 0.152367 0.200114 0.00433973
1 0.731938 0.420205 0.402036 0.541979 0.00361104
1 0.265412 0.0754517 0.530825 0.150903 0.00354549
1 0.787809 0.465807 0.212668 0.400481 0.00316544
1 0.642975 0.502868 0.395641 0.288848 0.0027668
1 0.226004 0.438856 0.283743 0.410068 0.00258519
1 0.796922 0.609813 0.232474 0.46054 0.00250911
1 0.690653 0.130709 0.297587 0.193006 0.00250542
1 0.306138 0.530486 0.514513 0.581191 0.00230382
1 0.572244 0.816685 0.733692 0.36266 0.00223255
1 0.285304 0.0592422 0.351425 0.113293 0.00215145
1 0.889213 0.918011 0.174729 0.122725 0.00199476
1 0.340145 0.11853 0.322709 0.219243 0.00182089
1 0.893078 0.860789 0.163465 0.16136 0.00179482
1 0.784887 0.916921 0.366714 0.139992 0.00179059
1 0.481463 0.130141 0.5301 0.230851 0.0017756
1 0.799812 0.838843 0.346172 0.259776 0.00176986
1 0.68213 0.900859 0.574373 0.186923 0.00145592
1 0.580229 0.616463 0.569895 0.618585 0.00120969
1 0.106 0.952118 0.173759 0.095701 0.00120909
1 0.593122 0.940339 0.580979 0.119194 0.0011924
1 0.765792 0.951074 0.341682 0.0928304 0.0010852
