1 0.543604 0.501006 0.783869 0.655071 0.183963
1 0.363933 0.415005 0.442269 0.737468 0.110693
1 0.310149 0.46201 0.292512 0.489512 0.0676697
1 0.323585 0.591931 0.338534 0.421938 0.0502163
1 0.758359 0.469512 0.320479 0.55078 0.0437648
1 0.405079 0.696273 0.563071 0.55792 0.0119218
1 0.797653 0.704949 0.295292 0.328691 0.00858644
1 0.737872 0.663759 0.411869 0.492672 0.00749842
1 0.241443 0.534405 0.45967 0.682887 0.00444988
1 0.7653 0.615452 0.28946 0.328261 0.00409097
1 0.72273 0.81665 0.497673 0.362105 0.00393921
1 0.859176 0.812151 0.186103 0.338785 0.00371114
1 0.335662 0.799617 0.451236 0.386031 0.00342704
1 0.82461 0.559146 0.257136 0.770385 0.0016754
1 0.737164 0.928855 0.429353 0.136651 0.00113937
1 0.441972 0.867262 0.681369 0.262679 0.00101328
1 0.829852 0.882224 0.301603 0.210497 0.00101274
