1 0.561667 0.386462 0.69755 0.743922 0.064898
1 0.383755 0.323771 0.328245 0.61144 0.0295492
1 0.377951 0.506238 0.266316 0.251049 0.026522
1 0.684848 0.394014 0.332406 0.689017 0.0105542
1 0.79063 0.12873 0.392516 0.238507 0.0102527
1 0.583315 0.143342 0.731641 0.283618 0.00784592
1 0.489108 0.563882 0.541909 0.385075 0.00775362
1 0.353282 0.124406 0.362465 0.227643 0.00732958
1 0.48331 0.215231 0.491544 0.414386 0.00398101
1 0.775405 0.459316 0.299051 0.634832 0.00329282
1 0.68363 0.608945 0.305624 0.271908 0.00315664
1 0.761594 0.242821 0.437473 0.484108 0.0026562
1 0.334962 0.490191 0.356214 0.503696 0.00201799
1 0.286097 0.195626 0.523136 0.385715 0.0016743
1 0.624653 0.615543 0.445031 0.379786 0.00125389
1 0.306953 0.0724284 0.512974 0.140898 0.0012438
