1 0.777844 0.651712 0.330824 0.645909 0.282302
1 0.635002 0.583983 0.70786 0.796896 0.12835
1 0.333603 0.585152 0.551986 0.816951 0.0914136
1 0.189814 0.796666 0.230924 0.362669 0.0680047
1 0.191788 0.647753 0.262676 0.647461 0.0620034
1 0.283877 0.860852 0.443317 0.278297 0.0262392
1 0.221402 0.918321 0.301204 0.117217 0.0218992
1 0.263522 0.563331 0.278118 0.80093 0.01643
1 0.823775 0.829524 0.346001 0.32341 0.0146279
1 0.87192 0.654593 0.241975 0.606087 0.00718015
1 0.146314 0.897761 0.216916 0.182262 0.0040717
1 0.290893 0.729797 0.390077 0.527322 0.00378678
1 0.163081 0.866861 0.326163 0.266277 0.00378618
1 0.85851 0.927042 0.258993 0.0929304 0.00375518
1 0.702193 0.744244 0.595615 0.482385 0.00367732
1 0.460414 0.759438 0.805511 0.47865 0.00328554
1 0.109437 0.682614 0.209512 0.634772 0.00292249
1 0.272784 0.338716 0.194729 0.1984 0.00159605
1 0.266861 0.408566 0.223438 0.349287 0.00155018
1 0.28288 0.286057 0.206791 0.150563 0.00142895
1 0.789064 0.919347 0.335348 0.152735 0.0013813
1 0.869877 0.884804 0.247317 0.213902 0.00136901
1 0.11226 0.939137 0.224519 0.121726 0.00135138
1 0.182005 0.61492 0.364009 0.758937 0.00112431
