1 0.582522 0.485155 0.815038 0.81041 0.41208
1 0.387871 0.53729 0.351104 0.625712 0.0485164
1 0.336249 0.631399 0.270021 0.417699 0.0310391
1 0.790875 0.50048 0.404043 0.696782 0.0219731
1 0.557598 0.698329 0.85402 0.507593 0.0192654
1 0.32418 0.456887 0.546216 0.860536 0.0112458
1 0.299066 0.620847 0.406827 0.572791 0.00472088
1 0.298668 0.475859 0.292632 0.68561 0.00300097
1 0.87332 0.609921 0.250952 0.695082 0.00240708
1 0.752187 0.739925 0.4842 0.469785 0.00233993
1 0.478006 0.388581 0.472639 0.736895 0.00190272
1 0.303033 0.733497 0.308114 0.327822 0.00188548
