1 0.557359 0.483616 0.854566 0.793538 0.284755
1 0.374583 0.477585 0.398636 0.654895 0.157418
1 0.738289 0.440777 0.406699 0.551507 0.0753733
1 0.317632 0.544137 0.268335 0.478755 0.0207117
1 0.755743 0.550713 0.328611 0.273842 0.0169836
1 0.701712 0.587961 0.515532 0.480469 0.0128208
1 0.299193 0.6448 0.203257 0.222012 0.00690037
1 0.325828 0.661515 0.351998 0.396497 0.00249724
1 0.849646 0.405584 0.291525 0.598891 0.00217107
1 0.253719 0.453845 0.507437 0.826827 0.00214742
1 0.803903 0.68869 0.376625 0.561731 0.00191429
1 0.243299 0.46992 0.288543 0.660116 0.00180961
1 0.74552 0.0887169 0.504744 0.170594 0.00155467
1 0.5777 0.751721 0.815127 0.493468 0.00142468
1 0.365396 0.632587 0.529749 0.607531 0.00110213
1 0.5 0.105824 1 0.210357 0.00110019
1 0.621362 0.279582 0.746688 0.559164 0.00105479
1 0.329386 0.319598 0.342477 0.526856 0.00104982
1 0.255651 0.0862858 0.511302 0.167937 0.0010314
1 0.781068 0.279563 0.404851 0.477443 0.00100853
