1 0.528973 0.464872 0.925737 0.854559 0.438872
1 0.26368 0.520506 0.31964 0.562029 0.220344
1 0.728682 0.643784 0.443604 0.643082 0.216819
1 0.762605 0.589242 0.287381 0.466316 0.160995
1 0.256885 0.716935 0.402206 0.421167 0.0293568
1 0.333948 0.474359 0.501667 0.779974 0.0219599
1 0.792323 0.723354 0.311541 0.437308 0.0203851
1 0.166918 0.499179 0.302232 0.64658 0.0158849
1 0.756218 0.418419 0.459465 0.797093 0.00912
1 0.471931 0.719752 0.886075 0.560496 0.00356522
1 0.745603 0.834747 0.489357 0.298103 0.00282871
1 0.85006 0.624904 0.275784 0.500175 0.00201568
1 0.771343 0.225902 0.450376 0.396789 0.00180599
1 0.257355 0.831511 0.462595 0.331471 0.00134403
1 0.78312 0.126131 0.433759 0.225494 0.00115363
1 0.842308 0.869651 0.287644 0.251332 0.00101751
