1 0.617605 0.816668 0.49479 0.360143 0.024455
1 0.747463 0.843245 0.423235 0.31351 0.00623604
1 0.651126 0.524721 0.415142 0.85912 0.00481035
1 0.626616 0.911146 0.470353 0.17536 0.00425843
1 0.397363 0.39203 0.372237 0.761811 0.00320875
1 0.740521 0.743977 0.281421 0.48823 0.00262172
1 0.503642 0.737521 0.653276 0.52392 0.00241824
1 0.483039 0.50519 0.646481 0.878793 0.00232191
1 0.340178 0.622618 0.458782 0.560406 0.00203902
1 0.249865 0.447418 0.248385 0.668364 0.00163536
1 0.243125 0.599381 0.187199 0.365853 0.00140273
1 0.746062 0.945672 0.331668 0.106234 0.0011593
