1 0.707241 0.480412 0.292083 0.556533 0.221865
1 0.494075 0.504792 0.98815 0.990417 0.0768807
1 0.272031 0.512262 0.527003 0.90683 0.0303036
1 0.638852 0.557744 0.442039 0.828202 0.0197423
1 0.114194 0.606006 0.213266 0.786119 0.0182973
1 0.775207 0.572287 0.357848 0.797532 0.0122415
1 0.74232 0.602652 0.224937 0.425594 0.0100517
1 0.133328 0.802023 0.207001 0.349302 0.00818621
1 0.175668 0.745554 0.319477 0.456323 0.00744544
1 0.271908 0.861525 0.48103 0.263033 0.00594712
1 0.231143 0.929859 0.385451 0.126919 0.00408907
1 0.807271 0.695991 0.26312 0.541984 0.00385666
1 0.326773 0.779178 0.578485 0.395557 0.00306669
1 0.0802385 0.764925 0.148602 0.46658 0.00286063
1 0.123843 0.934473 0.204574 0.131054 0.00249708
1 0.722326 0.846907 0.437178 0.270172 0.00202938
1 0.816425 0.879881 0.314238 0.209806 0.00198139
1 0.841051 0.935458 0.254973 0.102715 0.00194871
1 0.509422 0.436071 0.516016 0.741946 0.00193019
1 0.216973 0.0943419 0.417236 0.182637 0.00181568
1 0.266041 0.780902 0.33085 0.290427 0.00158511
1 0.73847 0.929979 0.360912 0.103033 0.00155195
1 0.367236 0.930613 0.458022 0.10352 0.00141699
1 0.903122 0.942463 0.148145 0.114839 0.00139445
1 0.664155 0.759112 0.554955 0.442253 0.00129576
1 0.875749 0.774087 0.161471 0.398395 0.00125821
1 0.27608 0.67279 0.420361 0.538831 0.00116848
1 0.521577 0.858405 0.704841 0.252714 0.00114013
1 0.886945 0.890468 0.169297 0.186061 0.00113681
1 0.203626 0.477653 0.345609 0.654837 0.00101054
