1 0.202434 0.682538 0.287906 0.32367 0.0335593
1 0.229967 0.528887 0.430598 0.669165 0.0140008
1 0.155637 0.597108 0.272242 0.525601 0.0115936
1 0.453551 0.552539 0.77942 0.797123 0.0106304
1 0.582978 0.684563 0.72762 0.559795 0.00887254
1 0.388936 0.715979 0.554237 0.446682 0.0065134
1 0.228148 0.73735 0.421678 0.453118 0.00546606
1 0.31373 0.821176 0.526192 0.338768 0.00433465
1 0.342622 0.475201 0.39156 0.798749 0.0039453
1 0.809793 0.628473 0.305512 0.643371 0.00340254
1 0.692304 0.88173 0.486717 0.233075 0.00335351
1 0.581949 0.706927 0.429579 0.440168 0.00330455
1 0.689081 0.788931 0.454589 0.354912 0.00276205
1 0.731178 0.518757 0.418256 0.795198 0.00264336
1 0.350168 0.715895 0.306246 0.338764 0.00233196
1 0.53902 0.855345 0.494429 0.24943 0.00223981
1 0.810429 0.806213 0.265875 0.324237 0.00223396
1 0.280636 0.928706 0.422132 0.113437 0.00152726
1 0.724425 0.9342 0.358803 0.0964386 0.0013984
1 0.313552 0.144862 0.318284 0.228348 0.00135108
1 0.831612 0.939225 0.248581 0.0935191 0.00133962
1 0.857161 0.701822 0.195559 0.499697 0.00121681
1 0.778523 0.692114 0.201639 0.348268 0.00110232
1 0.874889 0.899772 0.18381 0.180736 0.0010699
1 0.612047 0.536447 0.39787 0.681997 0.00106367
1 0.788802 0.840782 0.186089 0.226055 0.0010502
1 0.793395 0.903014 0.186388 0.165453 0.00104337
