1 0.551106 0.428865 0.884954 0.835495 0.129789
1 0.376485 0.388069 0.452441 0.755505 0.0906515
1 0.334561 0.584767 0.29328 0.23191 0.076014
1 0.309649 0.434966 0.294751 0.487304 0.0226849
1 0.323356 0.635838 0.3883 0.379117 0.0202681
1 0.528358 0.692316 0.73963 0.455536 0.0168304
1 0.271835 0.0694966 0.531791 0.138993 0.0144835
1 0.776921 0.088902 0.43004 0.173569 0.00858256
1 0.848973 0.474298 0.300806 0.696591 0.00722922
1 0.670435 0.546377 0.620824 0.558229 0.00578295
1 0.269392 0.318994 0.413901 0.59801 0.00478617
1 0.332053 0.134984 0.488781 0.264297 0.00438274
1 0.623768 0.094708 0.556399 0.183942 0.00412922
1 0.258651 0.548674 0.360946 0.416393 0.0032785
1 0.855537 0.0684776 0.273696 0.135954 0.0029381
1 0.731543 0.646353 0.389301 0.326115 0.00280305
1 0.795275 0.689101 0.247868 0.236312 0.00263646
1 0.401805 0.769633 0.562433 0.429443 0.00109776
1 0.755334 0.2157 0.429296 0.416281 0.00107906
