1 0.480112 0.477452 0.952274 0.954904 0.113015
1 0.276304 0.446435 0.509709 0.87076 0.0990808
1 0.213155 0.635984 0.331154 0.429198 0.0267577
1 0.576327 0.491564 0.499535 0.844846 0.0144538
1 0.15345 0.566278 0.258922 0.633766 0.00790831
1 0.763413 0.102237 0.459333 0.201786 0.00452074
1 0.772993 0.493786 0.454014 0.952767 0.00350366
1 0.344492 0.645487 0.65128 0.636161 0.00339643
1 0.641755 0.918747 0.43061 0.158112 0.00300224
1 0.422556 0.200065 0.528501 0.396736 0.00199219
1 0.547864 0.248053 0.388438 0.485666 0.00182147
1 0.114937 0.667464 0.177674 0.458004 0.00179557
1 0.843007 0.0639855 0.300042 0.127971 0.00179412
1 0.600958 0.870764 0.541443 0.233063 0.0017467
1 0.263728 0.761301 0.485577 0.473901 0.00170633
1 0.310226 0.316828 0.340903 0.593016 0.00143085
1 0.635956 0.152763 0.247494 0.261549 0.00135458
1 0.736486 0.94879 0.362627 0.10242 0.00111295
1 0.756194 0.485806 0.267822 0.669174 0.00109715
1 0.0969287 0.908004 0.179829 0.168806 0.00106195
