1 0.578648 0.556329 0.599748 0.3821 0.124457
1 0.382945 0.547328 0.442993 0.337935 0.0635904
1 0.334488 0.535754 0.287482 0.251203 0.0283835
1 0.474407 0.396912 0.617956 0.614466 0.0160351
1 0.750135 0.0840196 0.494246 0.168039 0.0137301
1 0.695092 0.542448 0.337489 0.310736 0.00985665
1 0.707977 0.362503 0.498614 0.678266 0.00839868
1 0.543653 0.0887216 0.789694 0.173992 0.0058667
1 0.297657 0.487225 0.294251 0.423675 0.00508746
1 0.654889 0.166963 0.582389 0.333656 0.00391977
1 0.876544 0.0885557 0.244156 0.177111 0.00314499
1 0.8036 0.453699 0.304376 0.575344 0.00257948
1 0.451357 0.0663159 0.519722 0.12872 0.00245677
1 0.324189 0.0888 0.399735 0.158857 0.00242019
1 0.509877 0.673639 0.82337 0.585396 0.0021398
1 0.558144 0.257672 0.822172 0.513846 0.00183624
1 0.204141 0.384159 0.366875 0.665811 0.00108535
