1 0.532302 0.454893 0.493549 0.735212 0.206821
1 0.505508 0.456048 0.850989 0.855167 0.127377
1 0.299955 0.409778 0.478828 0.793327 0.0259847
1 0.502517 0.675754 0.575378 0.453948 0.0127998
1 0.628111 0.68027 0.346334 0.332217 0.0100495
1 0.603338 0.398993 0.313279 0.485111 0.00759711
1 0.671563 0.520857 0.405524 0.70943 0.00515042
1 0.174407 0.518403 0.308917 0.621305 0.00444992
1 0.105251 0.574333 0.167286 0.581722 0.00275366
1 0.683342 0.738606 0.296841 0.266102 0.00220074
1 0.254397 0.644489 0.387958 0.404897 0.00192411
1 0.357596 0.460475 0.287262 0.616482 0.00163462
