1 0.513741 0.432153 0.63975 0.54866 0.12481
1 0.638078 0.450282 0.348579 0.436296 0.0356748
1 0.345269 0.430807 0.386932 0.470227 0.0319035
1 0.316231 0.462013 0.25219 0.348238 0.0258741
1 0.705433 0.526221 0.213745 0.258177 0.00865007
1 0.717967 0.386862 0.486411 0.647782 0.00423263
1 0.257663 0.338214 0.367512 0.604474 0.00420295
1 0.774744 0.476662 0.318484 0.494197 0.00319427
1 0.221716 0.204387 0.407208 0.350626 0.00270442
1 0.304765 0.550894 0.339702 0.375858 0.00265026
1 0.605227 0.566611 0.482013 0.376245 0.00223738
1 0.20519 0.0980866 0.391116 0.17703 0.00220232
1 0.252346 0.161591 0.307855 0.227915 0.00145137
1 0.409388 0.455391 0.397168 0.271199 0.00143792
