1 0.286391 0.444839 0.34459 0.533808 0.0652569
1 0.535104 0.512213 0.733141 0.780627 0.0516461
1 0.298793 0.400488 0.532973 0.70181 0.0253252
1 0.742593 0.614532 0.332886 0.681036 0.0238292
1 0.2754 0.582373 0.302738 0.281255 0.012413
1 0.744156 0.694461 0.254383 0.348738 0.0099255
1 0.259355 0.675706 0.438032 0.454419 0.0068891
1 0.735839 0.0673556 0.479254 0.133358 0.00635739
1 0.668802 0.517569 0.336215 0.629697 0.00398489
1 0.650922 0.711368 0.446367 0.416635 0.00348348
1 0.237045 0.0692104 0.47409 0.137947 0.00276604
1 0.486333 0.798891 0.860408 0.402217 0.00261803
1 0.609981 0.0891873 0.690703 0.174042 0.00197764
1 0.26631 0.138082 0.502826 0.27216 0.00179085
1 0.816966 0.53126 0.239207 0.71629 0.00176016
1 0.858578 0.0932872 0.279681 0.186574 0.00146263
1 0.173686 0.432268 0.310209 0.600474 0.00142053
1 0.722679 0.395886 0.492826 0.759963 0.00140033
1 0.814185 0.783576 0.265247 0.365965 0.00113994
1 0.747162 0.132802 0.489027 0.265605 0.00112838
1 0.689241 0.21725 0.612168 0.4345 0.00105595
1 0.447032 0.694467 0.646749 0.489565 0.00102382
