1 0.564027 0.448554 0.794546 0.716776 0.0420449
1 0.361014 0.463351 0.401845 0.672695 0.0210304
1 0.734841 0.33114 0.367394 0.583799 0.00734009
1 0.191523 0.0686596 0.383047 0.135978 0.00535476
1 0.567804 0.190174 0.815942 0.379606 0.00472391
1 0.465003 0.088552 0.881616 0.176326 0.00436368
1 0.808084 0.422899 0.313158 0.447293 0.00417377
1 0.656555 0.062276 0.651745 0.124552 0.004096
1 0.245373 0.384154 0.439485 0.756635 0.00349447
1 0.28976 0.0597973 0.521346 0.118563 0.00335976
1 0.292322 0.192441 0.578925 0.384034 0.00217802
1 0.816438 0.0887256 0.361092 0.177451 0.00136141
1 0.84703 0.289361 0.305019 0.571488 0.00100762
