1 0.522343 0.326451 0.630946 0.629269 0.0785657
1 0.290257 0.344643 0.325293 0.609563 0.0229309
1 0.274208 0.501753 0.195296 0.233752 0.0136243
1 0.273259 0.496158 0.269997 0.339017 0.0101786
1 0.492486 0.503083 0.732831 0.424282 0.00863594
1 0.750227 0.446296 0.189344 0.215623 0.00542175
1 0.683637 0.454969 0.341609 0.290062 0.00377755
1 0.639766 0.813673 0.684658 0.372653 0.00305565
1 0.770862 0.406455 0.289459 0.343497 0.00215508
1 0.655973 0.3367 0.393831 0.484525 0.00201763
1 0.661846 0.0882507 0.321511 0.166477 0.001587
1 0.16973 0.39441 0.306977 0.625476 0.00142419
1 0.828359 0.846625 0.312713 0.298814 0.00111548
