1 0.515099 0.405483 0.901502 0.800542 0.125998
1 0.562919 0.62555 0.767052 0.461372 0.0644514
1 0.261714 0.538386 0.276401 0.274841 0.0469364
1 0.718352 0.603518 0.442559 0.385422 0.0286313
1 0.253669 0.368361 0.391817 0.654803 0.0280741
1 0.723649 0.405304 0.444869 0.739412 0.0220107
1 0.793567 0.612366 0.292197 0.268292 0.0182797
1 0.140676 0.37098 0.217048 0.69552 0.00909811
1 0.861636 0.600783 0.211476 0.404944 0.00785673
1 0.870949 0.432213 0.202941 0.864427 0.00777
1 0.157189 0.542956 0.188855 0.287371 0.00765757
1 0.234894 0.150897 0.427392 0.241961 0.00765064
1 0.688852 0.711553 0.539352 0.428726 0.00673145
1 0.266075 0.573474 0.422026 0.415231 0.00605331
1 0.799517 0.103055 0.357735 0.180002 0.00560243
1 0.317 0.180612 0.569779 0.360075 0.00539762
1 0.846249 0.222706 0.263408 0.40463 0.00536844
1 0.20229 0.497276 0.233571 0.393229 0.00498659
1 0.773031 0.161186 0.425416 0.310384 0.00452906
1 0.848918 0.704315 0.27171 0.496777 0.00334026
1 0.446628 0.109785 0.806377 0.217006 0.00322935
1 0.680046 0.0686014 0.476795 0.134147 0.00322614
1 0.255931 0.0779752 0.437409 0.145753 0.00213442
1 0.672344 0.57046 0.628356 0.859079 0.00168232
1 0.605881 0.262441 0.685728 0.517723 0.00122169
1 0.748069 0.804859 0.4844 0.339005 0.00119937
1 0.425146 0.360973 0.446723 0.700236 0.00110442
