1 0.537756 0.425218 0.736811 0.418936 0.0343534
1 0.353257 0.488639 0.301461 0.23973 0.0220133
1 0.391563 0.414369 0.377108 0.360267 0.0083526
1 0.685293 0.450302 0.430127 0.303255 0.00733369
1 0.442565 0.310005 0.504033 0.534813 0.0037541
1 0.761086 0.059443 0.401671 0.11777 0.00239985
1 0.888573 0.910658 0.168343 0.160667 0.00204031
1 0.74246 0.11479 0.465474 0.196394 0.00165262
1 0.371203 0.89102 0.354267 0.201091 0.00161727
1 0.370943 0.94883 0.342415 0.0987022 0.00159329
1 0.590117 0.0860532 0.536699 0.164089 0.00159233
1 0.834094 0.858721 0.28669 0.266579 0.00127031
1 0.444134 0.0611329 0.462959 0.119093 0.00110268
1 0.3137 0.544742 0.274551 0.235086 0.00107742
1 0.782152 0.451808 0.246511 0.230695 0.00106692
