1 0.282061 0.469124 0.356625 0.491339 0.206239
1 0.542119 0.476561 0.781237 0.593595 0.0865392
1 0.77183 0.50198 0.260401 0.462909 0.0452993
1 0.791814 0.610666 0.214149 0.264056 0.0365465
1 0.218617 0.515155 0.241455 0.347947 0.0253925
1 0.739325 0.617843 0.347586 0.355082 0.00794273
1 0.178365 0.4619 0.271392 0.546492 0.00791069
1 0.709329 0.419595 0.351592 0.568972 0.00647582
1 0.266979 0.324025 0.420838 0.558684 0.00456835
1 0.242602 0.620317 0.434341 0.544253 0.00449549
1 0.848962 0.444875 0.263058 0.599459 0.00413555
1 0.50882 0.640982 0.961334 0.66729 0.00236011
1 0.810814 0.668441 0.353667 0.558847 0.00153012
1 0.739359 0.112745 0.456502 0.177123 0.00142084
1 0.310803 0.236174 0.348322 0.267145 0.00115621
1 0.715441 0.233697 0.38518 0.214545 0.00111427
