1 0.254697 0.468123 0.229413 0.482481 0.0366605
1 0.257972 0.580068 0.204564 0.2609 0.0188685
1 0.350795 0.505719 0.441106 0.622445 0.0133377
1 0.849328 0.537209 0.215928 0.566594 0.0127758
1 0.315502 0.63211 0.319155 0.294488 0.0118394
1 0.763801 0.54417 0.371423 0.643123 0.0117688
1 0.585246 0.519162 0.723038 0.648131 0.0114546
1 0.843502 0.657364 0.178729 0.302493 0.0105992
1 0.757127 0.684982 0.343675 0.312287 0.0060514
1 0.393067 0.686716 0.32467 0.287349 0.00577012
1 0.653698 0.676623 0.527796 0.423718 0.004457
1 0.466637 0.705507 0.194903 0.258527 0.00338002
1 0.548436 0.707813 0.350694 0.333221 0.0032072
1 0.18576 0.477079 0.309401 0.587761 0.00276725
1 0.840466 0.734316 0.229177 0.356754 0.0021616
1 0.329198 0.678649 0.480418 0.448207 0.00171961
1 0.311782 0.333715 0.336605 0.452135 0.00165426
1 0.693792 0.794983 0.413905 0.309259 0.00102959
