1 0.552093 0.638453 0.795847 0.685036 0.159113
1 0.578123 0.371912 0.827656 0.743586 0.117314
1 0.395182 0.340475 0.438376 0.673523 0.0268351
1 0.651228 0.285447 0.496883 0.568935 0.0223019
1 0.355358 0.5319 0.315252 0.394231 0.0196648
1 0.606548 0.488787 0.588039 0.561459 0.0138059
1 0.78844 0.275289 0.367903 0.542717 0.00792885
1 0.314147 0.493225 0.221276 0.279993 0.00588915
1 0.289232 0.480289 0.269324 0.633999 0.00578591
1 0.319358 0.548384 0.438514 0.779842 0.0050823
1 0.765926 0.479437 0.284139 0.408743 0.00423253
1 0.230911 0.353999 0.371111 0.696863 0.00363279
1 0.714539 0.071273 0.512001 0.140439 0.00263844
1 0.487554 0.502936 0.507394 0.386917 0.00238687
1 0.34403 0.0592028 0.3351 0.118406 0.00232281
1 0.359911 0.116012 0.375792 0.226598 0.00186332
1 0.735672 0.590046 0.446591 0.513385 0.00162534
1 0.545191 0.0698367 0.514211 0.139673 0.00151339
