1 0.369108 0.445405 0.444491 0.593403 0.0938562
1 0.771429 0.440412 0.452899 0.763051 0.0897598
1 0.496498 0.466197 0.816392 0.771164 0.0889405
1 0.277696 0.432907 0.227035 0.464624 0.019213
1 0.225413 0.377778 0.367584 0.692599 0.00698861
1 0.359795 0.25011 0.438172 0.357107 0.00635834
1 0.756949 0.652855 0.355271 0.324114 0.00626203
1 0.935844 0.45761 0.128313 0.490257 0.00349548
1 0.699884 0.293899 0.511518 0.484994 0.00318738
1 0.483205 0.172997 0.56929 0.248733 0.00310937
1 0.795801 0.196186 0.374016 0.263238 0.00257705
1 0.867774 0.400323 0.254982 0.450205 0.00247042
1 0.929162 0.609667 0.141677 0.482309 0.0022296
1 0.382764 0.133157 0.420607 0.190373 0.00199557
1 0.216587 0.532336 0.25506 0.438956 0.00164992
1 0.778134 0.295306 0.344959 0.349663 0.00133424
1 0.87614 0.572825 0.239701 0.494457 0.00132403
1 0.623708 0.140266 0.496218 0.227853 0.00126738
1 0.485806 0.708007 0.387674 0.283487 0.00106146
1 0.389246 0.220904 0.274161 0.190577 0.00105356
