1 0.385237 0.427279 0.770473 0.803228 0.142436
1 0.213212 0.405345 0.425905 0.703854 0.0707993
1 0.62464 0.477536 0.373843 0.675424 0.0361205
1 0.588007 0.772667 0.535368 0.427863 0.0321014
1 0.64788 0.444894 0.238622 0.438881 0.0206486
1 0.139012 0.453126 0.268928 0.517323 0.0133397
1 0.186454 0.218565 0.361095 0.39703 0.0104356
1 0.167376 0.119382 0.330087 0.218672 0.00685413
1 0.0778783 0.465983 0.149261 0.451749 0.00682978
1 0.583702 0.635934 0.407112 0.520568 0.00590222
1 0.662017 0.555167 0.228673 0.319238 0.00565392
1 0.140441 0.0718049 0.280882 0.139002 0.00461224
1 0.66625 0.706249 0.296604 0.417745 0.00379547
1 0.604246 0.347943 0.299111 0.425448 0.00374509
1 0.696192 0.334958 0.248626 0.568887 0.00323697
1 0.585382 0.922743 0.566954 0.153993 0.00247308
1 0.582562 0.522605 0.581599 0.881631 0.00221713
1 0.372893 0.388646 0.427074 0.708155 0.00134784
