1 0.506686 0.340277 0.784194 0.676967 0.199816
1 0.272834 0.491358 0.301741 0.3042 0.0450509
1 0.295118 0.318388 0.400598 0.62916 0.0288725
1 0.715638 0.306875 0.393895 0.606256 0.0230426
1 0.674387 0.464293 0.41403 0.383175 0.0101847
1 0.459464 0.497598 0.695887 0.408442 0.00858271
1 0.292183 0.372304 0.584367 0.738662 0.00713754
1 0.725024 0.466572 0.274818 0.282535 0.00399977
1 0.710618 0.143602 0.439558 0.286266 0.00365428
1 0.336555 0.121414 0.403337 0.240701 0.00331644
1 0.400603 0.057269 0.336633 0.113114 0.00326992
1 0.290704 0.547836 0.430557 0.460148 0.00275329
1 0.570827 0.0655455 0.617751 0.131091 0.00218473
1 0.5 0.501009 1 0.997982 0.00208324
1 0.519738 0.129778 0.589922 0.259556 0.0019359
1 0.198328 0.518929 0.270719 0.264719 0.00170977
1 0.820911 0.341943 0.312887 0.639666 0.00163895
1 0.204348 0.413903 0.343625 0.559238 0.00127636
1 0.817689 0.447709 0.24481 0.326524 0.00103427
