1 0.343665 0.460124 0.456562 0.656084 0.00814854
1 0.474508 0.621999 0.703209 0.417846 0.00520167
1 0.235576 0.47829 0.256404 0.553211 0.00376248
1 0.245206 0.514978 0.490412 0.904534 0.00341548
1 0.608587 0.447465 0.467659 0.673649 0.00324947
1 0.340395 0.641526 0.317735 0.271065 0.00307848
1 0.616452 0.135862 0.251953 0.175124 0.00275924
1 0.603198 0.72482 0.523542 0.389778 0.00275741
1 0.643024 0.628924 0.393687 0.272347 0.00187778
1 0.25868 0.613428 0.269556 0.30826 0.00175107
1 0.752032 0.906668 0.288459 0.118534 0.0016889
1 0.622662 0.0956129 0.344105 0.16981 0.00163347
1 0.519224 0.632388 0.374946 0.344332 0.00161008
1 0.655247 0.862747 0.414617 0.185371 0.00160543
1 0.187165 0.587503 0.153026 0.331793 0.00125589
1 0.690651 0.779822 0.342643 0.291136 0.00121995
