1 0.55155 0.440555 0.771254 0.737883 0.262133
1 0.35489 0.38265 0.446145 0.727509 0.107747
1 0.70391 0.436866 0.407135 0.683542 0.0564541
1 0.317896 0.535951 0.347881 0.326345 0.02657
1 0.656817 0.593265 0.472262 0.438846 0.0241562
1 0.266549 0.373106 0.295323 0.585461 0.014813
1 0.804282 0.485525 0.315123 0.546906 0.00953635
1 0.752055 0.572541 0.278775 0.351246 0.00831564
1 0.32251 0.603992 0.491197 0.501436 0.00818285
1 0.332355 0.200015 0.344066 0.382844 0.00487183
1 0.442771 0.568273 0.327663 0.389075 0.00426152
1 0.356174 0.122062 0.256106 0.210329 0.00386146
1 0.824954 0.607415 0.236339 0.311327 0.00160243
1 0.281862 0.0962495 0.444381 0.1915 0.00137846
1 0.222537 0.511679 0.406591 0.490037 0.00106378
