1 0.395736 0.470077 0.703225 0.876902 0.0105788
1 0.371996 0.616062 0.320169 0.322462 0.0101434
1 0.466292 0.648357 0.201657 0.309518 0.00935299
1 0.2933 0.580179 0.215036 0.306073 0.00457996
1 0.40025 0.389655 0.359492 0.743599 0.00438613
1 0.628704 0.44958 0.556888 0.72621 0.0031853
1 0.540651 0.568724 0.390049 0.507221 0.00314533
1 0.24577 0.440901 0.266573 0.642454 0.00271239
1 0.334297 0.529599 0.428549 0.543551 0.00251363
1 0.27273 0.114287 0.472111 0.210355 0.00229315
1 0.41352 0.652475 0.491474 0.430375 0.00152133
1 0.232349 0.387708 0.462944 0.714656 0.00123642
1 0.418469 0.143586 0.742686 0.276277 0.00119244
