1 0.370606 0.407089 0.741212 0.70346 0.456827
1 0.506075 0.49538 0.419842 0.521465 0.0399418
1 0.291262 0.468266 0.553743 0.458348 0.0361439
1 0.181929 0.489513 0.295441 0.34971 0.0159704
1 0.57312 0.371766 0.321935 0.658985 0.00585677
1 0.592784 0.562823 0.254438 0.315149 0.00515276
1 0.222567 0.321886 0.443217 0.62804 0.00485266
1 0.60925 0.419226 0.680005 0.782845 0.00353505
1 0.202205 0.0987485 0.393035 0.16798 0.00277398
1 0.661352 0.504821 0.419839 0.671686 0.00250533
1 0.450844 0.272657 0.559022 0.522523 0.00204965
1 0.661264 0.123191 0.55273 0.226428 0.00159683
1 0.442238 0.591842 0.609833 0.452091 0.00130898
1 0.655217 0.256619 0.478215 0.487266 0.00122815
1 0.421068 0.133103 0.829661 0.252749 0.001221
