1 0.456906 0.437471 0.691952 0.674102 0.0614385
1 0.550386 0.583711 0.497 0.44968 0.0564077
1 0.618679 0.62796 0.358252 0.303886 0.011704
1 0.350022 0.528425 0.367482 0.311588 0.0116194
1 0.298382 0.529211 0.210407 0.245631 0.00981427
1 0.324107 0.367063 0.338415 0.598489 0.00890057
1 0.271175 0.456302 0.254408 0.440794 0.00767525
1 0.597267 0.401243 0.366845 0.690084 0.0068072
1 0.665991 0.534272 0.261428 0.435357 0.00245992
1 0.264455 0.567863 0.327569 0.399274 0.00132421
1 0.210454 0.364051 0.298831 0.608362 0.00132289
