1 0.297196 0.312528 0.483351 0.612164 0.0455082
1 0.426414 0.393815 0.771374 0.750327 0.0229781
1 0.718154 0.499273 0.445343 0.732484 0.00685577
1 0.5 0.5 1 1 0.00509513
1 0.245413 0.389641 0.251396 0.452959 0.0046186
1 0.626876 0.664957 0.458193 0.385174 0.00372044
1 0.767101 0.481305 0.234324 0.593086 0.00370482
1 0.761163 0.0905186 0.477674 0.178074 0.00280811
1 0.458723 0.295353 0.503342 0.586487 0.00219742
1 0.760577 0.596972 0.190312 0.355325 0.00212994
1 0.283004 0.412117 0.566009 0.820069 0.00211226
1 0.192372 0.446619 0.220777 0.380582 0.00207918
1 0.572858 0.514152 0.443064 0.661775 0.00200809
1 0.330475 0.126102 0.635279 0.2448 0.00178018
1 0.448945 0.777634 0.592759 0.442288 0.00161959
1 0.249915 0.0821451 0.499829 0.159833 0.0012809
1 0.158914 0.361343 0.302163 0.613943 0.00127935
