1 0.557917 0.399696 0.8599 0.795224 0.217107
1 0.393456 0.387792 0.469809 0.720752 0.172016
1 0.737152 0.347394 0.442245 0.676889 0.050047
1 0.325636 0.523643 0.317411 0.400229 0.0391646
1 0.355188 0.643064 0.407761 0.514003 0.0291496
1 0.811546 0.469715 0.351013 0.469941 0.0115654
1 0.782583 0.19949 0.422172 0.396075 0.0104505
1 0.568943 0.68536 0.834741 0.611183 0.0068189
1 0.252386 0.50815 0.308358 0.524979 0.00656123
1 0.769093 0.103515 0.441144 0.199032 0.00649953
1 0.278466 0.285794 0.522977 0.569981 0.00583336
1 0.495221 0.186616 0.781582 0.369547 0.0053401
1 0.281033 0.150751 0.493432 0.293 0.00483162
1 0.884639 0.35388 0.228731 0.683123 0.00378759
1 0.262417 0.0630078 0.489542 0.125383 0.00378252
1 0.388899 0.758647 0.587021 0.479245 0.0033211
1 0.520177 0.0837188 0.871543 0.167438 0.00278185
1 0.559926 0.858371 0.845718 0.282174 0.00201392
1 0.653158 0.503689 0.623637 0.531878 0.00182075
1 0.125651 0.0873041 0.247419 0.161923 0.00123113
1 0.766291 0.572427 0.459283 0.78444 0.00113545
1 0.241847 0.500677 0.483598 0.86334 0.00110886
