1 0.481782 0.400877 0.853694 0.790939 0.306003
1 0.299915 0.355564 0.479702 0.706854 0.166136
1 0.642033 0.342139 0.442439 0.671661 0.0332604
1 0.681479 0.12791 0.46606 0.255819 0.0127663
1 0.264569 0.204506 0.393652 0.3921 0.00842993
1 0.281659 0.558142 0.315965 0.280336 0.00734759
1 0.42642 0.563025 0.638533 0.37208 0.00526244
1 0.718094 0.0726396 0.389884 0.142457 0.00499298
1 0.559586 0.213423 0.573227 0.422466 0.00429437
1 0.230794 0.10272 0.393988 0.176513 0.00415168
1 0.457867 0.119064 0.817065 0.237206 0.00377449
1 0.575118 0.0821218 0.623162 0.164244 0.0032915
1 0.145504 0.162038 0.229407 0.233219 0.00200277
1 0.795471 0.356563 0.348718 0.692603 0.00171519
1 0.123953 0.359775 0.177943 0.609215 0.00156974
1 0.750647 0.600413 0.190086 0.165627 0.0013285
1 0.210838 0.611173 0.343849 0.408988 0.00132495
