1 0.539109 0.431851 0.921782 0.826586 0.221002
1 0.826059 0.410987 0.343416 0.627862 0.0437129
1 0.156608 0.472185 0.291636 0.545685 0.0409114
1 0.256332 0.410072 0.479731 0.677081 0.0288908
1 0.473899 0.15184 0.693635 0.277538 0.0178294
1 0.370261 0.316188 0.510011 0.580146 0.0135944
1 0.329841 0.130647 0.325085 0.224108 0.0121188
1 0.337955 0.210946 0.44032 0.318157 0.00675138
1 0.321779 0.520001 0.400364 0.358482 0.00654112
1 0.173769 0.568063 0.211936 0.305504 0.00508354
1 0.457609 0.0818226 0.577388 0.158827 0.00479423
1 0.719836 0.553894 0.517675 0.508332 0.0046413
1 0.713159 0.185835 0.493526 0.291984 0.00281187
1 0.426335 0.564163 0.636827 0.465628 0.00270941
1 0.713597 0.514074 0.572806 0.90851 0.00185598
1 0.594637 0.127751 0.553402 0.200808 0.00165844
1 0.518981 0.373574 0.528981 0.712762 0.00146337
1 0.336358 0.0817426 0.271024 0.149878 0.00105345
