1 0.53913 0.401848 0.890383 0.71709 0.0691012
1 0.316957 0.507954 0.279521 0.262257 0.0515563
1 0.340104 0.460837 0.379492 0.420899 0.0361407
1 0.306222 0.424415 0.530247 0.663145 0.0270466
1 0.563161 0.472629 0.534724 0.572222 0.022168
1 0.406822 0.541247 0.298789 0.309377 0.011688
1 0.228434 0.415887 0.323184 0.533142 0.0116363
1 0.597283 0.574416 0.492155 0.317914 0.0107333
1 0.419653 0.550554 0.675704 0.439878 0.0046821
1 0.306812 0.0774552 0.512256 0.15491 0.00466349
1 0.825196 0.459796 0.276945 0.521727 0.00446505
1 0.434661 0.10615 0.722218 0.2063 0.00395797
1 0.777294 0.532078 0.174941 0.323485 0.0037125
1 0.699127 0.0901083 0.520988 0.168912 0.00340952
1 0.586878 0.0634178 0.464546 0.126529 0.00323531
1 0.337149 0.276958 0.379622 0.436514 0.00253062
1 0.713804 0.482987 0.444495 0.517244 0.00251576
1 0.298832 0.15775 0.493505 0.285281 0.00187951
1 0.23571 0.554659 0.296674 0.333499 0.00173233
1 0.604452 0.138424 0.731731 0.25722 0.00150938
1 0.493768 0.332455 0.416765 0.617889 0.00108225
