1 0.463233 0.404042 0.841998 0.796784 0.132079
1 0.282715 0.332367 0.43433 0.626514 0.103992
1 0.739921 0.391167 0.460828 0.754214 0.0717081
1 0.148186 0.339682 0.2702 0.652714 0.0222939
1 0.329987 0.166059 0.471026 0.32176 0.0128103
1 0.500758 0.120966 0.768463 0.241931 0.0113329
1 0.862234 0.411844 0.224794 0.811278 0.00918554
1 0.194048 0.439455 0.256616 0.387007 0.00820751
1 0.514388 0.222599 0.6047 0.4426 0.00725791
1 0.279653 0.0959215 0.522237 0.190046 0.00584206
1 0.13944 0.498101 0.169493 0.284724 0.00480447
1 0.851722 0.565913 0.15565 0.231569 0.00329906
1 0.853643 0.126523 0.242073 0.21682 0.00212749
1 0.689575 0.144882 0.414966 0.257721 0.00185907
1 0.725996 0.627225 0.470013 0.464903 0.00178115
1 0.842299 0.575459 0.247963 0.392239 0.00166129
1 0.776914 0.207205 0.315937 0.356527 0.00150745
1 0.575181 0.0669355 0.641979 0.131059 0.00128184
1 0.114697 0.542015 0.173589 0.469075 0.00101485
