1 0.533262 0.371741 0.903252 0.743468 0.160138
1 0.330561 0.29211 0.421479 0.57574 0.0706093
1 0.701072 0.366489 0.449542 0.700557 0.0340507
1 0.319661 0.414553 0.303111 0.297631 0.0200177
1 0.529753 0.302616 0.540486 0.605166 0.0179177
1 0.684453 0.503588 0.374009 0.334967 0.0129878
1 0.773821 0.399205 0.265902 0.528954 0.0106307
1 0.742374 0.526682 0.239568 0.224476 0.0104434
1 0.601924 0.514282 0.581056 0.500717 0.00919585
1 0.297247 0.385886 0.594494 0.763112 0.00735609
1 0.217683 0.255701 0.32599 0.495094 0.00688902
1 0.679081 0.152163 0.354448 0.298502 0.00464354
1 0.315944 0.0919092 0.346161 0.179429 0.00457207
1 0.84568 0.360946 0.280246 0.64097 0.00438214
1 0.437496 0.453 0.448838 0.396763 0.00327559
1 0.373802 0.0600966 0.324471 0.120193 0.00320106
1 0.483977 0.0970515 0.603323 0.194103 0.00296992
1 0.610415 0.0689133 0.398573 0.13655 0.00223597
1 0.793468 0.551147 0.283222 0.316852 0.00204347
1 0.741526 0.0775868 0.465793 0.154634 0.00197775
1 0.731334 0.589275 0.400363 0.704735 0.00170206
1 0.577713 0.156091 0.697571 0.310848 0.00160948
1 0.302768 0.511186 0.387823 0.440959 0.00154481
1 0.708438 0.789569 0.458565 0.416221 0.00127455
