1 0.456312 0.474366 0.776942 0.898455 0.347162
1 0.306207 0.467622 0.438949 0.78274 0.127348
1 0.42149 0.338022 0.493249 0.595613 0.0262422
1 0.359003 0.359621 0.2852 0.445647 0.0237679
1 0.734045 0.384239 0.476916 0.691268 0.0112561
1 0.773219 0.223729 0.429685 0.431154 0.00493531
1 0.591559 0.290414 0.501505 0.50732 0.00474018
1 0.207095 0.535706 0.274627 0.660658 0.00346061
1 0.846084 0.350865 0.272885 0.681639 0.00314925
1 0.197303 0.779933 0.254807 0.294458 0.00240008
1 0.739035 0.137721 0.314932 0.209806 0.00207877
1 0.20454 0.780851 0.196929 0.169498 0.00195646
1 0.287801 0.253835 0.417756 0.461055 0.00133414
1 0.876933 0.620121 0.233647 0.357828 0.00120867
1 0.718987 0.106177 0.4884 0.20425 0.00109534
