1 0.724689 0.844322 0.286098 0.294864 0.0126678
1 0.475754 0.606695 0.7655 0.766677 0.0122313
1 0.650245 0.86427 0.39415 0.205329 0.00908939
1 0.514472 0.864299 0.687803 0.267137 0.00765801
1 0.736081 0.609405 0.358193 0.747377 0.00674401
1 0.360846 0.882521 0.410478 0.231789 0.00499645
1 0.766615 0.796501 0.187185 0.28739 0.00347941
1 0.643184 0.933713 0.438109 0.129163 0.00340728
1 0.768482 0.892698 0.4294 0.214603 0.00289872
1 0.407157 0.773956 0.489575 0.436091 0.00278471
1 0.217918 0.46832 0.288079 0.477117 0.00268331
1 0.751804 0.941026 0.289608 0.115547 0.00227633
1 0.22828 0.52423 0.191388 0.32463 0.00206717
1 0.310943 0.944717 0.342901 0.105631 0.0018184
1 0.221236 0.107102 0.442472 0.194479 0.00160187
1 0.808998 0.41899 0.17575 0.229879 0.00156406
1 0.252368 0.852669 0.195489 0.258961 0.00121294
1 0.867765 0.414504 0.181629 0.210356 0.00120849
1 0.4223 0.93034 0.49289 0.116066 0.00119979
1 0.766554 0.0576104 0.448823 0.114758 0.00113224
1 0.295844 0.671319 0.320372 0.619889 0.00113044
