1 0.485043 0.490781 0.970087 0.966367 0.0289918
1 0.382779 0.37631 0.411773 0.696743 0.0176938
1 0.753493 0.453517 0.477564 0.822919 0.00774507
1 0.864398 0.540279 0.250715 0.602652 0.0043479
1 0.750421 0.857781 0.476366 0.256119 0.00351415
1 0.229494 0.400151 0.226726 0.624173 0.00334982
1 0.185875 0.504944 0.2368 0.497354 0.00264626
1 0.277733 0.474236 0.470758 0.671473 0.00192171
1 0.766734 0.723691 0.433651 0.441477 0.00172827
1 0.587181 0.110216 0.798592 0.219244 0.00171839
1 0.532687 0.447764 0.510483 0.792606 0.00151723
1 0.620123 0.624235 0.735756 0.649598 0.00150543
1 0.422498 0.168537 0.416244 0.310497 0.00118965
1 0.748291 0.924704 0.455944 0.0975659 0.00104328
1 0.417629 0.0780961 0.513882 0.152477 0.00102192
