1 0.47775 0.483327 0.954159 0.939032 0.0991992
1 0.24862 0.558898 0.437619 0.6788 0.0219975
1 0.248319 0.654363 0.37989 0.361229 0.0138454
1 0.451918 0.470818 0.513028 0.826492 0.0116532
1 0.172563 0.534924 0.266657 0.525516 0.0115924
1 0.588902 0.582932 0.577723 0.677123 0.00796096
1 0.344267 0.698792 0.58715 0.507143 0.00609275
1 0.728418 0.50244 0.484346 0.839874 0.00581753
1 0.870456 0.611352 0.200498 0.702561 0.00573597
1 0.795955 0.593606 0.218931 0.498933 0.00387602
1 0.122702 0.669162 0.187414 0.475234 0.00335453
1 0.779079 0.711358 0.385079 0.476338 0.00253025
1 0.810275 0.872453 0.349162 0.249873 0.00239552
1 0.265295 0.831752 0.460598 0.310782 0.0022251
1 0.849715 0.771506 0.251655 0.39975 0.00221063
1 0.0982926 0.832845 0.159265 0.280483 0.00169962
1 0.845763 0.450048 0.286382 0.900096 0.00161121
1 0.888802 0.888403 0.182185 0.194514 0.0015086
1 0.747153 0.496713 0.256254 0.696438 0.00149519
1 0.835685 0.937179 0.276092 0.100318 0.00144773
1 0.756204 0.0698652 0.457019 0.137393 0.00132233
1 0.151611 0.805435 0.27149 0.36239 0.00127696
1 0.631309 0.691234 0.500612 0.388971 0.00114841
1 0.181112 0.686651 0.349286 0.545509 0.00113721
1 0.721155 0.931963 0.445433 0.108035 0.00109277
1 0.503094 0.729793 0.441837 0.441576 0.00108381
1 0.1789 0.375146 0.334212 0.683861 0.00104509
