1 0.303985 0.309515 0.479499 0.616562 0.217777
1 0.530988 0.334751 0.788376 0.669502 0.191435
1 0.504605 0.13755 0.608169 0.2751 0.0277787
1 0.758102 0.330542 0.447309 0.658324 0.019249
1 0.437329 0.0929027 0.444121 0.184042 0.0114716
1 0.666985 0.441425 0.66603 0.88285 0.00715458
1 0.689813 0.197832 0.499691 0.393805 0.00671736
1 0.333852 0.182472 0.370892 0.358482 0.00611557
1 0.842334 0.3107 0.252667 0.578786 0.00353515
1 0.655143 0.469643 0.4868 0.477786 0.00271661
1 0.604334 0.0907243 0.431443 0.181449 0.00268371
1 0.706096 0.815414 0.522313 0.369172 0.00250694
1 0.160646 0.356815 0.321292 0.711072 0.00183895
