1 0.504345 0.451861 0.899472 0.886986 0.163133
1 0.678704 0.435677 0.434462 0.810524 0.087864
1 0.35932 0.178392 0.363119 0.3428 0.0250904
1 0.394959 0.421022 0.420743 0.810297 0.0238536
1 0.345338 0.692243 0.33934 0.262712 0.0154043
1 0.497896 0.142327 0.547782 0.283361 0.00923169
1 0.563549 0.682032 0.478296 0.349106 0.00790696
1 0.289021 0.662533 0.19597 0.20647 0.00715803
1 0.685611 0.653856 0.350739 0.395876 0.00562759
1 0.612838 0.11295 0.371977 0.221356 0.00517116
1 0.293358 0.282672 0.519902 0.553296 0.00420505
1 0.246835 0.461591 0.27474 0.663136 0.00363961
1 0.652646 0.214332 0.469376 0.428058 0.00303839
1 0.342197 0.696239 0.538601 0.471158 0.00286431
1 0.290259 0.106986 0.374773 0.182895 0.00261571
1 0.286752 0.569721 0.221773 0.414407 0.00246616
1 0.693497 0.0741359 0.400446 0.146878 0.00230513
1 0.260965 0.759339 0.344157 0.412377 0.00225778
1 0.206906 0.614863 0.31537 0.500711 0.00202193
1 0.815172 0.415808 0.355788 0.778924 0.00186485
1 0.738696 0.46391 0.246362 0.636311 0.00142045
1 0.37859 0.806263 0.734557 0.370981 0.00139808
1 0.466094 0.615699 0.678213 0.50781 0.00129752
1 0.693775 0.649319 0.571237 0.589346 0.00118774
1 0.750198 0.17029 0.459821 0.311805 0.00112724
