1 0.473746 0.436865 0.945439 0.868578 0.285739
1 0.177061 0.523893 0.266401 0.591252 0.0932556
1 0.687534 0.432029 0.43183 0.752293 0.086041
1 0.251817 0.43428 0.327532 0.742827 0.0626138
1 0.207608 0.625577 0.255211 0.337958 0.0545811
1 0.791632 0.487068 0.259886 0.659579 0.0455838
1 0.395921 0.58941 0.712607 0.54601 0.0419211
1 0.794676 0.665282 0.202302 0.274422 0.0155206
1 0.7324 0.646182 0.33767 0.341908 0.0078984
1 0.256775 0.201662 0.352845 0.320694 0.00626923
1 0.29708 0.675932 0.488821 0.430347 0.00575239
1 0.257625 0.107675 0.354764 0.174278 0.00389847
1 0.473624 0.758868 0.918575 0.482263 0.0036549
1 0.172073 0.731614 0.290245 0.428027 0.00333582
1 0.720758 0.206911 0.418249 0.372584 0.00275755
1 0.20398 0.648569 0.40796 0.573071 0.00257883
1 0.213843 0.0707683 0.344848 0.135256 0.00238923
1 0.838742 0.719772 0.229993 0.308349 0.00216395
1 0.677969 0.346568 0.28913 0.531839 0.00207092
1 0.81159 0.0719236 0.376821 0.140379 0.00154962
1 0.13514 0.458932 0.270281 0.899163 0.00154293
1 0.613505 0.707641 0.553317 0.376768 0.00151501
1 0.180502 0.244889 0.323369 0.451907 0.00145756
1 0.798859 0.28373 0.384652 0.543968 0.00135754
1 0.0948387 0.482163 0.180369 0.765624 0.00128801
1 0.482578 0.11787 0.792855 0.216322 0.00127311
1 0.658028 0.110426 0.296063 0.200746 0.00118817
