1 0.64365 0.405976 0.687126 0.781457 0.0102669
1 0.3625 0.40741 0.423905 0.755749 0.00812008
1 0.842782 0.375017 0.311041 0.744743 0.00638281
1 0.516881 0.584523 0.407182 0.479095 0.00394746
1 0.903617 0.652523 0.182152 0.523981 0.00233794
1 0.881982 0.513802 0.211182 0.477535 0.00217254
1 0.16569 0.443177 0.317851 0.753057 0.00196446
1 0.37619 0.605634 0.447858 0.465678 0.00181569
1 0.729213 0.581083 0.509171 0.630205 0.00175309
1 0.898343 0.796075 0.2028 0.395591 0.00120168
1 0.733585 0.0630288 0.520137 0.126058 0.0010339
