1 0.319829 0.487945 0.2899 0.275709 0.0365523
1 0.332971 0.324517 0.329802 0.574233 0.0293121
1 0.518391 0.346695 0.570701 0.667756 0.0279377
1 0.292892 0.542423 0.422091 0.470491 0.0128676
1 0.291873 0.713899 0.510635 0.556666 0.0103067
1 0.237735 0.409964 0.362376 0.560637 0.006793
1 0.925918 0.807938 0.138984 0.376555 0.00542461
1 0.539755 0.686173 0.711854 0.624288 0.00484745
1 0.755394 0.81575 0.482008 0.361605 0.00368622
1 0.735569 0.935219 0.521013 0.128361 0.00310915
1 0.869456 0.927876 0.235427 0.138914 0.0030921
1 0.838171 0.869665 0.314741 0.255139 0.0030493
1 0.465749 0.094003 0.662338 0.185525 0.00281845
1 0.560437 0.84905 0.771181 0.300977 0.00218029
1 0.881611 0.766714 0.218792 0.45649 0.00194982
1 0.954451 0.74246 0.0866467 0.466927 0.00174294
1 0.280848 0.862255 0.534101 0.272526 0.00172542
1 0.341192 0.126709 0.331501 0.23331 0.00172344
1 0.341838 0.0766977 0.683675 0.153395 0.00152468
1 0.67379 0.0723861 0.626822 0.141964 0.00149709
1 0.565934 0.185702 0.396705 0.346101 0.0012916
1 0.659953 0.324122 0.356095 0.618415 0.00117219
1 0.498214 0.918188 0.735871 0.162146 0.00101862
1 0.846332 0.626738 0.293909 0.744403 0.00101048
