1 0.332448 0.357254 0.56007 0.703965 0.25434
1 0.600111 0.366387 0.647464 0.706145 0.079115
1 0.247269 0.386968 0.299116 0.601617 0.023217
1 0.653381 0.357559 0.295476 0.640551 0.0135402
1 0.225621 0.472627 0.231658 0.377434 0.00574553
1 0.160211 0.359071 0.28206 0.682807 0.00496035
1 0.781881 0.317365 0.412283 0.598814 0.00372787
1 0.628181 0.539939 0.269749 0.272853 0.00361815
1 0.522188 0.544569 0.482488 0.368264 0.00294784
1 0.295079 0.792554 0.551816 0.413211 0.00174346
1 0.241238 0.550155 0.379281 0.49357 0.00138229
1 0.224152 0.202278 0.416264 0.390059 0.00125491
1 0.665145 0.202609 0.241801 0.276312 0.00119123
1 0.213241 0.43103 0.426483 0.819827 0.00116706
1 0.398181 0.536304 0.71115 0.725577 0.00107168
1 0.141762 0.521244 0.178664 0.307491 0.00102719
