1 0.46197 0.460753 0.707279 0.802555 0.141441
1 0.29024 0.442771 0.401405 0.7307 0.092577
1 0.662294 0.452151 0.361138 0.801621 0.0280683
1 0.7594 0.586256 0.212648 0.534317 0.0210233
1 0.231546 0.606689 0.252178 0.410133 0.018715
1 0.762878 0.678359 0.176544 0.271467 0.00928778
1 0.747529 0.701914 0.289186 0.528403 0.00715027
1 0.749456 0.0584414 0.491221 0.116883 0.00698245
1 0.794312 0.745021 0.180296 0.398518 0.00588647
1 0.330015 0.393635 0.265215 0.547243 0.00392509
1 0.321066 0.640577 0.400517 0.418532 0.00341395
1 0.663617 0.69765 0.380056 0.360226 0.00316176
1 0.149769 0.441713 0.261251 0.755124 0.00302991
1 0.160351 0.580248 0.192402 0.494318 0.00260235
1 0.426495 0.421339 0.357026 0.719809 0.00256836
1 0.830217 0.571364 0.234905 0.598259 0.00209392
1 0.21573 0.570764 0.401777 0.656125 0.00176645
1 0.131546 0.678237 0.100236 0.295172 0.00157332
1 0.771591 0.113881 0.452819 0.221932 0.00147962
1 0.870658 0.0926318 0.254713 0.185264 0.00140503
1 0.622208 0.0887685 0.496771 0.161397 0.0010762
1 0.181759 0.741268 0.223653 0.406584 0.00102089
