1 0.289211 0.546677 0.350296 0.508025 0.147006
1 0.457978 0.493978 0.79575 0.814361 0.0803709
1 0.627402 0.662354 0.645264 0.606316 0.0438996
1 0.335364 0.649205 0.297719 0.349737 0.0203965
1 0.191159 0.561314 0.361464 0.627605 0.0174135
1 0.772086 0.582056 0.439674 0.708966 0.0115805
1 0.613413 0.0804796 0.750752 0.160959 0.0110155
1 0.323179 0.644462 0.587298 0.59714 0.00684867
1 0.362472 0.0768567 0.700186 0.152818 0.0043735
1 0.910618 0.809329 0.17836 0.333238 0.00426844
1 0.546999 0.134809 0.906003 0.262666 0.00385876
1 0.906471 0.545519 0.182424 0.590689 0.00374063
1 0.140461 0.60309 0.209877 0.46483 0.00364774
1 0.761279 0.108677 0.46601 0.194489 0.00335076
1 0.840687 0.714665 0.311869 0.523631 0.0033502
1 0.575719 0.790838 0.848561 0.418325 0.00267917
1 0.449782 0.693734 0.585668 0.43722 0.00243284
1 0.257696 0.48613 0.515392 0.848676 0.00202286
1 0.283548 0.743043 0.443611 0.320951 0.00185992
1 0.916423 0.704905 0.159221 0.273166 0.00180326
1 0.351225 0.256565 0.588775 0.448855 0.00177853
1 0.874506 0.908134 0.243004 0.173522 0.0014248
1 0.883047 0.405908 0.199604 0.315961 0.00119663
1 0.729251 0.919129 0.52095 0.128686 0.0010613
1 0.731884 0.833905 0.526649 0.323874 0.00100495
