1 0.253435 0.514361 0.351115 0.673871 0.061769
1 0.297132 0.49643 0.579339 0.925514 0.0315656
1 0.284035 0.691509 0.227576 0.355621 0.0310934
1 0.162313 0.575494 0.3047 0.629655 0.0186296
1 0.200142 0.722297 0.38267 0.466991 0.0130296
1 0.268024 0.79974 0.536049 0.389076 0.0115805
1 0.787049 0.509321 0.339338 0.927932 0.0110429
1 0.5 0.502371 1 0.995258 0.0088746
1 0.0871766 0.593647 0.169526 0.713877 0.00724801
1 0.919026 0.526288 0.10507 0.896208 0.00690352
1 0.196519 0.10528 0.393037 0.200072 0.0047027
1 0.232901 0.654037 0.465802 0.656929 0.00462226
1 0.868938 0.625738 0.218907 0.72897 0.00322035
1 0.240683 0.923343 0.481367 0.131024 0.00318468
1 0.220773 0.297713 0.355053 0.430231 0.00295283
1 0.183311 0.865134 0.366622 0.252544 0.00288729
1 0.870246 0.804857 0.200488 0.372399 0.00272652
1 0.917702 0.818958 0.0904645 0.340416 0.00268424
1 0.340003 0.652245 0.319261 0.564772 0.00254968
1 0.122856 0.528663 0.245712 0.886208 0.00239262
1 0.738106 0.0885911 0.523789 0.168632 0.00226141
1 0.423302 0.517348 0.429381 0.732446 0.00211582
1 0.422822 0.109127 0.845645 0.211916 0.00203195
1 0.959736 0.490261 0.0736778 0.729765 0.00192795
1 0.324193 0.174451 0.648386 0.320651 0.00153227
1 0.904589 0.369009 0.18993 0.664744 0.00151067
1 0.81184 0.728234 0.271987 0.516021 0.00136162
1 0.583447 0.679403 0.725278 0.612165 0.00129815
1 0.0511542 0.541741 0.0954503 0.676724 0.00113112
