1 0.534032 0.494747 0.793352 0.693488 0.148281
1 0.739563 0.450449 0.492768 0.709237 0.14823
1 0.347772 0.480117 0.397956 0.652444 0.143768
1 0.86931 0.496444 0.239632 0.521702 0.122582
1 0.264118 0.52392 0.235146 0.524226 0.0477937
1 0.78704 0.559014 0.394677 0.439949 0.0250983
1 0.354935 0.655841 0.421784 0.389542 0.0160483
1 0.285168 0.150912 0.465113 0.24869 0.00725415
1 0.889737 0.677225 0.220526 0.576155 0.00452612
1 0.511544 0.133839 0.943978 0.259592 0.00433436
1 0.76502 0.157107 0.454742 0.251881 0.00327771
1 0.32495 0.343493 0.332535 0.422569 0.00316748
1 0.649658 0.650507 0.69091 0.47442 0.0027228
1 0.239444 0.571996 0.455509 0.619208 0.00219846
1 0.771978 0.0788012 0.440456 0.150198 0.00196557
1 0.34055 0.233696 0.325394 0.265518 0.00112959
1 0.75598 0.802729 0.481447 0.374953 0.00104901
