1 0.393236 0.489471 0.346319 0.559673 0.127777
1 0.395428 0.640788 0.386509 0.405107 0.0672005
1 0.53176 0.478632 0.66622 0.680462 0.0348499
1 0.334377 0.597306 0.21609 0.356043 0.0258097
1 0.303967 0.533209 0.285645 0.591593 0.0135601
1 0.372564 0.664492 0.523827 0.600465 0.0105384
1 0.566446 0.709254 0.809361 0.550262 0.00628133
1 0.870762 0.471074 0.210161 0.444325 0.00615902
1 0.830731 0.39833 0.321694 0.508201 0.00397436
1 0.212685 0.61351 0.397067 0.745748 0.00374576
1 0.553129 0.850409 0.868242 0.297436 0.00293862
1 0.709656 0.474201 0.488733 0.586073 0.00290724
1 0.326202 0.451766 0.53367 0.74452 0.00286654
1 0.806869 0.18563 0.374747 0.297527 0.00261435
1 0.897633 0.588403 0.196559 0.46686 0.0024019
1 0.116534 0.597067 0.226921 0.805865 0.00143341
1 0.0979345 0.914402 0.122281 0.146035 0.00126274
1 0.46437 0.381587 0.371348 0.742368 0.00112973
1 0.407689 0.251276 0.281108 0.311167 0.00108436
