1 0.449076 0.417256 0.522079 0.801982 0.0209216
1 0.304997 0.433682 0.461352 0.711468 0.00502144
1 0.328664 0.597629 0.229267 0.271814 0.00466682
1 0.3311 0.537418 0.294594 0.425528 0.00445157
1 0.643497 0.426519 0.451088 0.703891 0.00346944
1 0.219581 0.565355 0.37261 0.563765 0.00218082
1 0.572237 0.563287 0.641115 0.508559 0.00191557
1 0.751247 0.511078 0.337996 0.626617 0.0019141
1 0.379866 0.594683 0.479622 0.507511 0.00187043
1 0.268946 0.0718822 0.428957 0.143764 0.00126638
1 0.860457 0.465939 0.253557 0.925976 0.00124846
1 0.81234 0.523938 0.206641 0.485765 0.00115481
1 0.753797 0.103689 0.479709 0.192897 0.00108071
1 0.197688 0.375643 0.326177 0.653499 0.00103833
