1 0.405278 0.469437 0.310375 0.539007 0.136783
1 0.403963 0.637266 0.329208 0.367229 0.0524436
1 0.55579 0.45483 0.674729 0.678868 0.0458132
1 0.455557 0.596982 0.481776 0.594086 0.015656
1 0.639834 0.419165 0.427425 0.454603 0.0153828
1 0.566243 0.719046 0.749806 0.536922 0.011166
1 0.771707 0.332497 0.313934 0.565016 0.00854183
1 0.773977 0.478081 0.220634 0.34315 0.00836844
1 0.734378 0.413211 0.201061 0.270856 0.00788519
1 0.780458 0.476521 0.42652 0.678158 0.00558806
1 0.430585 0.777466 0.465644 0.42302 0.00549172
1 0.336325 0.481455 0.550619 0.757713 0.00464046
1 0.642442 0.851889 0.686039 0.290352 0.00234304
1 0.316395 0.656506 0.427844 0.599373 0.00228893
1 0.385695 0.307298 0.278164 0.301071 0.00225464
1 0.834319 0.606675 0.303006 0.586955 0.00200774
1 0.66168 0.601716 0.501288 0.500078 0.00179292
1 0.781311 0.794085 0.436884 0.402899 0.00155708
1 0.380177 0.233995 0.257514 0.174114 0.0014652
1 0.770043 0.106419 0.446825 0.199296 0.00126706
1 0.684324 0.203481 0.314513 0.274264 0.00108108
1 0.85881 0.0920888 0.276051 0.160544 0.00108079
