1 0.566256 0.849026 0.458198 0.298513 0.0579585
1 0.17489 0.546718 0.33448 0.649767 0.0205446
1 0.520148 0.576462 0.528986 0.743536 0.0163848
1 0.289369 0.516696 0.467249 0.741836 0.0142381
1 0.624529 0.750323 0.312497 0.354779 0.0109789
1 0.128873 0.603646 0.209729 0.395558 0.00833233
1 0.668139 0.895254 0.300108 0.206809 0.00832208
1 0.644412 0.649313 0.334216 0.659446 0.00746923
1 0.657997 0.691098 0.22705 0.263214 0.00483269
1 0.506941 0.923935 0.574275 0.152131 0.00470892
1 0.678516 0.54816 0.214566 0.546032 0.00400412
1 0.520395 0.494541 0.875124 0.891793 0.00354426
1 0.416474 0.812202 0.758157 0.367968 0.00270609
1 0.156277 0.710493 0.269233 0.333015 0.00218667
1 0.507347 0.0611973 0.556226 0.122395 0.00191341
1 0.0814068 0.666737 0.147284 0.355427 0.00142948
1 0.365815 0.0846999 0.573228 0.164081 0.00138556
1 0.718918 0.945541 0.321615 0.105027 0.00133084
1 0.210589 0.0579704 0.384702 0.111994 0.00132281
1 0.719887 0.840365 0.352682 0.31927 0.00107194
