1 0.724674 0.491292 0.49266 0.982583 0.0545596
1 0.826239 0.176185 0.33141 0.324506 0.0232786
1 0.703939 0.750965 0.428993 0.480738 0.0182574
1 0.810962 0.724958 0.287133 0.544966 0.00807591
1 0.519532 0.713129 0.582712 0.56293 0.00731337
1 0.299747 0.702051 0.428557 0.581491 0.00607958
1 0.868072 0.839964 0.175766 0.314975 0.00517684
1 0.872188 0.938806 0.156592 0.113587 0.00269086
1 0.340505 0.502131 0.50147 0.942027 0.00221392
1 0.429956 0.878735 0.531429 0.239434 0.00178264
1 0.375152 0.459484 0.196429 0.28166 0.00143553
1 0.732332 0.933422 0.378213 0.123699 0.0013953
1 0.419348 0.94398 0.432635 0.111125 0.00131426
1 0.588068 0.84013 0.639961 0.316478 0.00126586
1 0.259628 0.915202 0.316817 0.163597 0.00108217
1 0.206973 0.807041 0.394008 0.3829 0.00102692
1 0.82557 0.0941507 0.348859 0.178399 0.0010012
