1 0.587654 0.56687 0.66285 0.723255 0.117832
1 0.380663 0.543376 0.376122 0.583703 0.025576
1 0.806633 0.697655 0.173999 0.254054 0.0215045
1 0.803436 0.57424 0.240769 0.520237 0.0159029
1 0.272931 0.580471 0.222456 0.484763 0.0134317
1 0.685712 0.688792 0.494718 0.482695 0.0125717
1 0.789843 0.0991745 0.398561 0.193767 0.00817489
1 0.739918 0.841288 0.470644 0.284165 0.0069514
1 0.33017 0.641822 0.299289 0.343426 0.00693742
1 0.79663 0.587059 0.393217 0.643414 0.00639026
1 0.293003 0.43108 0.393747 0.75699 0.00563434
1 0.725643 0.714162 0.346341 0.318872 0.00559001
1 0.62046 0.801592 0.597072 0.375251 0.00508868
1 0.285555 0.743887 0.37096 0.359531 0.00327631
1 0.617857 0.106338 0.763373 0.203577 0.00314921
1 0.407726 0.713286 0.577628 0.462656 0.0027273
1 0.366818 0.0920238 0.648321 0.184048 0.00269529
1 0.248278 0.0665587 0.486189 0.133117 0.00264574
1 0.832907 0.0552956 0.320109 0.109842 0.00210495
1 0.330822 0.844107 0.518052 0.283964 0.00169634
1 0.747153 0.926738 0.434033 0.0909089 0.00161726
1 0.603048 0.93429 0.612205 0.131421 0.00156521
1 0.830449 0.776864 0.246098 0.37641 0.00153888
1 0.219206 0.87454 0.317048 0.213982 0.00143759
1 0.770654 0.230115 0.442881 0.446139 0.00139662
1 0.46101 0.140079 0.509229 0.206335 0.00117553
1 0.586889 0.0715049 0.540808 0.14301 0.00115862
