1 0.546066 0.457776 0.886546 0.867238 0.06554
1 0.598469 0.682786 0.662409 0.510196 0.0449662
1 0.298407 0.392046 0.478176 0.748405 0.0159711
1 0.669752 0.440344 0.501216 0.697354 0.014448
1 0.220972 0.480151 0.303098 0.540632 0.0141393
1 0.316147 0.604779 0.214415 0.240431 0.0101211
1 0.248127 0.603644 0.355515 0.311347 0.00888176
1 0.739456 0.736178 0.378704 0.377126 0.00883879
1 0.803373 0.456363 0.358938 0.853992 0.00574214
1 0.264869 0.071909 0.447393 0.142465 0.00520196
1 0.440502 0.612744 0.432881 0.353641 0.00494627
1 0.738546 0.661695 0.298784 0.242605 0.00483713
1 0.478714 0.112 0.804867 0.219079 0.00471947
1 0.842376 0.478092 0.219852 0.505996 0.00471396
1 0.517798 0.412818 0.454123 0.755685 0.00466892
1 0.731776 0.0702 0.496261 0.137252 0.0046461
1 0.862949 0.744784 0.203341 0.336846 0.00459149
1 0.745905 0.565866 0.355913 0.48548 0.0040703
1 0.363019 0.49579 0.297611 0.522661 0.00366322
1 0.714882 0.841079 0.486714 0.313493 0.00325467
1 0.144669 0.531853 0.215241 0.500295 0.00302961
1 0.163282 0.628226 0.234707 0.254799 0.00287449
1 0.815647 0.624232 0.216143 0.305329 0.0027572
1 0.317725 0.140968 0.443513 0.267085 0.00223129
1 0.852791 0.858877 0.264547 0.258856 0.00172259
1 0.727671 0.213016 0.432853 0.329589 0.0015828
1 0.653265 0.155865 0.275026 0.235284 0.00129763
1 0.255421 0.74414 0.420256 0.38936 0.00128817
1 0.112954 0.681131 0.159689 0.263334 0.00117135
1 0.559447 0.215482 0.488207 0.383584 0.00117025
1 0.318638 0.328317 0.30392 0.454171 0.00115328
1 0.813677 0.102342 0.372395 0.188404 0.00112778
1 0.773205 0.355913 0.224778 0.443704 0.0010831
1 0.360198 0.224079 0.257088 0.277694 0.00100427
