1 0.48114 0.434707 0.755832 0.826404 0.0967813
1 0.315955 0.412613 0.391085 0.825226 0.0548572
1 0.255469 0.171715 0.381933 0.319247 0.0227069
1 0.787862 0.384573 0.355669 0.682491 0.0101822
1 0.555594 0.634353 0.679237 0.500501 0.00788495
1 0.3291 0.670389 0.390064 0.396246 0.00670186
1 0.200208 0.447469 0.332189 0.816417 0.00401914
1 0.198964 0.155398 0.340045 0.203981 0.00181035
1 0.274924 0.656645 0.259321 0.288305 0.00151638
1 0.69163 0.57627 0.352043 0.375248 0.0014069
1 0.234066 0.477672 0.468131 0.939783 0.00126526
