1 0.360106 0.700792 0.256628 0.218268 0.0576107
1 0.57977 0.520896 0.614134 0.628437 0.0375601
1 0.391396 0.530434 0.336526 0.570276 0.0244662
1 0.61578 0.727363 0.705653 0.500183 0.0214437
1 0.395917 0.694367 0.356989 0.376744 0.0156722
1 0.314137 0.757863 0.255301 0.213945 0.00639954
1 0.716975 0.522517 0.408025 0.530309 0.00589642
1 0.734851 0.807814 0.482625 0.373231 0.00426871
1 0.843654 0.841599 0.284212 0.313851 0.00252419
1 0.798669 0.646479 0.335518 0.35848 0.00246641
1 0.797044 0.942234 0.33636 0.115031 0.00217904
1 0.337205 0.505504 0.54931 0.718129 0.00208605
1 0.82862 0.591889 0.221171 0.28688 0.00194401
1 0.394586 0.802477 0.49155 0.395046 0.00184493
1 0.676176 0.924402 0.560199 0.151197 0.00157566
1 0.823028 0.484325 0.324126 0.504758 0.00117028
