1 0.665471 0.433775 0.506699 0.798798 0.0865506
1 0.304327 0.390173 0.520356 0.737525 0.0199978
1 0.685893 0.302129 0.344149 0.593781 0.0152093
1 0.711107 0.680808 0.344343 0.339072 0.0104608
1 0.753274 0.191648 0.42637 0.367866 0.00959556
1 0.306567 0.462069 0.28056 0.501684 0.00733466
1 0.784459 0.472095 0.359095 0.554384 0.00419039
1 0.346208 0.598792 0.396183 0.374006 0.00392227
1 0.571321 0.693655 0.455251 0.376391 0.00346746
1 0.491368 0.40725 0.604987 0.798251 0.00344717
1 0.254809 0.177325 0.509617 0.325368 0.00335643
1 0.211133 0.499268 0.25387 0.542813 0.00304385
1 0.387726 0.57441 0.579519 0.539242 0.00287819
1 0.25023 0.588067 0.204589 0.321113 0.00179628
1 0.569857 0.221566 0.517699 0.434106 0.00166282
1 0.336519 0.311292 0.3107 0.525783 0.00128822
1 0.496392 0.683294 0.760203 0.505746 0.00105229
