1 0.474869 0.416251 0.868265 0.829122 0.506517
1 0.27486 0.405635 0.451369 0.776511 0.152688
1 0.686075 0.351301 0.455047 0.702602 0.148695
1 0.249417 0.410205 0.258981 0.632867 0.130484
1 0.685848 0.419627 0.285803 0.435518 0.0243857
1 0.766584 0.502042 0.360238 0.479086 0.0060594
1 0.809435 0.812711 0.364982 0.367322 0.00358429
1 0.727037 0.572946 0.488914 0.81576 0.0035766
1 0.348373 0.57513 0.452301 0.634415 0.00266054
1 0.598769 0.493837 0.50785 0.546764 0.00264458
1 0.639199 0.805088 0.699521 0.385153 0.00107309
