1 0.712279 0.442515 0.490948 0.758563 0.192206
1 0.507882 0.46526 0.932057 0.872614 0.111423
1 0.307537 0.379759 0.347291 0.662772 0.0854148
1 0.70275 0.647739 0.419327 0.385575 0.0340253
1 0.164423 0.519052 0.269869 0.57755 0.0296923
1 0.838985 0.447635 0.288454 0.608137 0.0268473
1 0.254893 0.528993 0.289687 0.370167 0.0185595
1 0.676163 0.701779 0.32683 0.206392 0.007443
1 0.318326 0.555531 0.492566 0.5734 0.00305364
1 0.343666 0.561612 0.239422 0.341232 0.00298306
1 0.718634 0.817533 0.501127 0.350887 0.00215782
1 0.307555 0.184741 0.235047 0.214992 0.00178034
1 0.404793 0.578351 0.400671 0.411049 0.00143002
1 0.596876 0.636193 0.724221 0.628966 0.00128133
1 0.660131 0.237417 0.320219 0.347746 0.00100924
