1 0.555025 0.579289 0.716571 0.72762 0.280274
1 0.316644 0.524534 0.26024 0.656694 0.0368976
1 0.300144 0.738413 0.239638 0.307246 0.0353861
1 0.702549 0.57668 0.34971 0.661034 0.0353677
1 0.273036 0.698815 0.375004 0.548562 0.0101163
1 0.544205 0.789491 0.724124 0.405081 0.00932801
1 0.37696 0.752998 0.463533 0.414351 0.00725995
1 0.794721 0.663158 0.261144 0.542091 0.0072173
1 0.296249 0.820543 0.316145 0.331264 0.00665214
1 0.200242 0.574833 0.343648 0.678391 0.00448797
1 0.73328 0.776952 0.320905 0.361154 0.00366954
1 0.281065 0.880986 0.502823 0.238028 0.00305036
1 0.576631 0.554839 0.395498 0.632677 0.00294464
1 0.852634 0.790622 0.225665 0.331665 0.00176743
1 0.319097 0.925202 0.429873 0.104068 0.00154858
1 0.662478 0.391533 0.253119 0.291809 0.00146525
1 0.757032 0.857322 0.437566 0.22752 0.00139165
1 0.704353 0.46563 0.265629 0.433334 0.00101968
