1 0.545259 0.414647 0.896063 0.823291 0.141689
1 0.230825 0.639377 0.323677 0.347648 0.0620904
1 0.770416 0.384441 0.407356 0.761546 0.0578595
1 0.245025 0.488534 0.410249 0.668815 0.05688
1 0.84817 0.505374 0.283258 0.529691 0.026596
1 0.81122 0.627753 0.260437 0.234549 0.0262124
1 0.39378 0.554114 0.70179 0.627091 0.0243861
1 0.725372 0.633333 0.427717 0.299747 0.023961
1 0.634929 0.677843 0.667405 0.40587 0.0205376
1 0.76633 0.193755 0.439751 0.3865 0.0143528
1 0.162494 0.526956 0.243521 0.541509 0.0135732
1 0.700774 0.106034 0.272466 0.207214 0.00830143
1 0.168435 0.750523 0.276678 0.370258 0.00638953
1 0.809796 0.678913 0.359628 0.421952 0.00450215
1 0.168378 0.369236 0.300097 0.705165 0.00302886
1 0.314114 0.705037 0.459696 0.371046 0.00267755
1 0.174179 0.620117 0.348358 0.708766 0.00260701
1 0.298797 0.0669484 0.491001 0.133716 0.00253422
1 0.632972 0.112405 0.575603 0.224766 0.00224943
1 0.87154 0.670222 0.241991 0.282601 0.00209056
1 0.41315 0.102862 0.574388 0.187666 0.00202194
1 0.285769 0.140742 0.476858 0.258435 0.00175503
1 0.274108 0.806969 0.438196 0.320357 0.00167766
1 0.783081 0.823996 0.421911 0.268847 0.00142567
1 0.397831 0.766859 0.75326 0.466283 0.00105219
