1 0.486754 0.462928 0.817031 0.837504 0.206562
1 0.550762 0.693108 0.512924 0.358546 0.110693
1 0.59058 0.464384 0.425469 0.720414 0.0354058
1 0.405114 0.66794 0.391699 0.301051 0.0272457
1 0.622858 0.674575 0.342164 0.260721 0.0219085
1 0.331958 0.643544 0.224811 0.228339 0.0217105
1 0.319914 0.466409 0.440317 0.698723 0.0137179
1 0.283277 0.657138 0.375544 0.310836 0.0113526
1 0.647542 0.613285 0.3608 0.494175 0.00948955
1 0.427817 0.617385 0.729465 0.452347 0.00543873
1 0.210189 0.512737 0.290573 0.565045 0.00410707
1 0.72763 0.466859 0.480754 0.845053 0.00393202
1 0.214876 0.652042 0.213443 0.272652 0.00373016
1 0.709136 0.493676 0.288168 0.637537 0.00368737
1 0.720835 0.70426 0.305753 0.320857 0.00327049
1 0.680633 0.808915 0.472328 0.340143 0.00167876
1 0.224868 0.614116 0.423965 0.482054 0.00161745
1 0.587992 0.301321 0.304276 0.419726 0.00111625
