1 0.385047 0.442026 0.708832 0.865776 0.165462
1 0.425089 0.556318 0.382764 0.571709 0.0759131
1 0.274322 0.233388 0.376736 0.432618 0.0254913
1 0.235672 0.411115 0.387175 0.777294 0.0247241
1 0.320981 0.509942 0.310072 0.587933 0.0111629
1 0.28866 0.623039 0.475384 0.436798 0.0104172
1 0.538629 0.437162 0.405456 0.744295 0.00867044
1 0.481163 0.66179 0.266838 0.322147 0.00502702
1 0.223604 0.109681 0.355435 0.208178 0.00396714
1 0.919826 0.912376 0.131182 0.165639 0.0036226
1 0.671706 0.452379 0.406537 0.776366 0.00304346
1 0.130039 0.509316 0.233416 0.626956 0.00303114
1 0.251673 0.749743 0.463369 0.351043 0.00283392
1 0.567515 0.703703 0.349828 0.245824 0.00258472
1 0.114605 0.640299 0.191654 0.391412 0.00187224
1 0.167597 0.712974 0.280993 0.321938 0.00173093
1 0.201476 0.830743 0.383991 0.189412 0.00147114
1 0.923436 0.830713 0.116537 0.313398 0.00133963
1 0.270052 0.25233 0.266712 0.248607 0.00126728
1 0.923987 0.572982 0.11954 0.846883 0.00120631
1 0.857047 0.57695 0.275738 0.842527 0.0011034
1 0.573195 0.085565 0.409673 0.153963 0.0010147
