1 0.376378 0.368045 0.34966 0.59636 0.173029
1 0.567941 0.393014 0.788511 0.683497 0.0376137
1 0.371311 0.529408 0.330954 0.343434 0.0367116
1 0.728932 0.0889978 0.542066 0.167664 0.0153107
1 0.441887 0.513821 0.565394 0.534764 0.00832873
1 0.743543 0.332779 0.473938 0.607627 0.00686151
1 0.717843 0.522814 0.49117 0.441629 0.00459434
1 0.301875 0.440476 0.251641 0.541479 0.00456398
1 0.547563 0.119965 0.610433 0.224999 0.00257895
1 0.564234 0.0625936 0.564518 0.124907 0.00246208
1 0.36731 0.633125 0.407817 0.412376 0.00233668
1 0.289001 0.597928 0.257834 0.329901 0.00211141
1 0.825844 0.0702987 0.330521 0.133759 0.00206344
1 0.842758 0.488764 0.265812 0.366616 0.00201936
1 0.313752 0.419189 0.627504 0.793778 0.00194407
1 0.856851 0.351066 0.274166 0.518335 0.00188627
1 0.905234 0.563751 0.155856 0.525235 0.00159868
1 0.743 0.163597 0.508222 0.269508 0.0015571
1 0.358675 0.176027 0.326907 0.285671 0.00136177
