1 0.597369 0.672615 0.409624 0.65477 0.0135852
1 0.586303 0.833287 0.427105 0.333426 0.00739911
1 0.321329 0.669638 0.418496 0.650206 0.00521115
1 0.472187 0.582536 0.636626 0.805957 0.00510366
1 0.246281 0.53466 0.282836 0.362442 0.0034516
1 0.718279 0.695967 0.380569 0.606875 0.00293155
1 0.667282 0.51467 0.518337 0.918822 0.00290898
1 0.563614 0.931238 0.449793 0.134373 0.00238599
1 0.631882 0.583012 0.299182 0.4267 0.00219828
1 0.438532 0.800541 0.528167 0.398918 0.00185182
1 0.234838 0.359843 0.389906 0.647816 0.00128738
