1 0.610367 0.339093 0.580569 0.661383 0.0250509
1 0.335783 0.486286 0.31044 0.278468 0.0222485
1 0.763062 0.0933265 0.408268 0.17828 0.0195047
1 0.598101 0.096622 0.622344 0.188966 0.0187936
1 0.596794 0.580016 0.640041 0.563207 0.0141016
1 0.548233 0.435359 0.903535 0.861862 0.0138115
1 0.357095 0.348064 0.437162 0.580763 0.0125211
1 0.411662 0.105444 0.481496 0.204178 0.00573403
1 0.732972 0.218027 0.449363 0.433874 0.00384028
1 0.774824 0.362309 0.43301 0.623307 0.00368122
1 0.302285 0.0951577 0.370284 0.167757 0.00313628
1 0.344759 0.169227 0.343194 0.273125 0.00295335
1 0.310194 0.392418 0.620388 0.780893 0.0028654
1 0.657032 0.496382 0.463952 0.334678 0.00279013
1 0.782893 0.478273 0.222464 0.23801 0.0023046
1 0.589618 0.744476 0.702191 0.511047 0.00174379
1 0.401332 0.217666 0.630662 0.430995 0.00152213
1 0.801583 0.733158 0.311353 0.521805 0.00135533
1 0.337439 0.56241 0.397498 0.436533 0.00113998
1 0.884417 0.82004 0.157804 0.352173 0.00101984
