1 0.565451 0.49786 0.820526 0.783262 0.286349
1 0.714959 0.485781 0.421731 0.596493 0.148924
1 0.743336 0.657615 0.448997 0.585782 0.0693866
1 0.445817 0.485195 0.554712 0.564711 0.0490843
1 0.344619 0.535305 0.30314 0.397412 0.0206526
1 0.781673 0.613984 0.316113 0.366448 0.00862372
1 0.311007 0.455793 0.473318 0.753096 0.00849668
1 0.745302 0.128052 0.509396 0.198247 0.00428652
1 0.834854 0.499834 0.284936 0.611649 0.00371066
1 0.304827 0.640873 0.337014 0.426686 0.00301761
1 0.829388 0.0983256 0.334637 0.177348 0.00201791
1 0.776158 0.192859 0.441888 0.232718 0.00170396
