1 0.650836 0.58846 0.601399 0.787056 0.33919
1 0.352096 0.466261 0.443911 0.915478 0.188842
1 0.316274 0.5238 0.27615 0.640031 0.11471
1 0.745398 0.498119 0.305863 0.522958 0.078737
1 0.308744 0.693355 0.269485 0.352024 0.0622786
1 0.315122 0.669635 0.383704 0.581543 0.0214957
1 0.804028 0.620857 0.336309 0.690418 0.00959353
1 0.339617 0.82997 0.517689 0.34006 0.00957044
1 0.491772 0.509021 0.981134 0.981957 0.00445051
1 0.349572 0.286161 0.297446 0.554457 0.00360272
1 0.769483 0.109819 0.448783 0.199584 0.00294122
1 0.339571 0.368462 0.173506 0.337525 0.00276199
1 0.737176 0.810902 0.493476 0.373246 0.00240349
1 0.316954 0.92944 0.49348 0.12151 0.00188992
1 0.223495 0.485458 0.331082 0.724928 0.00141973
1 0.856514 0.761305 0.249482 0.42909 0.00123908
1 0.569536 0.856067 0.724856 0.285114 0.00102963
