1 0.574718 0.526878 0.784288 0.707786 0.185578
1 0.372244 0.506466 0.315131 0.564372 0.131721
1 0.379907 0.690912 0.285973 0.260129 0.0962037
1 0.770013 0.488146 0.317495 0.51268 0.0883604
1 0.390737 0.771746 0.374175 0.407977 0.0550762
1 0.438376 0.606364 0.476527 0.676909 0.0404791
1 0.709156 0.38457 0.55436 0.750056 0.00837855
1 0.55487 0.768212 0.757155 0.462021 0.00507738
1 0.772377 0.605894 0.440919 0.631773 0.00286055
1 0.85602 0.531414 0.282428 0.505595 0.00223808
1 0.670839 0.850301 0.649909 0.294735 0.00211687
1 0.822495 0.805558 0.352043 0.382351 0.00195012
1 0.373538 0.348825 0.229362 0.279778 0.00162315
1 0.677892 0.154416 0.532072 0.246553 0.00123894
1 0.595099 0.913657 0.758233 0.172686 0.00107316
