1 0.58663 0.417083 0.81615 0.828762 0.179956
1 0.390751 0.381947 0.422609 0.757425 0.05849
1 0.351815 0.594856 0.294772 0.300906 0.0186561
1 0.743872 0.439543 0.424671 0.817586 0.014692
1 0.50694 0.155456 0.526647 0.3079 0.012446
1 0.603558 0.108197 0.504764 0.213803 0.00888018
1 0.385829 0.131725 0.357619 0.259431 0.00767749
1 0.572936 0.383914 0.443051 0.759578 0.00508082
1 0.73692 0.822407 0.411211 0.352855 0.0049532
1 0.325986 0.08537 0.340783 0.166643 0.00475848
1 0.483917 0.0766242 0.468512 0.152383 0.00431402
1 0.591238 0.693176 0.642742 0.572177 0.00420536
1 0.33858 0.574807 0.391423 0.526651 0.00385724
1 0.704574 0.0710929 0.463028 0.140468 0.00338782
1 0.82509 0.553542 0.218589 0.481948 0.00325272
1 0.813196 0.68446 0.229502 0.295737 0.00256376
1 0.658057 0.184046 0.351281 0.353179 0.00224077
1 0.58708 0.855895 0.672177 0.285759 0.0021185
1 0.472096 0.615195 0.396413 0.403224 0.00176826
1 0.726824 0.915871 0.423258 0.167653 0.00170675
1 0.806883 0.704422 0.325357 0.43217 0.00168605
1 0.274604 0.475986 0.479498 0.892554 0.00159707
1 0.329381 0.731092 0.423005 0.41954 0.0012047
1 0.832374 0.844789 0.245984 0.295839 0.00119002
1 0.705572 0.23827 0.533565 0.47458 0.00114375
