1 0.511454 0.433928 0.872137 0.81019 0.0600633
1 0.621793 0.619488 0.343199 0.33037 0.0510617
1 0.294569 0.389296 0.462293 0.697721 0.0137228
1 0.638895 0.437478 0.38105 0.657428 0.0125752
1 0.362474 0.606839 0.659356 0.427047 0.00889957
1 0.68136 0.610874 0.217721 0.249065 0.00736908
1 0.279933 0.587893 0.337478 0.268599 0.0040291
1 0.562913 0.685125 0.50604 0.487519 0.00350452
1 0.619688 0.169438 0.228986 0.242911 0.00346318
1 0.7194 0.524521 0.225379 0.461694 0.0029305
1 0.646554 0.808242 0.430731 0.374134 0.00259845
1 0.204253 0.531324 0.28446 0.384043 0.00214304
1 0.250709 0.13192 0.501418 0.242054 0.00196593
1 0.210128 0.687162 0.318439 0.359793 0.00161363
1 0.262264 0.873901 0.447868 0.243726 0.00151493
1 0.675171 0.917496 0.416754 0.160858 0.00149532
1 0.458654 0.85612 0.623798 0.287159 0.00137954
1 0.742438 0.654218 0.330289 0.353988 0.00137224
1 0.785157 0.922258 0.324465 0.144092 0.00132765
1 0.716905 0.57995 0.456967 0.552708 0.00117825
1 0.593671 0.943724 0.405527 0.112553 0.00117115
1 0.215222 0.595665 0.393064 0.642172 0.00105984
1 0.417878 0.922669 0.567255 0.153475 0.00104563
1 0.090298 0.913391 0.145584 0.143135 0.00101443
