1 0.411787 0.255157 0.718756 0.50265 0.204701
1 0.210916 0.240038 0.340996 0.458247 0.0469074
1 0.483861 0.213168 0.543194 0.322127 0.0410866
1 0.570593 0.237318 0.349899 0.231274 0.0351379
1 0.622921 0.263041 0.36308 0.411928 0.0138042
1 0.206268 0.316924 0.258823 0.236371 0.0120919
1 0.421083 0.100418 0.686942 0.197047 0.012064
1 0.259723 0.30977 0.519446 0.610486 0.00880012
1 0.485501 0.422206 0.970507 0.841023 0.00421589
1 0.640908 0.306148 0.602689 0.53302 0.00387127
1 0.469212 0.0639952 0.54822 0.12205 0.00294217
1 0.22888 0.0876364 0.441898 0.164567 0.00293554
1 0.230112 0.362559 0.396124 0.394649 0.00153518
1 0.670682 0.354272 0.322686 0.35518 0.00121047
