1 0.475904 0.465962 0.848229 0.895035 0.0951207
1 0.298416 0.177116 0.559034 0.344353 0.0389109
1 0.279087 0.355512 0.538537 0.689525 0.0215418
1 0.413152 0.516425 0.540652 0.68963 0.0107551
1 0.588394 0.516597 0.451645 0.704859 0.0104685
1 0.495704 0.231292 0.780686 0.449237 0.00956323
1 0.219591 0.490164 0.24156 0.608191 0.00922794
1 0.643552 0.718264 0.390028 0.356584 0.00767321
1 0.720617 0.554807 0.375787 0.702912 0.00695085
1 0.358633 0.243229 0.301151 0.281109 0.00597877
1 0.258961 0.118864 0.444928 0.206356 0.00569798
1 0.768491 0.533894 0.203805 0.614249 0.00485835
1 0.717772 0.823234 0.535355 0.343986 0.00464836
1 0.357278 0.675337 0.507585 0.407722 0.00457782
1 0.608297 0.2159 0.323162 0.236418 0.00423062
1 0.616952 0.666225 0.723651 0.578514 0.00404434
1 0.732058 0.675181 0.236567 0.307888 0.00377733
1 0.560588 0.721213 0.24544 0.293051 0.00327558
1 0.325965 0.372879 0.319171 0.412511 0.00279666
1 0.22287 0.613212 0.185291 0.368589 0.00242321
1 0.475376 0.153082 0.580787 0.289646 0.00231686
1 0.798968 0.729411 0.356419 0.429849 0.00201119
1 0.79942 0.667475 0.184017 0.336321 0.00193914
1 0.175023 0.427377 0.350045 0.812564 0.00193242
1 0.846895 0.611445 0.23831 0.702626 0.00177486
1 0.640552 0.266825 0.236162 0.186045 0.00157314
1 0.143691 0.520087 0.229593 0.663442 0.00135275
1 0.740833 0.923491 0.478258 0.0907439 0.00114247
1 0.662516 0.170387 0.312875 0.22536 0.00107166
1 0.320818 0.815582 0.562312 0.353343 0.00103612
1 0.259569 0.69811 0.332922 0.278225 0.00101138
