1 0.574069 0.452766 0.848226 0.812331 0.310783
1 0.733543 0.446119 0.332818 0.557777 0.1424
1 0.325388 0.619842 0.271827 0.269289 0.0578579
1 0.335993 0.448331 0.35232 0.655418 0.0533597
1 0.764903 0.519218 0.255896 0.359805 0.0370507
1 0.686407 0.527085 0.53743 0.554242 0.0362714
1 0.830726 0.598598 0.269071 0.377728 0.00855513
1 0.358026 0.612171 0.401745 0.384394 0.00734037
1 0.836399 0.411381 0.300441 0.609184 0.0050239
1 0.749724 0.72952 0.466432 0.474652 0.00430876
1 0.521308 0.620753 0.725451 0.448467 0.00262618
1 0.788758 0.847073 0.403851 0.281864 0.00249065
1 0.454355 0.378353 0.443028 0.730267 0.00201293
1 0.253562 0.53833 0.329703 0.457886 0.00198275
1 0.3791 0.263345 0.251116 0.408901 0.00104467
