1 0.457315 0.420617 0.856713 0.81748 0.0915504
1 0.726294 0.782405 0.519061 0.432455 0.0419577
1 0.229397 0.380499 0.392561 0.735801 0.0225325
1 0.525405 0.776312 0.592482 0.440695 0.0206329
1 0.137927 0.512907 0.21362 0.466761 0.0169222
1 0.854568 0.784496 0.270067 0.424018 0.0113708
1 0.19916 0.621477 0.335723 0.382336 0.00499746
1 0.918423 0.862401 0.152685 0.262556 0.00449344
1 0.308641 0.589918 0.587479 0.482589 0.0038765
1 0.470045 0.432042 0.47896 0.715983 0.00230122
1 0.597494 0.704805 0.317026 0.449785 0.00223325
1 0.677079 0.890413 0.523376 0.215986 0.00170065
1 0.54265 0.0924964 0.282928 0.148197 0.0016113
1 0.0844193 0.450976 0.159333 0.597468 0.00155689
1 0.914538 0.92596 0.148252 0.138196 0.00152422
1 0.918377 0.727655 0.157132 0.52202 0.00150272
1 0.749661 0.592102 0.416073 0.799031 0.0014432
1 0.533438 0.137404 0.233592 0.156429 0.0014304
1 0.515081 0.923142 0.653999 0.152928 0.0012698
1 0.131416 0.44124 0.262832 0.868331 0.00125505
1 0.659783 0.601634 0.266308 0.672778 0.00105369
