1 0.490376 0.435871 0.848557 0.796025 0.341798
1 0.599715 0.628571 0.449303 0.373243 0.14032
1 0.285259 0.401666 0.447384 0.764502 0.0658402
1 0.662587 0.434383 0.449798 0.749635 0.0473374
1 0.711614 0.59272 0.22032 0.280113 0.0271149
1 0.29696 0.607322 0.392319 0.3252 0.0205529
1 0.226896 0.59977 0.239321 0.244145 0.0151863
1 0.240863 0.509321 0.336633 0.464071 0.0134332
1 0.745302 0.477818 0.243195 0.572892 0.0120828
1 0.450981 0.674865 0.837527 0.481245 0.00930789
1 0.325162 0.203764 0.448249 0.397295 0.00500336
1 0.174612 0.578759 0.24668 0.350438 0.00478465
1 0.728706 0.597081 0.327125 0.412847 0.00360416
1 0.607964 0.206962 0.281638 0.18939 0.00221392
1 0.513929 0.163193 0.518353 0.312539 0.00180844
1 0.650438 0.29042 0.308905 0.326435 0.00168513
1 0.24963 0.704227 0.407174 0.433271 0.00160329
1 0.180526 0.346589 0.346973 0.603908 0.00131196
1 0.584542 0.146124 0.361422 0.21971 0.00126168
1 0.838651 0.477203 0.28446 0.63681 0.00123396
