1 0.509222 0.435998 0.636865 0.751708 0.0140591
1 0.351469 0.379086 0.363142 0.741189 0.00779611
1 0.354127 0.644761 0.258598 0.252472 0.00735198
1 0.371497 0.561191 0.32037 0.449881 0.00489168
1 0.293446 0.667506 0.440757 0.593122 0.00327923
1 0.689747 0.527195 0.540096 0.8644 0.00287669
1 0.370681 0.765702 0.358342 0.432306 0.00240197
1 0.288582 0.498361 0.305645 0.623205 0.00169453
1 0.49483 0.699852 0.63538 0.569921 0.00155468
1 0.807283 0.717229 0.358809 0.565542 0.00151362
1 0.87974 0.815722 0.183841 0.367853 0.00109005
1 0.195317 0.567788 0.372849 0.838915 0.0010655
