1 0.554727 0.477059 0.882609 0.911679 0.183092
1 0.385365 0.431008 0.459541 0.827814 0.0541335
1 0.529596 0.716064 0.826968 0.494926 0.0412673
1 0.276552 0.640251 0.269138 0.360858 0.0318818
1 0.719105 0.70455 0.40764 0.392445 0.0178927
1 0.335445 0.611023 0.426016 0.499858 0.0169114
1 0.81238 0.540326 0.265355 0.612967 0.00988345
1 0.659796 0.535641 0.490591 0.704173 0.00934035
1 0.694474 0.812524 0.53612 0.368445 0.00930127
1 0.631994 0.062171 0.57648 0.124342 0.0091628
1 0.291768 0.738937 0.388952 0.387414 0.00772694
1 0.221312 0.538945 0.261079 0.554262 0.00765201
1 0.788498 0.453975 0.401021 0.879179 0.00747475
1 0.235394 0.477755 0.369029 0.825895 0.00716425
1 0.411289 0.809643 0.675928 0.368294 0.00552851
1 0.497568 0.0877872 0.622601 0.173627 0.0041643
1 0.270045 0.850609 0.441166 0.267621 0.0038956
1 0.271596 0.0730443 0.539152 0.146089 0.00362456
1 0.779466 0.100267 0.419734 0.193966 0.00286405
1 0.814679 0.736502 0.285015 0.355881 0.00262672
1 0.774727 0.853055 0.424125 0.244718 0.00203653
1 0.712524 0.923666 0.521962 0.0980923 0.00152645
1 0.890127 0.555359 0.205592 0.745812 0.00114095
1 0.354855 0.1368 0.475421 0.25402 0.00113134
1 0.543233 0.919802 0.862983 0.131551 0.0011205
1 0.601242 0.146138 0.717086 0.274011 0.00110963
1 0.239152 0.930395 0.367315 0.106281 0.00110021
1 0.774301 0.20411 0.423876 0.365132 0.00101725
