1 0.296074 0.253515 0.441844 0.505478 0.181347
1 0.493386 0.276408 0.826681 0.552773 0.173176
1 0.677526 0.266518 0.489808 0.489292 0.0683631
1 0.585578 0.383521 0.584913 0.477162 0.0324438
1 0.31019 0.395772 0.612415 0.778014 0.0265253
1 0.324111 0.2862 0.387032 0.281704 0.0194814
1 0.703695 0.30684 0.337882 0.307294 0.0165624
1 0.585062 0.444188 0.829876 0.885726 0.0128242
1 0.682138 0.151201 0.436559 0.279595 0.0057041
1 0.723623 0.345035 0.552754 0.690071 0.0050808
1 0.276764 0.0959055 0.393626 0.187467 0.00295657
1 0.560496 0.105757 0.703243 0.207769 0.00248267
1 0.410373 0.0848731 0.490035 0.164906 0.00216956
1 0.205181 0.295691 0.304745 0.358844 0.00211373
1 0.182314 0.239302 0.364629 0.473707 0.00160879
1 0.817298 0.237731 0.339818 0.458819 0.00146228
