1 0.491157 0.486761 0.879076 0.921593 0.092449
1 0.635455 0.764084 0.690032 0.464108 0.0515016
1 0.25837 0.486496 0.452101 0.88479 0.0498559
1 0.182878 0.539364 0.270526 0.644562 0.0375862
1 0.762182 0.101846 0.448808 0.19372 0.0240774
1 0.718973 0.462058 0.555132 0.901232 0.0212747
1 0.764654 0.205389 0.454605 0.402873 0.00724369
1 0.208572 0.313507 0.344649 0.52049 0.00597796
1 0.315047 0.852219 0.560371 0.282616 0.00596493
1 0.361971 0.105331 0.631935 0.201603 0.00422976
1 0.216562 0.100506 0.352032 0.180435 0.00400983
1 0.610294 0.115463 0.776293 0.230927 0.00317641
1 0.797394 0.542504 0.36685 0.567838 0.00310457
1 0.702588 0.0574831 0.463071 0.114966 0.00294595
1 0.670033 0.871012 0.623179 0.254713 0.00280179
1 0.215397 0.799509 0.328555 0.308248 0.00221594
1 0.32742 0.705364 0.501445 0.50125 0.00198821
1 0.279585 0.918268 0.496328 0.12967 0.00189401
1 0.698176 0.923621 0.571112 0.111922 0.00164087
