1 0.25413 0.581117 0.236599 0.570231 0.04418
1 0.361448 0.563571 0.401984 0.621051 0.036483
1 0.553296 0.575393 0.833687 0.739978 0.0318431
1 0.762308 0.600975 0.429771 0.692171 0.00754936
1 0.282808 0.741979 0.300688 0.306193 0.00728818
1 0.260839 0.661154 0.403008 0.561531 0.00574425
1 0.292934 0.423315 0.174749 0.249875 0.00498407
1 0.867275 0.574419 0.25276 0.765092 0.00482019
1 0.339474 0.111631 0.609106 0.217691 0.00480918
1 0.381273 0.307957 0.374886 0.505606 0.00431543
1 0.729746 0.757154 0.532242 0.441662 0.00410131
1 0.482585 0.39214 0.525249 0.778013 0.00372187
1 0.387972 0.856916 0.593414 0.279651 0.00348748
1 0.488169 0.156637 0.737324 0.305044 0.0033568
1 0.351684 0.429449 0.295824 0.388624 0.00294256
1 0.890506 0.643944 0.187667 0.514014 0.00290859
1 0.21586 0.789123 0.268708 0.321634 0.002832
1 0.760377 0.922311 0.449019 0.105403 0.00269842
1 0.325696 0.521606 0.6062 0.887405 0.00217902
1 0.849343 0.85508 0.292121 0.245156 0.00209109
1 0.654539 0.0626345 0.522734 0.125269 0.00205098
1 0.253388 0.0721197 0.499452 0.144149 0.00163201
1 0.796479 0.490225 0.289345 0.55242 0.00154313
1 0.313202 0.928443 0.457056 0.109783 0.00140638
1 0.624801 0.116303 0.483375 0.205728 0.00134482
1 0.602491 0.804685 0.471295 0.370606 0.00122212
1 0.775818 0.105501 0.428499 0.20282 0.0011645
1 0.584061 0.53693 0.42449 0.694175 0.00109502
1 0.482099 0.0861712 0.596234 0.170229 0.0010553
