1 0.284529 0.40535 0.402367 0.758748 0.211075
1 0.295342 0.358777 0.314598 0.478593 0.134888
1 0.398673 0.518939 0.708988 0.921446 0.0212562
1 0.267922 0.209379 0.401126 0.364847 0.00453638
1 0.209254 0.306399 0.418508 0.611221 0.00400255
1 0.936636 0.850218 0.117756 0.299166 0.00272125
1 0.247322 0.533746 0.291906 0.466575 0.00249028
1 0.278919 0.119099 0.367793 0.191937 0.00248103
1 0.931029 0.704732 0.129069 0.590536 0.00212309
1 0.927587 0.929473 0.128494 0.13298 0.00156074
1 0.22424 0.465107 0.44848 0.893865 0.00110323
