1 0.481176 0.469981 0.869193 0.936083 0.0901722
1 0.389539 0.693506 0.675176 0.495237 0.0225911
1 0.201282 0.678942 0.315552 0.438503 0.0153405
1 0.256301 0.423761 0.45508 0.840095 0.0126813
1 0.856189 0.718914 0.206282 0.32182 0.00659953
1 0.610734 0.75664 0.752377 0.425954 0.00510654
1 0.293584 0.799929 0.553129 0.391972 0.00486795
1 0.806646 0.745523 0.334397 0.422464 0.00439584
1 0.731383 0.833156 0.509355 0.29958 0.00377892
1 0.132644 0.614381 0.197066 0.559479 0.00355753
1 0.857817 0.459735 0.251251 0.919471 0.0034724
1 0.734583 0.466142 0.466142 0.910969 0.00316604
1 0.336857 0.270449 0.50164 0.534386 0.00256856
1 0.340588 0.101934 0.452353 0.203868 0.00227632
1 0.851955 0.840824 0.262475 0.265618 0.00185693
1 0.253838 0.905715 0.456865 0.181714 0.00154277
1 0.692921 0.904878 0.476537 0.180265 0.00150301
1 0.400863 0.933795 0.682196 0.132409 0.00145978
1 0.591656 0.92152 0.644278 0.114124 0.00136294
1 0.105207 0.824633 0.167176 0.279415 0.00117623
1 0.4779 0.886297 0.744293 0.225204 0.00110059
