1 0.405026 0.414706 0.760998 0.751903 0.255771
1 0.598941 0.475587 0.353533 0.553307 0.198611
1 0.261371 0.371419 0.386572 0.720486 0.0155551
1 0.182626 0.467109 0.304495 0.53764 0.00886542
1 0.683015 0.367807 0.447106 0.703291 0.00778304
1 0.247916 0.584689 0.338865 0.342731 0.00621535
1 0.425965 0.617761 0.688497 0.418322 0.00524003
1 0.259462 0.164321 0.471608 0.322443 0.00278654
1 0.260499 0.0822665 0.394823 0.162205 0.00273698
1 0.528524 0.310671 0.498272 0.611374 0.00191047
1 0.611651 0.582709 0.303003 0.321734 0.0013337
1 0.148432 0.608373 0.226434 0.325564 0.00104904
1 0.408165 0.0625206 0.529278 0.125041 0.00101736
