1 0.371423 0.478579 0.652792 0.768713 0.0722229
1 0.865133 0.479616 0.269735 0.588837 0.0386352
1 0.611673 0.484718 0.769327 0.744356 0.0320337
1 0.330752 0.452071 0.355766 0.661487 0.0295126
1 0.24949 0.472014 0.228166 0.581998 0.0134276
1 0.390046 0.572438 0.302629 0.438876 0.00916368
1 0.313168 0.623048 0.496095 0.510002 0.0034682
1 0.182106 0.39142 0.311779 0.616903 0.00273604
1 0.494248 0.472434 0.340566 0.708669 0.00271066
1 0.69696 0.706579 0.584464 0.526862 0.00190681
1 0.185823 0.571732 0.277893 0.471616 0.0013652
1 0.478206 0.613855 0.25005 0.394737 0.00100707
