1 0.664781 0.490275 0.576004 0.633753 0.174674
1 0.766222 0.49962 0.325587 0.528995 0.16192
1 0.2543 0.522822 0.217863 0.387884 0.0917626
1 0.289752 0.466839 0.37584 0.598044 0.0384746
1 0.457223 0.467057 0.637747 0.707338 0.00907788
1 0.843316 0.429612 0.278497 0.62855 0.00877452
1 0.578426 0.619456 0.799861 0.609339 0.00628669
1 0.201418 0.531239 0.31916 0.540385 0.00621429
1 0.755003 0.164686 0.473774 0.279616 0.00277368
1 0.279013 0.315873 0.291967 0.570629 0.00267317
1 0.330606 0.655674 0.493023 0.581858 0.00250244
1 0.328037 0.623907 0.360959 0.388257 0.00205719
1 0.739653 0.0782009 0.472314 0.147687 0.00182661
1 0.543607 0.103156 0.815869 0.200812 0.00150195
1 0.835105 0.585356 0.321378 0.433149 0.00130623
1 0.736424 0.681083 0.471867 0.541047 0.00115022
