1 0.523822 0.379825 0.452279 0.722742 0.0314489
1 0.328945 0.381 0.631959 0.712684 0.0258501
1 0.165354 0.369757 0.310705 0.672089 0.0105294
1 0.125244 0.489652 0.219172 0.484169 0.00323775
1 0.704378 0.434508 0.464769 0.73266 0.00216031
1 0.722218 0.816207 0.517347 0.364146 0.00201072
1 0.549182 0.948032 0.43765 0.103936 0.00150148
1 0.682933 0.614494 0.322324 0.325292 0.00149596
1 0.690206 0.940885 0.44322 0.116327 0.00132753
1 0.654087 0.886714 0.518947 0.225978 0.00132302
1 0.5577 0.262231 0.31089 0.399777 0.00127375
1 0.230846 0.543453 0.269361 0.334364 0.00119553
1 0.735515 0.54961 0.229959 0.347433 0.00115661
1 0.50212 0.829881 0.635282 0.33373 0.00113446
1 0.702962 0.585966 0.197912 0.195416 0.00112596
1 0.825116 0.868088 0.323779 0.252908 0.00109942
1 0.749478 0.654339 0.344495 0.486598 0.00104689
