1 0.494955 0.450684 0.759229 0.892604 0.146
1 0.351772 0.234347 0.264857 0.437212 0.102634
1 0.475982 0.249001 0.52683 0.487138 0.100816
1 0.723849 0.40162 0.480585 0.719228 0.0458991
1 0.299396 0.43957 0.387119 0.844836 0.040746
1 0.6666 0.244009 0.332254 0.420133 0.0133463
1 0.816031 0.444229 0.257937 0.536531 0.0125918
1 0.284783 0.752822 0.183536 0.225396 0.00882702
1 0.83064 0.570053 0.177699 0.295903 0.00593826
1 0.249835 0.121063 0.446803 0.239356 0.00532285
1 0.82984 0.590734 0.28881 0.43181 0.00314498
1 0.287225 0.562855 0.241916 0.61703 0.00235263
1 0.335549 0.77396 0.328479 0.353765 0.00170912
1 0.634224 0.131745 0.397179 0.220335 0.00161945
1 0.206574 0.0726052 0.398462 0.143587 0.00139872
1 0.264702 0.694394 0.350901 0.493092 0.00129521
1 0.261916 0.832579 0.269994 0.240233 0.00129449
1 0.848751 0.304415 0.289355 0.595432 0.0012887
1 0.491437 0.698205 0.72439 0.492635 0.00105612
