1 0.310571 0.682155 0.342379 0.354518 0.0956046
1 0.520331 0.547583 0.825466 0.807359 0.042315
1 0.350807 0.516479 0.44213 0.648623 0.0255022
1 0.257811 0.615476 0.419509 0.608335 0.0153175
1 0.362059 0.727409 0.630133 0.511937 0.0099785
1 0.760662 0.0653299 0.432277 0.127802 0.00618093
1 0.770332 0.483798 0.274923 0.336136 0.00580984
1 0.796733 0.604419 0.335537 0.681165 0.0054291
1 0.292058 0.0680824 0.540349 0.135496 0.00271481
1 0.873115 0.822036 0.226414 0.354666 0.00268412
1 0.695804 0.364722 0.332692 0.461096 0.00267346
1 0.590251 0.809349 0.790061 0.381302 0.00244945
1 0.841664 0.0987743 0.316672 0.187456 0.00216668
1 0.775079 0.811549 0.403246 0.369695 0.00207519
1 0.725249 0.11345 0.518187 0.221869 0.00189215
1 0.297771 0.82986 0.535324 0.34028 0.00185358
1 0.640508 0.456284 0.529615 0.550415 0.00170436
1 0.266749 0.387341 0.376969 0.700232 0.0015335
1 0.382787 0.105226 0.539506 0.187963 0.00145371
1 0.802503 0.935076 0.338094 0.126755 0.00134342
1 0.708312 0.71177 0.514781 0.568108 0.00129405
1 0.573166 0.074417 0.853669 0.147719 0.00126234
1 0.56942 0.267502 0.816937 0.535004 0.0012325
1 0.779144 0.260386 0.429852 0.50641 0.00120494
1 0.281299 0.935612 0.440342 0.128777 0.00116047
