1 0.489673 0.538419 0.819135 0.910532 0.122277
1 0.762858 0.735737 0.209152 0.36109 0.0377016
1 0.395568 0.695403 0.365012 0.479129 0.0344845
1 0.530395 0.681917 0.602267 0.577531 0.0322196
1 0.340054 0.499779 0.357097 0.744843 0.0172093
1 0.744467 0.724133 0.318909 0.504886 0.015362
1 0.633473 0.76175 0.476142 0.402387 0.0147637
1 0.189983 0.689715 0.25216 0.512396 0.0124877
1 0.287927 0.755017 0.451802 0.441572 0.0116005
1 0.76297 0.571373 0.243673 0.695569 0.00954368
1 0.239675 0.571808 0.304453 0.697133 0.00869634
1 0.36021 0.849167 0.591628 0.301667 0.00811152
1 0.601781 0.475665 0.442483 0.882152 0.00744047
1 0.233752 0.877609 0.380286 0.244782 0.00522293
1 0.320894 0.934 0.46977 0.116009 0.00454743
1 0.843161 0.699674 0.158009 0.515362 0.00286166
1 0.737156 0.819733 0.460618 0.335296 0.00285422
1 0.79756 0.820752 0.203487 0.329404 0.0021687
1 0.721613 0.106478 0.389055 0.188567 0.00196705
1 0.20399 0.941296 0.29593 0.117409 0.00177123
1 0.770767 0.461328 0.409893 0.791442 0.00148079
1 0.664423 0.0592273 0.376836 0.116018 0.00147794
1 0.586274 0.0852907 0.461513 0.159339 0.0010205
