1 0.493527 0.397931 0.661141 0.777397 0.137697
1 0.529721 0.578607 0.559985 0.347408 0.0387299
1 0.657687 0.0862541 0.403981 0.169658 0.033575
1 0.318465 0.55104 0.277748 0.27272 0.0282792
1 0.331394 0.352063 0.445316 0.689729 0.0220593
1 0.50316 0.115971 0.590866 0.225638 0.0204028
1 0.341036 0.148956 0.351745 0.274352 0.0176251
1 0.648912 0.582861 0.307709 0.291623 0.0157204
1 0.249286 0.108484 0.425165 0.211947 0.0135312
1 0.566501 0.238567 0.541966 0.477134 0.00941185
1 0.31065 0.264616 0.290507 0.498839 0.00888688
1 0.689618 0.380821 0.491918 0.750895 0.00860741
1 0.702995 0.190676 0.502349 0.381352 0.00425698
1 0.778405 0.0658521 0.423616 0.131704 0.00388977
1 0.245514 0.473872 0.329254 0.502821 0.00299799
1 0.817338 0.118301 0.351134 0.230319 0.00176261
1 0.368424 0.607198 0.468865 0.439423 0.00170302
1 0.739387 0.506871 0.29569 0.535081 0.00167551
