1 0.348067 0.570112 0.321703 0.287764 0.0793717
1 0.500298 0.589709 0.664414 0.376318 0.0559163
1 0.442811 0.380225 0.537535 0.696264 0.0382276
1 0.666967 0.590958 0.366796 0.318193 0.0113306
1 0.292653 0.482384 0.27769 0.436997 0.00640484
1 0.704496 0.410952 0.468011 0.640724 0.00520123
1 0.308753 0.583289 0.47753 0.436861 0.00480293
1 0.394882 0.715418 0.535992 0.531352 0.00351854
1 0.778049 0.510814 0.268145 0.48151 0.00321087
1 0.299069 0.109285 0.390766 0.204038 0.00296467
1 0.71846 0.0904649 0.423405 0.166099 0.0025609
1 0.284886 0.34835 0.348627 0.636937 0.00198921
1 0.489806 0.0925304 0.66933 0.177058 0.00193389
