1 0.242924 0.669314 0.308596 0.491713 0.335312
1 0.429364 0.65097 0.775239 0.655508 0.273504
1 0.621765 0.684442 0.449695 0.630302 0.16012
1 0.699323 0.727474 0.251148 0.489847 0.0737766
1 0.264816 0.777123 0.488916 0.420559 0.0565149
1 0.746277 0.817733 0.452579 0.363837 0.0077995
1 0.165939 0.620232 0.250076 0.552972 0.00779211
1 0.479692 0.8093 0.841594 0.350339 0.00678329
1 0.816251 0.687702 0.325842 0.549967 0.00637947
1 0.23312 0.921099 0.441341 0.117772 0.00317079
1 0.724745 0.866907 0.247388 0.259215 0.00215228
1 0.846459 0.939051 0.307082 0.107527 0.00203367
1 0.706548 0.941141 0.25523 0.111406 0.00141621
1 0.251764 0.521913 0.411034 0.646676 0.00124677
