1 0.269627 0.413869 0.51081 0.794235 0.0266711
1 0.215333 0.44685 0.279481 0.625274 0.007734
1 0.293237 0.115562 0.554031 0.22973 0.00752227
1 0.229418 0.613588 0.272877 0.363483 0.00534109
1 0.129103 0.283464 0.251689 0.532644 0.00492692
1 0.18251 0.591374 0.166668 0.296679 0.00455333
1 0.293661 0.694069 0.367567 0.40656 0.00355413
1 0.353482 0.691216 0.532565 0.573375 0.00320389
1 0.405876 0.542078 0.701504 0.902234 0.00253903
1 0.084497 0.220042 0.163948 0.335252 0.00228506
1 0.397816 0.287036 0.435678 0.557594 0.00102242
