1 0.270069 0.539499 0.401428 0.360973 0.136904
1 0.509853 0.422104 0.920857 0.782709 0.0860168
1 0.543361 0.616997 0.749229 0.45381 0.0425195
1 0.818672 0.572651 0.261475 0.37855 0.0175407
1 0.820703 0.431368 0.303843 0.689547 0.0172664
1 0.695846 0.464465 0.507611 0.684379 0.0169644
1 0.230868 0.400248 0.379736 0.618331 0.0159736
1 0.353286 0.52915 0.660656 0.467189 0.0124643
1 0.673338 0.599737 0.525892 0.340744 0.00515745
1 0.203472 0.617254 0.348867 0.32223 0.00362074
1 0.358174 0.363175 0.492911 0.672797 0.00292492
1 0.305631 0.679372 0.52806 0.479929 0.00221155
1 0.772067 0.276116 0.440444 0.500359 0.00161646
1 0.588547 0.108823 0.696146 0.213094 0.00150666
1 0.516876 0.322063 0.561055 0.611241 0.00108206
1 0.355386 0.103857 0.398021 0.187301 0.00101941
1 0.294208 0.154443 0.429333 0.271129 0.00100899
