1 0.337157 0.302624 0.282401 0.312996 0.134645
1 0.414947 0.41096 0.528954 0.789482 0.0975046
1 0.278842 0.412105 0.447464 0.682955 0.0316054
1 0.629371 0.810226 0.730142 0.379549 0.0262569
1 0.623416 0.392075 0.744496 0.783742 0.0194535
1 0.308143 0.238752 0.428773 0.425684 0.00793673
1 0.568743 0.608636 0.820251 0.677902 0.00785971
1 0.785051 0.833977 0.42499 0.327601 0.0075846
1 0.801708 0.512874 0.387856 0.730193 0.00417774
1 0.664932 0.894117 0.63037 0.210315 0.00356231
1 0.266915 0.516939 0.266732 0.441584 0.00325846
1 0.53504 0.306721 0.502925 0.576008 0.00293028
1 0.783417 0.101628 0.39204 0.197997 0.00283884
1 0.241861 0.0711398 0.483723 0.141535 0.00280598
1 0.232083 0.621106 0.285646 0.313922 0.002782
1 0.880577 0.80314 0.23772 0.376372 0.00201054
1 0.725754 0.0593762 0.331822 0.116876 0.00197213
1 0.857611 0.680964 0.255321 0.371367 0.00149081
1 0.334434 0.117874 0.506775 0.226867 0.00147305
1 0.767044 0.321064 0.429127 0.61976 0.0013839
1 0.882595 0.521783 0.215438 0.430892 0.00130223
1 0.226744 0.581088 0.427036 0.605274 0.00129733
1 0.659756 0.219551 0.536881 0.438647 0.00112152
