1 0.546823 0.433272 0.769619 0.788759 0.209232
1 0.564583 0.708477 0.857328 0.531656 0.139124
1 0.767853 0.710244 0.424514 0.496664 0.0529405
1 0.357664 0.418568 0.447101 0.705144 0.050757
1 0.302047 0.632419 0.225236 0.225431 0.0403992
1 0.285431 0.518408 0.270701 0.541826 0.0154449
1 0.768656 0.577643 0.366252 0.422103 0.0132042
1 0.381982 0.244547 0.330525 0.388081 0.0123911
1 0.271303 0.652411 0.324169 0.351188 0.0086498
1 0.715648 0.462892 0.520003 0.562949 0.0082971
1 0.80409 0.585268 0.300008 0.243467 0.00800198
1 0.275332 0.10656 0.473737 0.20774 0.0071101
1 0.404314 0.641732 0.45264 0.347967 0.00460395
1 0.295073 0.622269 0.441136 0.557043 0.00378899
1 0.854743 0.491228 0.258402 0.633093 0.00311537
1 0.492949 0.33835 0.463417 0.64166 0.00302486
1 0.492489 0.109287 0.715795 0.211239 0.0022331
1 0.792761 0.11026 0.406499 0.189462 0.00154431
1 0.76779 0.358626 0.316521 0.412756 0.00135261
1 0.327902 0.752067 0.371871 0.402427 0.0011717
