1 0.336692 0.252728 0.650258 0.505456 0.0591445
1 0.485623 0.371687 0.971246 0.742353 0.0335047
1 0.441174 0.126812 0.797851 0.253624 0.0214073
1 0.685987 0.307214 0.577183 0.610556 0.0154309
1 0.239004 0.168016 0.457274 0.33468 0.0125345
1 0.478318 0.0711203 0.60902 0.142197 0.00997423
1 0.266746 0.366027 0.533492 0.723609 0.00888867
1 0.636749 0.0855201 0.359393 0.17104 0.0075867
1 0.690472 0.172852 0.510164 0.342957 0.00526397
1 0.288303 0.0948149 0.475504 0.18963 0.00484813
1 0.706837 0.815805 0.570728 0.353447 0.00151109
1 0.173541 0.281321 0.309408 0.559378 0.0013783
1 0.789383 0.129383 0.400041 0.258765 0.00127336
1 0.174961 0.198617 0.349923 0.392458 0.00103772
