1 0.562645 0.585877 0.698045 0.740235 0.024645
1 0.370566 0.583436 0.284496 0.559421 0.0110687
1 0.294691 0.552757 0.462881 0.709116 0.00762245
1 0.302995 0.786542 0.457362 0.329558 0.00605291
1 0.742375 0.62077 0.389152 0.724941 0.00505781
1 0.250485 0.620831 0.305884 0.491543 0.00388779
1 0.366673 0.660344 0.197309 0.396187 0.00367148
1 0.449868 0.439656 0.426576 0.814723 0.00337736
1 0.646085 0.857766 0.497273 0.25333 0.00331415
1 0.192268 0.698695 0.271797 0.412863 0.0030282
1 0.723883 0.774306 0.534091 0.407691 0.00300122
1 0.843708 0.676722 0.280294 0.595402 0.00286351
1 0.663406 0.920416 0.47949 0.153827 0.00265407
1 0.21333 0.863827 0.322621 0.244291 0.00260622
1 0.875836 0.807508 0.200575 0.332285 0.00260289
1 0.420176 0.704344 0.341498 0.452071 0.00252646
1 0.85552 0.937367 0.242554 0.0978258 0.00250805
1 0.846672 0.880549 0.280501 0.232164 0.00247163
1 0.794462 0.917961 0.242473 0.152494 0.00186164
1 0.70331 0.0665173 0.538923 0.133035 0.00177114
1 0.525894 0.0625279 0.41709 0.125056 0.00171594
1 0.121981 0.703959 0.188663 0.46184 0.00159877
1 0.830733 0.705283 0.201207 0.383918 0.00157812
1 0.780756 0.848467 0.250149 0.240619 0.00157546
1 0.285902 0.933011 0.418875 0.107694 0.00148542
1 0.533809 0.103881 0.696201 0.204124 0.00137713
1 0.365998 0.0726642 0.629694 0.145328 0.00120975
1 0.456544 0.813971 0.54776 0.353128 0.00104679
