1 0.629736 0.406107 0.731512 0.656501 0.366874
1 0.456084 0.531865 0.2829 0.278955 0.0215518
1 0.476308 0.43623 0.336126 0.440731 0.0185246
1 0.771038 0.315536 0.45056 0.560016 0.014794
1 0.836531 0.412448 0.323051 0.440007 0.00946674
1 0.440454 0.43577 0.51716 0.610865 0.00556045
1 0.809288 0.586549 0.381423 0.789384 0.00467891
1 0.571758 0.272703 0.574476 0.437533 0.00288666
1 0.491174 0.557075 0.404035 0.419654 0.00248577
1 0.600154 0.634636 0.77434 0.724725 0.00224627
1 0.899722 0.489646 0.197346 0.572497 0.00158242
1 0.667377 0.186759 0.655959 0.2997 0.00119673
1 0.893353 0.919964 0.204936 0.150061 0.0011524
1 0.850828 0.76911 0.298343 0.446705 0.00113728
