1 0.395121 0.362109 0.669928 0.610867 0.0201182
1 0.598221 0.524606 0.427538 0.342563 0.0183353
1 0.295272 0.503191 0.349141 0.312725 0.0135525
1 0.637532 0.37638 0.433442 0.602185 0.0131069
1 0.687665 0.547115 0.258132 0.256681 0.010186
1 0.257374 0.519458 0.24705 0.21542 0.00677942
1 0.728661 0.481069 0.22379 0.376285 0.00561154
1 0.480306 0.531603 0.678197 0.432252 0.00402677
1 0.208155 0.461758 0.270114 0.393193 0.0038336
1 0.772365 0.453443 0.319306 0.529999 0.00239406
1 0.239236 0.350978 0.341609 0.562164 0.00167688
1 0.671638 0.851974 0.4782 0.275707 0.0015816
1 0.668115 0.912253 0.404971 0.153141 0.00150274
1 0.624712 0.131484 0.247251 0.183741 0.0014055
1 0.304819 0.907949 0.296317 0.108752 0.00134756
