1 0.386019 0.390392 0.72696 0.756303 0.121859
1 0.477877 0.672713 0.652692 0.568808 0.0819795
1 0.204291 0.343377 0.404338 0.669055 0.0332128
1 0.673294 0.682959 0.367727 0.593389 0.0253254
1 0.125263 0.37989 0.220552 0.496437 0.022254
1 0.126014 0.455546 0.185746 0.292538 0.0159257
1 0.585271 0.593892 0.405603 0.421853 0.0145558
1 0.536173 0.426543 0.455098 0.470862 0.0062959
1 0.29812 0.155804 0.559233 0.307576 0.00531589
1 0.626618 0.537349 0.270192 0.313309 0.00459725
1 0.291476 0.0698766 0.572806 0.139362 0.00394938
1 0.170542 0.501666 0.312951 0.372561 0.00338984
1 0.671386 0.492231 0.514459 0.78865 0.00327733
1 0.464304 0.263196 0.514198 0.380592 0.0025973
1 0.391468 0.101513 0.618852 0.184446 0.00194583
1 0.186328 0.133717 0.36022 0.235867 0.0018336
1 0.674701 0.500306 0.336473 0.530685 0.00154252
1 0.218336 0.0573642 0.355347 0.11155 0.00154085
1 0.549776 0.291488 0.336061 0.272666 0.00142127
1 0.515718 0.174785 0.434644 0.225172 0.00115063
1 0.214362 0.42877 0.428724 0.830638 0.00112028
