1 0.518313 0.424653 0.890265 0.833872 0.217397
1 0.305542 0.38408 0.45607 0.750765 0.0826894
1 0.627459 0.694142 0.587025 0.502041 0.028369
1 0.5951 0.522645 0.605217 0.550215 0.0152107
1 0.253679 0.57714 0.352239 0.295211 0.0136132
1 0.663009 0.614802 0.468938 0.306044 0.00974858
1 0.245731 0.114995 0.426358 0.220208 0.00933519
1 0.779198 0.397844 0.343045 0.736701 0.00774488
1 0.186935 0.583511 0.213839 0.200617 0.00772853
1 0.194029 0.465561 0.239177 0.450839 0.00646119
1 0.348451 0.549253 0.63553 0.476376 0.00559527
1 0.790524 0.617106 0.255554 0.231191 0.00554505
1 0.657146 0.837402 0.588165 0.31981 0.00510048
1 0.424425 0.173911 0.701824 0.345376 0.00417022
1 0.818389 0.465462 0.217359 0.492397 0.00383158
1 0.835084 0.605166 0.199511 0.398683 0.00332764
1 0.213568 0.47683 0.40304 0.541781 0.00263122
1 0.563793 0.772016 0.333067 0.327911 0.00248
1 0.729894 0.482633 0.324013 0.455422 0.00230328
1 0.224442 0.669808 0.372652 0.346848 0.00230236
1 0.752998 0.216991 0.460306 0.404201 0.00194994
1 0.507998 0.0978546 0.8823 0.195709 0.00165257
1 0.739748 0.10487 0.479054 0.194093 0.00152355
1 0.647855 0.915452 0.581706 0.165361 0.00106915
