1 0.55634 0.655869 0.50758 0.428243 0.0460264
1 0.460328 0.656324 0.249373 0.351657 0.0259705
1 0.598321 0.438854 0.568867 0.804346 0.0193674
1 0.347919 0.671279 0.426538 0.399528 0.0160069
1 0.412678 0.477475 0.679192 0.925611 0.014942
1 0.483194 0.15077 0.564765 0.297497 0.0134839
1 0.608564 0.123516 0.327709 0.234033 0.0111416
1 0.27761 0.490499 0.509101 0.714958 0.00891156
1 0.394239 0.585045 0.28314 0.474593 0.00817605
1 0.337789 0.104481 0.317942 0.201461 0.0079439
1 0.44989 0.44651 0.293217 0.729393 0.00782067
1 0.71472 0.0675451 0.454595 0.134124 0.00618644
1 0.266955 0.746282 0.28455 0.313262 0.00443447
1 0.522922 0.0792985 0.518649 0.155921 0.00413511
1 0.191703 0.77892 0.132979 0.203669 0.00403179
1 0.21826 0.584119 0.314134 0.62303 0.00385167
1 0.664092 0.677708 0.340582 0.283562 0.00332364
1 0.641689 0.182755 0.539277 0.364207 0.00246822
1 0.179804 0.735483 0.200029 0.352425 0.00235445
1 0.415416 0.19499 0.33785 0.337714 0.00225666
1 0.362803 0.19983 0.236846 0.220617 0.00223067
1 0.495996 0.771386 0.636212 0.456984 0.00210268
1 0.317822 0.813882 0.462112 0.340825 0.00168891
1 0.748285 0.672894 0.183631 0.232112 0.00168625
1 0.150735 0.48475 0.279305 0.61154 0.00166094
1 0.83131 0.0621463 0.323958 0.124293 0.00161523
1 0.109848 0.384208 0.196245 0.276005 0.00139362
1 0.820892 0.411752 0.331476 0.692865 0.00123134
1 0.777988 0.565801 0.222858 0.486146 0.00116431
1 0.25823 0.244461 0.463019 0.359921 0.00112017
1 0.207502 0.833658 0.182979 0.298879 0.0010723
1 0.275561 0.141103 0.49264 0.265223 0.00106516
1 0.875237 0.303823 0.240721 0.440029 0.0010141
