1 0.359425 0.512774 0.413734 0.632235 0.0596258
1 0.333807 0.676026 0.322082 0.291365 0.0148821
1 0.261709 0.515699 0.25596 0.559342 0.0108317
1 0.271682 0.634045 0.206403 0.3055 0.00898834
1 0.80706 0.720049 0.311038 0.501067 0.00616931
1 0.549329 0.586755 0.712733 0.595859 0.00539483
1 0.367774 0.79883 0.48306 0.377735 0.00413078
1 0.699952 0.8094 0.557137 0.373931 0.00399843
1 0.8537 0.84309 0.241324 0.307205 0.00385205
1 0.801584 0.600592 0.221115 0.506474 0.00318212
1 0.213268 0.632201 0.282656 0.419095 0.00198634
1 0.334598 0.330863 0.274488 0.26053 0.00182022
1 0.504515 0.87196 0.646749 0.25367 0.00157637
1 0.80343 0.477668 0.188143 0.299903 0.00150889
1 0.847691 0.941639 0.246971 0.114342 0.00146323
1 0.769215 0.879755 0.403229 0.237778 0.00144338
1 0.71578 0.652416 0.355537 0.466182 0.00142667
1 0.297189 0.663987 0.461195 0.517095 0.00139876
1 0.566379 0.746704 0.581521 0.496287 0.0013682
1 0.43127 0.935034 0.508714 0.129932 0.0011342
