1 0.518296 0.423659 0.871313 0.831044 0.262294
1 0.602132 0.366145 0.438601 0.723215 0.0820706
1 0.321685 0.386858 0.351481 0.679291 0.0698979
1 0.562678 0.596323 0.558898 0.440864 0.0195813
1 0.298453 0.537121 0.303372 0.413842 0.0125865
1 0.218183 0.0671738 0.436365 0.133528 0.0101655
1 0.192469 0.389461 0.334565 0.6656 0.00714529
1 0.707715 0.326572 0.247117 0.603358 0.00620755
1 0.655556 0.0583555 0.267267 0.115371 0.00571179
1 0.816032 0.354369 0.319695 0.581338 0.00446039
1 0.633348 0.114276 0.346014 0.223587 0.00406355
1 0.365736 0.613276 0.543102 0.478436 0.00397124
1 0.743364 0.436153 0.190385 0.397824 0.00276943
1 0.260911 0.132768 0.487 0.261445 0.00274446
1 0.750518 0.574857 0.175235 0.226335 0.00247036
1 0.750997 0.420735 0.479473 0.816907 0.00228138
1 0.406207 0.0854124 0.665642 0.168916 0.00198747
1 0.66506 0.579954 0.361129 0.310847 0.00146139
1 0.73243 0.21341 0.489152 0.415486 0.0014574
1 0.227184 0.620528 0.2521 0.27955 0.00130944
1 0.275582 0.428752 0.551163 0.825614 0.00116847
1 0.40132 0.151333 0.479876 0.283781 0.00105129
1 0.293991 0.190242 0.278242 0.230055 0.00100598
