1 0.381063 0.358668 0.762126 0.707466 0.223771
1 0.252827 0.424185 0.48704 0.469933 0.0771936
1 0.549022 0.343004 0.429371 0.625931 0.0283909
1 0.155194 0.491898 0.301666 0.471974 0.00421514
1 0.425469 0.0656016 0.712359 0.131203 0.00357573
1 0.387804 0.162944 0.65677 0.323656 0.00345259
1 0.260631 0.22502 0.491547 0.43257 0.00310962
1 0.738011 0.348507 0.421353 0.670057 0.00280814
1 0.543712 0.12177 0.595307 0.238025 0.00245662
1 0.652864 0.554878 0.229349 0.237872 0.00231256
1 0.106637 0.372817 0.204241 0.623403 0.00179042
1 0.610903 0.263663 0.758751 0.525511 0.00165827
1 0.230173 0.586085 0.447023 0.516427 0.00165039
1 0.244043 0.0888717 0.455878 0.162118 0.00154874
1 0.234246 0.412906 0.468492 0.821654 0.00138559
1 0.674341 0.0641933 0.598021 0.128387 0.0013145
1 0.657636 0.500626 0.323463 0.350027 0.00126123
1 0.562062 0.497122 0.350634 0.295727 0.00115065
