1 0.429068 0.71189 0.800052 0.448323 0.200299
1 0.488241 0.469239 0.861368 0.836278 0.0936111
1 0.297625 0.6852 0.507972 0.348569 0.0273282
1 0.219827 0.660074 0.29263 0.263474 0.0169864
1 0.643116 0.197775 0.243403 0.199628 0.0156176
1 0.570895 0.696296 0.470597 0.355212 0.01351
1 0.308854 0.414969 0.466853 0.769358 0.012762
1 0.601694 0.466155 0.452072 0.770677 0.0118827
1 0.18027 0.512705 0.247131 0.5096 0.00533411
1 0.215447 0.576265 0.411145 0.56064 0.00325436
1 0.237768 0.773962 0.440336 0.326498 0.0029853
1 0.667028 0.196919 0.374485 0.313434 0.00252532
