1 0.464648 0.409828 0.871402 0.724059 0.162422
1 0.276605 0.3655 0.45979 0.683943 0.026241
1 0.694285 0.382009 0.565585 0.698024 0.0192406
1 0.782072 0.151237 0.435857 0.289918 0.0168725
1 0.509969 0.419844 0.48567 0.57348 0.0107504
1 0.215667 0.63247 0.335117 0.337193 0.00723469
1 0.228006 0.509755 0.316026 0.451068 0.00572818
1 0.266948 0.684813 0.480814 0.528679 0.00379496
1 0.785506 0.603743 0.177172 0.185499 0.00364204
1 0.155228 0.659359 0.242691 0.23151 0.00344898
1 0.748072 0.45381 0.290958 0.474535 0.00219678
1 0.449578 0.683072 0.87272 0.594914 0.00194596
1 0.755384 0.082095 0.461437 0.16058 0.00192939
1 0.217533 0.801684 0.403073 0.387873 0.00185341
1 0.151778 0.465477 0.244806 0.552219 0.00184854
1 0.739805 0.655869 0.292815 0.309962 0.00154095
1 0.58655 0.109358 0.826899 0.216913 0.00147061
1 0.317143 0.189027 0.532092 0.358661 0.00138947
1 0.80925 0.721836 0.249904 0.337677 0.00132459
1 0.323648 0.0734236 0.490558 0.146799 0.00114494
1 0.331899 0.376481 0.308488 0.481511 0.00107562
