1 0.452033 0.431222 0.847577 0.854794 0.168112
1 0.191571 0.629691 0.298502 0.318978 0.0945779
1 0.258255 0.390303 0.439737 0.769469 0.0522985
1 0.413696 0.701891 0.805733 0.570106 0.0496727
1 0.26288 0.633357 0.49417 0.453822 0.0273117
1 0.239331 0.782744 0.451699 0.404713 0.00807149
1 0.153204 0.523659 0.280016 0.522838 0.00529411
1 0.198932 0.280363 0.264219 0.540406 0.00458166
1 0.658168 0.462181 0.28521 0.536682 0.00454871
1 0.663569 0.62156 0.279121 0.271606 0.00424642
1 0.431424 0.84659 0.862849 0.304509 0.00285916
1 0.580769 0.615339 0.451166 0.357121 0.00217873
1 0.698906 0.466899 0.463967 0.699489 0.00215599
1 0.236938 0.178874 0.286036 0.311182 0.0018803
1 0.716 0.625423 0.336218 0.393628 0.00129759
