1 0.49392 0.443079 0.853969 0.873397 0.183513
1 0.509633 0.50829 0.66284 0.461662 0.118286
1 0.599994 0.347653 0.49991 0.666496 0.0433468
1 0.273324 0.472692 0.262798 0.29172 0.0250837
1 0.655947 0.462915 0.363245 0.41482 0.0151667
1 0.322084 0.343443 0.397698 0.617163 0.0103686
1 0.221299 0.397394 0.29526 0.501551 0.00649666
1 0.708868 0.902443 0.229374 0.0982313 0.00324487
1 0.626943 0.607769 0.475037 0.550062 0.00237146
1 0.684618 0.865902 0.302308 0.170623 0.00190929
1 0.386908 0.937353 0.630656 0.125293 0.00155052
1 0.246378 0.191738 0.386906 0.368266 0.00142107
1 0.400166 0.887252 0.731764 0.225496 0.00118367
1 0.606379 0.903203 0.352157 0.105476 0.00112591
1 0.431358 0.170707 0.742996 0.341414 0.00108419
