1 0.589821 0.61337 0.514391 0.738734 0.0821524
1 0.243177 0.839673 0.347146 0.294054 0.0496361
1 0.267249 0.624998 0.389528 0.731642 0.0491991
1 0.23635 0.93088 0.406831 0.0980501 0.021705
1 0.329516 0.828634 0.188341 0.316892 0.0200651
1 0.298324 0.881563 0.556069 0.236874 0.0194254
1 0.754475 0.583396 0.212002 0.63349 0.0179451
1 0.568341 0.807358 0.639984 0.384251 0.0128233
1 0.393959 0.614832 0.294007 0.757865 0.0112831
1 0.187572 0.74253 0.292725 0.460645 0.0102166
1 0.770272 0.826201 0.19562 0.308585 0.0100826
1 0.360146 0.789808 0.666991 0.420384 0.00785786
1 0.793066 0.903148 0.205442 0.183348 0.0069153
1 0.873746 0.896118 0.230818 0.194367 0.00668271
1 0.879099 0.820573 0.201639 0.310105 0.00663489
1 0.149856 0.82159 0.230083 0.299308 0.00557746
1 0.892596 0.936688 0.179782 0.0969032 0.00439236
1 0.772904 0.869318 0.400038 0.258787 0.00372914
1 0.6329 0.928297 0.510356 0.139359 0.0033033
1 0.318884 0.480741 0.25038 0.424567 0.00324369
1 0.462808 0.517522 0.925617 0.915043 0.00299295
1 0.698342 0.781144 0.309921 0.402923 0.00292049
1 0.869388 0.608139 0.221667 0.729826 0.00275931
1 0.385749 0.922026 0.423588 0.152362 0.00269856
1 0.352658 0.390339 0.190509 0.235305 0.00228393
1 0.752814 0.624557 0.427249 0.699001 0.00221841
1 0.801521 0.928405 0.264451 0.0903504 0.00177071
1 0.139541 0.62468 0.212602 0.671955 0.00167307
