1 0.327743 0.219087 0.302734 0.361006 0.114306
1 0.539275 0.43059 0.8341 0.854378 0.0513161
1 0.390217 0.403271 0.437405 0.805288 0.0476951
1 0.282754 0.356296 0.386694 0.656315 0.0151491
1 0.459557 0.207783 0.553864 0.412135 0.0098863
1 0.675438 0.0930283 0.229967 0.16628 0.00597054
1 0.310867 0.681741 0.281231 0.248791 0.00457023
1 0.771347 0.0614316 0.426549 0.122434 0.00409206
1 0.278863 0.195547 0.538888 0.391094 0.00391336
1 0.718576 0.420973 0.442635 0.804068 0.00380321
1 0.588132 0.162287 0.321732 0.311431 0.00378171
1 0.387742 0.693743 0.481441 0.346336 0.00247518
1 0.662199 0.679831 0.349468 0.327903 0.00247115
1 0.682645 0.223522 0.401211 0.446072 0.00231981
1 0.754661 0.686061 0.176878 0.264386 0.00223881
1 0.559942 0.610057 0.593284 0.540428 0.0022217
1 0.283672 0.475879 0.237862 0.547151 0.00216303
1 0.29357 0.455746 0.587141 0.901477 0.0020921
1 0.732618 0.13003 0.453704 0.255833 0.00128068
1 0.267398 0.637686 0.210835 0.218878 0.00127258
1 0.553083 0.384523 0.412148 0.759248 0.00122644
