1 0.252025 0.628222 0.374281 0.34085 0.089396
1 0.482529 0.443616 0.852202 0.847052 0.0672199
1 0.737191 0.649552 0.348085 0.318834 0.0423152
1 0.238866 0.46338 0.431361 0.672952 0.0348459
1 0.578936 0.678616 0.678508 0.425669 0.0162782
1 0.257211 0.729841 0.444132 0.426943 0.0159268
1 0.35804 0.616311 0.681043 0.565083 0.0118286
1 0.771764 0.10349 0.438481 0.199249 0.0106977
1 0.813043 0.504483 0.291067 0.565636 0.00774192
1 0.44338 0.443136 0.392887 0.754062 0.00758506
1 0.701671 0.534251 0.42642 0.560517 0.00604013
1 0.775885 0.285494 0.433511 0.556328 0.00333732
1 0.708012 0.0620318 0.506307 0.123754 0.00324602
1 0.762939 0.762137 0.432497 0.436235 0.00279134
1 0.431468 0.759193 0.827362 0.480143 0.00225582
1 0.356301 0.070054 0.478387 0.140108 0.00222729
1 0.5508 0.102142 0.76856 0.204284 0.00217985
1 0.160364 0.673211 0.285206 0.36253 0.00206899
1 0.827212 0.684372 0.332922 0.322348 0.00200799
1 0.329332 0.388277 0.264826 0.575826 0.00191749
1 0.856535 0.837034 0.266486 0.290269 0.00174793
1 0.21949 0.84286 0.412398 0.304224 0.00164237
1 0.306937 0.171255 0.51156 0.331633 0.00121196
1 0.844934 0.933564 0.287517 0.127482 0.00101726
1 0.890235 0.512214 0.21171 0.655087 0.00100437
