1 0.417755 0.501661 0.739872 0.765021 0.146577
1 0.617988 0.713948 0.366974 0.373872 0.0862654
1 0.166819 0.514378 0.265985 0.656107 0.0486029
1 0.677762 0.717103 0.228057 0.274006 0.0456081
1 0.605053 0.453407 0.359291 0.825139 0.0412237
1 0.485752 0.728006 0.654645 0.428012 0.0297264
1 0.152065 0.687561 0.176933 0.300108 0.0228573
1 0.673895 0.573765 0.271327 0.552234 0.0174919
1 0.201013 0.656559 0.285424 0.398913 0.00833082
1 0.73796 0.660233 0.326176 0.533047 0.00598864
1 0.259073 0.454064 0.393772 0.83661 0.00487486
1 0.717223 0.577853 0.525379 0.726829 0.00286656
1 0.66296 0.805704 0.354173 0.366611 0.00279267
1 0.546628 0.198505 0.249005 0.29309 0.00272619
1 0.290651 0.719136 0.496203 0.375306 0.00262444
1 0.0830114 0.599334 0.145665 0.5368 0.00174226
1 0.794283 0.542917 0.302046 0.624722 0.00145257
1 0.443121 0.181742 0.376663 0.331536 0.00111165
