1 0.562647 0.514707 0.719996 0.741801 0.26083
1 0.716508 0.490583 0.333866 0.546247 0.0402076
1 0.396168 0.516506 0.299805 0.562688 0.0154385
1 0.380461 0.687314 0.281704 0.233363 0.00850938
1 0.823392 0.594229 0.343051 0.744315 0.00533645
1 0.857206 0.910026 0.200979 0.119415 0.00157413
1 0.871356 0.854901 0.212832 0.207038 0.0015638
1 0.388521 0.812824 0.362508 0.269363 0.00149595
1 0.777998 0.911643 0.20984 0.11624 0.00119848
1 0.405652 0.699657 0.391312 0.370063 0.00119405
1 0.52662 0.479527 0.428211 0.615677 0.00110397
