1 0.535144 0.426514 0.910265 0.831815 0.219346
1 0.573597 0.460979 0.522052 0.680493 0.0751791
1 0.722503 0.404907 0.487086 0.768583 0.0166719
1 0.244426 0.610938 0.264136 0.285217 0.0155087
1 0.268179 0.406727 0.365071 0.68104 0.0130636
1 0.267438 0.605986 0.375817 0.42112 0.00879262
1 0.411343 0.56583 0.702737 0.520293 0.00674213
1 0.198528 0.523809 0.263574 0.45288 0.00440706
1 0.167682 0.398112 0.314692 0.781842 0.00425029
1 0.763155 0.172691 0.460639 0.329842 0.00327116
1 0.547216 0.667174 0.642907 0.502114 0.00298219
1 0.778998 0.515832 0.324311 0.643246 0.00245571
1 0.807537 0.105297 0.384926 0.200876 0.00217876
1 0.713145 0.651623 0.253605 0.254437 0.00215837
1 0.503061 0.797333 0.942189 0.401659 0.00114981
1 0.689072 0.174529 0.351548 0.235297 0.0010847
1 0.879091 0.0570638 0.226497 0.114128 0.00105511
1 0.681034 0.0776638 0.549142 0.152321 0.00103382
