1 0.425118 0.452793 0.724269 0.859014 0.0232498
1 0.350516 0.612223 0.317725 0.307874 0.014481
1 0.313522 0.616318 0.512918 0.432261 0.00899195
1 0.373534 0.105425 0.422422 0.202187 0.00684711
1 0.684988 0.435282 0.545424 0.817317 0.00683956
1 0.251265 0.476245 0.337762 0.667627 0.00609962
1 0.469552 0.610497 0.486456 0.386369 0.00427885
1 0.607912 0.112163 0.784176 0.220287 0.00419933
1 0.189831 0.582443 0.269726 0.513257 0.00325881
1 0.241751 0.651851 0.236031 0.34614 0.00311031
1 0.409611 0.477592 0.37958 0.597047 0.00279468
1 0.632004 0.591859 0.565475 0.428206 0.00250757
1 0.852158 0.688651 0.220446 0.275594 0.00243672
1 0.772257 0.516655 0.378917 0.591377 0.00200874
1 0.756978 0.0927576 0.443139 0.176041 0.00177023
1 0.746086 0.724937 0.43713 0.38376 0.00161048
1 0.524 0.64144 0.921497 0.581842 0.00141912
1 0.25106 0.0811452 0.430808 0.162199 0.00116073
1 0.861764 0.544865 0.231435 0.52344 0.00113609
1 0.425575 0.192923 0.489078 0.365665 0.00112013
1 0.148001 0.432776 0.277842 0.81996 0.00100202
