1 0.546647 0.488538 0.728793 0.914447 0.202617
1 0.635292 0.499887 0.38047 0.833964 0.0575864
1 0.37375 0.496938 0.529005 0.782506 0.0434417
1 0.195467 0.597233 0.294511 0.550535 0.0216577
1 0.635667 0.757822 0.391535 0.417236 0.0122554
1 0.665175 0.616077 0.298461 0.527236 0.012059
1 0.259059 0.492509 0.319193 0.646126 0.0097234
1 0.290295 0.667584 0.410351 0.453095 0.00964964
1 0.449864 0.665582 0.710146 0.597557 0.00825228
1 0.676869 0.85851 0.455936 0.278914 0.00666989
1 0.216963 0.653173 0.241321 0.330561 0.00611714
1 0.33394 0.825049 0.584525 0.345081 0.00528676
1 0.191471 0.0597363 0.37432 0.117657 0.00357364
1 0.159817 0.768161 0.258609 0.364473 0.00325008
1 0.132002 0.64141 0.181274 0.422151 0.00320751
1 0.744065 0.0695333 0.50141 0.137459 0.00274312
1 0.791422 0.562953 0.338967 0.652202 0.00198462
1 0.356262 0.482277 0.284883 0.719611 0.00193217
1 0.287973 0.93231 0.460679 0.116878 0.00166373
1 0.650162 0.929247 0.405988 0.0983024 0.00154866
1 0.145595 0.858548 0.233505 0.252235 0.001463
1 0.164636 0.417761 0.298182 0.791742 0.00134157
1 0.689437 0.904621 0.305983 0.180474 0.00130105
