1 0.52235 0.510249 0.878678 0.775228 0.231185
1 0.684302 0.518538 0.414073 0.617967 0.0767884
1 0.275232 0.598549 0.349917 0.312261 0.0757563
1 0.296982 0.49813 0.453413 0.583839 0.0507264
1 0.237349 0.623463 0.236003 0.190639 0.0444417
1 0.683906 0.689983 0.444521 0.418532 0.0246802
1 0.288901 0.740569 0.479934 0.438595 0.0205274
1 0.408627 0.590462 0.610325 0.507248 0.0180329
1 0.77994 0.6352 0.203053 0.225832 0.0175982
1 0.797252 0.522827 0.277963 0.524398 0.0175483
1 0.524521 0.723384 0.827521 0.465423 0.0063459
1 0.216766 0.598219 0.40991 0.485486 0.00445708
1 0.734666 0.457276 0.250219 0.49798 0.00291366
1 0.231071 0.839905 0.405468 0.313637 0.0023747
1 0.179285 0.652107 0.266221 0.276676 0.00222903
1 0.693163 0.814503 0.546085 0.340603 0.00196636
1 0.172238 0.480757 0.26554 0.53103 0.00159234
1 0.272816 0.935023 0.485784 0.120293 0.00131119
1 0.266509 0.183952 0.381551 0.223555 0.00114082
1 0.28089 0.341967 0.385069 0.49233 0.00110314
