1 0.643819 0.489697 0.575433 0.861249 0.00579259
1 0.46387 0.531418 0.511469 0.849569 0.00497632
1 0.828803 0.835922 0.152692 0.222411 0.00426836
1 0.396833 0.843757 0.545008 0.288637 0.0041465
1 0.733773 0.192294 0.445232 0.368545 0.0029238
1 0.829454 0.72662 0.206197 0.45981 0.00273595
1 0.860253 0.794779 0.11155 0.308361 0.00259947
1 0.812831 0.560656 0.254693 0.796871 0.00220414
1 0.299149 0.515406 0.414109 0.845225 0.00209217
1 0.341105 0.937253 0.396911 0.12045 0.00203804
1 0.224169 0.854127 0.167991 0.249299 0.00184927
1 0.614277 0.69624 0.600489 0.502477 0.00180851
1 0.220643 0.583226 0.222454 0.827864 0.00177866
1 0.660342 0.142984 0.306575 0.276243 0.00165856
1 0.68814 0.855168 0.38627 0.202271 0.00160932
1 0.366575 0.742242 0.423867 0.441557 0.00156777
1 0.251629 0.77958 0.237515 0.396987 0.0013019
1 0.546189 0.17474 0.441551 0.335631 0.00127381
1 0.766597 0.818322 0.309825 0.31766 0.00102386
1 0.250237 0.877346 0.394253 0.245308 0.00100599
