1 0.332478 0.581728 0.318496 0.281092 0.0120263
1 0.666347 0.445525 0.536259 0.64654 0.0096653
1 0.390658 0.426126 0.594154 0.767563 0.00952224
1 0.249965 0.493502 0.246874 0.534267 0.00893863
1 0.32871 0.419398 0.365072 0.623754 0.00845135
1 0.390665 0.104669 0.400311 0.198318 0.00500208
1 0.496975 0.600881 0.399515 0.358835 0.00374987
1 0.365645 0.60909 0.520571 0.445521 0.00363451
1 0.612236 0.104447 0.6717 0.202454 0.00353375
1 0.863926 0.46256 0.223371 0.556553 0.00348254
1 0.821385 0.40937 0.341198 0.739386 0.00347067
1 0.514099 0.294119 0.707183 0.586199 0.00304911
1 0.695179 0.577842 0.482205 0.353769 0.00233703
1 0.210209 0.59429 0.207415 0.343786 0.00215741
1 0.85511 0.585779 0.180655 0.252835 0.0014263
1 0.38311 0.228591 0.436198 0.418799 0.00135007
1 0.154566 0.464869 0.262203 0.681252 0.0012807
1 0.725542 0.0701058 0.504544 0.136684 0.00120708
1 0.767925 0.147131 0.447948 0.266516 0.00108621
1 0.263064 0.0775969 0.490496 0.155194 0.00100475
