1 0.574189 0.415004 0.829599 0.823717 0.235564
1 0.365127 0.384617 0.341369 0.652508 0.0881953
1 0.76447 0.430955 0.406749 0.770971 0.0684525
1 0.321625 0.608992 0.267554 0.28295 0.0348665
1 0.373189 0.235023 0.307621 0.387057 0.0286278
1 0.367574 0.135 0.291326 0.222116 0.0173835
1 0.340063 0.422075 0.545368 0.831764 0.0156457
1 0.581752 0.719753 0.747394 0.551435 0.0145412
1 0.296468 0.487904 0.236663 0.477359 0.0119771
1 0.823741 0.552443 0.209746 0.393441 0.00604378
1 0.393378 0.66282 0.439545 0.399902 0.00567813
1 0.36735 0.07719 0.243384 0.137071 0.00499913
1 0.722282 0.666208 0.394514 0.403763 0.00447944
1 0.531429 0.210463 0.49493 0.382874 0.00351811
1 0.298715 0.558728 0.37526 0.542219 0.00343634
1 0.324803 0.0796552 0.437037 0.153483 0.00315993
1 0.731676 0.218225 0.17823 0.196969 0.00310179
1 0.882833 0.472672 0.229796 0.723261 0.00225385
1 0.846452 0.712931 0.24705 0.321269 0.0021452
1 0.79117 0.32836 0.306957 0.466582 0.00208981
1 0.716428 0.17551 0.292179 0.273602 0.00204103
1 0.451803 0.116827 0.59062 0.219345 0.00191595
1 0.580951 0.364537 0.484732 0.670147 0.0013688
1 0.723391 0.816996 0.530006 0.329322 0.0013058
1 0.768613 0.100179 0.37143 0.156489 0.00126348
