1 0.48966 0.392786 0.577594 0.744793 0.223451
1 0.406058 0.568275 0.412367 0.41793 0.0625165
1 0.354148 0.567726 0.254597 0.283272 0.0356613
1 0.636467 0.36781 0.400686 0.682212 0.026925
1 0.34494 0.400966 0.305721 0.67058 0.0124839
1 0.515078 0.632422 0.663179 0.610026 0.0088885
1 0.459331 0.246868 0.915636 0.493538 0.00821731
1 0.586628 0.532706 0.433125 0.406177 0.00701066
1 0.323951 0.483892 0.525776 0.679855 0.00635587
1 0.342347 0.0943036 0.684695 0.186188 0.00614982
1 0.789024 0.368263 0.39672 0.702262 0.00588138
1 0.249928 0.0651255 0.475527 0.129405 0.00424188
1 0.489256 0.125098 0.557679 0.215801 0.0039297
1 0.495134 0.0684064 0.672722 0.13582 0.00279233
1 0.481882 0.465688 0.963763 0.917101 0.00175536
1 0.327056 0.175894 0.493688 0.29166 0.00146864
1 0.726479 0.507989 0.351748 0.442281 0.00130551
