1 0.570636 0.446457 0.802373 0.85772 0.179275
1 0.439923 0.641844 0.547137 0.380287 0.0462557
1 0.386344 0.421455 0.409986 0.791221 0.0379048
1 0.660511 0.615549 0.404915 0.357551 0.02342
1 0.38622 0.644532 0.28959 0.294585 0.0204145
1 0.770597 0.585074 0.179737 0.281893 0.0158851
1 0.350397 0.107948 0.416537 0.20291 0.00667156
1 0.633148 0.48069 0.464995 0.632748 0.00616244
1 0.774985 0.467317 0.239893 0.561529 0.00598262
1 0.304881 0.618998 0.238234 0.357953 0.00577843
1 0.546005 0.111711 0.838765 0.217954 0.00420993
1 0.273574 0.480886 0.268167 0.635302 0.00382437
1 0.668669 0.120417 0.305459 0.187247 0.00367016
1 0.309763 0.622408 0.393571 0.482868 0.00322218
1 0.782263 0.420999 0.389389 0.759066 0.00313604
1 0.831951 0.62494 0.217836 0.409089 0.00306814
1 0.267563 0.678717 0.20149 0.261508 0.00218191
1 0.334888 0.761858 0.385472 0.336694 0.00207617
1 0.609311 0.669324 0.707367 0.546594 0.00204443
1 0.647577 0.0719235 0.25278 0.132446 0.00149366
1 0.265173 0.497289 0.463651 0.881847 0.00147288
1 0.355289 0.160123 0.248111 0.193472 0.00131011
1 0.257598 0.747586 0.199103 0.189723 0.00102311
