1 0.299169 0.432124 0.319336 0.521125 0.152116
1 0.506713 0.431572 0.657391 0.592924 0.0753876
1 0.300029 0.531627 0.262797 0.284641 0.0451908
1 0.560907 0.667716 0.594734 0.626629 0.0384047
1 0.641652 0.435081 0.351124 0.495805 0.0238041
1 0.643663 0.615165 0.399946 0.402478 0.0192726
1 0.339879 0.533123 0.502262 0.528691 0.0111109
1 0.675114 0.547004 0.28791 0.292983 0.0106608
1 0.721102 0.704367 0.370841 0.588676 0.0059932
1 0.540975 0.486595 0.892357 0.885848 0.0053191
1 0.311622 0.212692 0.261403 0.269394 0.00298773
1 0.747807 0.527625 0.272344 0.451857 0.0025906
1 0.633896 0.289298 0.279331 0.321672 0.00179985
1 0.615802 0.159204 0.232313 0.147968 0.00166712
1 0.518902 0.298992 0.442272 0.508629 0.00136255
1 0.53252 0.141516 0.432527 0.222874 0.00131248
1 0.492748 0.861371 0.680127 0.275255 0.00100187
