1 0.743414 0.287181 0.485902 0.568785 0.0287109
1 0.533316 0.233909 0.697596 0.467817 0.0187404
1 0.593238 0.0931488 0.763203 0.184864 0.0158528
1 0.340138 0.237395 0.402368 0.463133 0.0115797
1 0.745576 0.0662168 0.480349 0.131569 0.0104843
1 0.510677 0.353556 0.978647 0.707113 0.0089099
1 0.41803 0.131761 0.507667 0.261034 0.00816875
1 0.321039 0.304362 0.633756 0.606826 0.00658719
1 0.774029 0.140557 0.447607 0.277159 0.00409214
1 0.463922 0.0614675 0.45881 0.121462 0.00345144
1 0.717886 0.439119 0.440717 0.410273 0.00225893
