1 0.379687 0.511973 0.602547 0.854091 0.0162623
1 0.294619 0.611457 0.436547 0.585387 0.0065846
1 0.172012 0.595509 0.271607 0.633862 0.0060281
1 0.400116 0.728473 0.703364 0.493214 0.00340462
1 0.752367 0.897671 0.466418 0.204658 0.00308308
1 0.245939 0.473465 0.288983 0.611239 0.00261397
1 0.663241 0.494421 0.50899 0.745011 0.00253344
1 0.716078 0.788297 0.507151 0.382658 0.00243195
1 0.206163 0.424893 0.182418 0.394329 0.00227056
1 0.177206 0.326738 0.267326 0.54399 0.00195432
1 0.327402 0.846653 0.564043 0.305995 0.00186634
1 0.461475 0.613597 0.464168 0.573809 0.00166253
1 0.207667 0.869459 0.324663 0.246095 0.001634
1 0.798908 0.933893 0.345541 0.0921682 0.00157902
1 0.338689 0.412388 0.365428 0.668813 0.00131298
1 0.885838 0.936976 0.194471 0.0993758 0.00128153
1 0.286699 0.93439 0.444897 0.122298 0.00127819
1 0.837869 0.751794 0.264885 0.4497 0.00124456
1 0.251849 0.775584 0.400316 0.360663 0.00115575
1 0.187093 0.672239 0.204009 0.383327 0.00106972
1 0.277127 0.319709 0.258798 0.422158 0.0010656
