1 0.52002 0.564321 0.72091 0.388024 0.0864421
1 0.484216 0.372166 0.720718 0.662205 0.071232
1 0.359262 0.537022 0.392393 0.30709 0.0387471
1 0.668408 0.558598 0.403883 0.302956 0.0271741
1 0.670804 0.439264 0.515781 0.561903 0.0108846
1 0.297254 0.466232 0.308695 0.37681 0.00681015
1 0.316786 0.458185 0.512587 0.501288 0.00588109
1 0.725562 0.0929253 0.466847 0.161699 0.00469011
1 0.772961 0.512711 0.317228 0.271722 0.00367868
1 0.608408 0.125609 0.563549 0.204681 0.00364953
1 0.334529 0.323709 0.391311 0.572625 0.00352526
1 0.27292 0.113793 0.450332 0.209475 0.00334711
1 0.421182 0.0863843 0.713156 0.170744 0.00258767
1 0.591119 0.0668825 0.60823 0.133015 0.00256023
1 0.805956 0.433985 0.335755 0.535725 0.00166795
1 0.360791 0.0875579 0.323123 0.15394 0.00146981
1 0.210641 0.360545 0.353397 0.531574 0.00140901
1 0.677054 0.31064 0.408881 0.500341 0.00137361
1 0.802817 0.622957 0.292347 0.247983 0.00135754
1 0.600708 0.87188 0.646981 0.256056 0.00124516
1 0.335092 0.167959 0.357946 0.268762 0.00113929
1 0.67406 0.175824 0.384 0.20869 0.00112519
