1 0.219425 0.723247 0.328586 0.341839 0.0241195
1 0.363997 0.512369 0.631612 0.821698 0.0189075
1 0.212109 0.552554 0.335809 0.629805 0.0124676
1 0.595111 0.528468 0.685016 0.887207 0.00947825
1 0.211168 0.832947 0.359744 0.278874 0.00938524
1 0.863372 0.58891 0.273257 0.821761 0.00659711
1 0.334165 0.854776 0.667963 0.253042 0.00453334
1 0.283792 0.708447 0.514092 0.501966 0.00412079
1 0.305213 0.860467 0.370402 0.226049 0.0040153
1 0.871388 0.82408 0.17535 0.349421 0.00351749
1 0.240492 0.912668 0.480983 0.160531 0.00334025
1 0.16121 0.932505 0.29761 0.132789 0.00291289
1 0.895746 0.68956 0.145398 0.617313 0.00284954
1 0.800991 0.854426 0.287753 0.286012 0.00280053
1 0.43876 0.916397 0.61399 0.162547 0.00236063
1 0.727141 0.948034 0.35779 0.101264 0.00217484
1 0.768408 0.700236 0.34046 0.585092 0.00211516
1 0.665243 0.916141 0.488745 0.165697 0.00173318
1 0.604095 0.859868 0.583419 0.26758 0.00170775
1 0.376623 0.944084 0.449035 0.111831 0.00149282
1 0.690481 0.125493 0.501787 0.213842 0.00143401
1 0.869264 0.942528 0.177959 0.107883 0.0013909
1 0.776464 0.0877922 0.416707 0.16557 0.00136134
1 0.451254 0.770123 0.553852 0.416349 0.00124907
1 0.624222 0.709951 0.551062 0.555047 0.00115196
