1 0.484944 0.467678 0.897619 0.914143 0.137612
1 0.170257 0.674736 0.262847 0.649718 0.107231
1 0.689559 0.529786 0.396929 0.732605 0.0974191
1 0.699382 0.624967 0.32615 0.432477 0.0416517
1 0.305208 0.676091 0.517624 0.647818 0.0224233
1 0.565281 0.676052 0.561201 0.594774 0.0077047
1 0.57088 0.348603 0.545839 0.686186 0.00636338
1 0.773057 0.391087 0.391435 0.772079 0.00540975
1 0.212391 0.439834 0.322031 0.820388 0.00458621
1 0.719764 0.753657 0.471675 0.475543 0.00285304
1 0.099941 0.733679 0.141367 0.529995 0.00159523
1 0.143241 0.80751 0.234286 0.377573 0.00153812
1 0.547498 0.0700477 0.520968 0.137909 0.00117044
