1 0.476942 0.450189 0.857059 0.860626 0.141569
1 0.696635 0.527487 0.376002 0.590878 0.0533935
1 0.73955 0.517399 0.216153 0.438564 0.0321519
1 0.131998 0.695874 0.180744 0.258458 0.0251996
1 0.164956 0.523001 0.272224 0.613264 0.0135531
1 0.27476 0.498 0.507587 0.704138 0.0130395
1 0.212667 0.70591 0.389837 0.392892 0.0119192
1 0.652571 0.372559 0.400205 0.629109 0.00885872
1 0.675422 0.709063 0.485419 0.447439 0.00596629
1 0.520211 0.79004 0.817059 0.419919 0.00517304
1 0.725619 0.634192 0.27049 0.337116 0.00512123
1 0.378293 0.701696 0.739517 0.451097 0.00419292
1 0.0959849 0.662936 0.176242 0.414833 0.00342199
1 0.809646 0.558011 0.326512 0.558385 0.00341285
1 0.202423 0.224617 0.351691 0.403421 0.00258289
1 0.217165 0.274875 0.23299 0.175746 0.00225368
1 0.184696 0.224089 0.314711 0.204497 0.00210487
1 0.727276 0.841325 0.440485 0.30818 0.0020715
1 0.236522 0.142893 0.292621 0.230192 0.00179832
1 0.11613 0.853373 0.207594 0.269194 0.00152228
1 0.316544 0.104401 0.357808 0.198264 0.00124175
1 0.689574 0.113333 0.572916 0.221529 0.00123376
1 0.630219 0.210955 0.425506 0.368829 0.00120174
1 0.540459 0.219452 0.191843 0.139477 0.0011716
1 0.771633 0.753089 0.289868 0.349236 0.00105321
1 0.0783207 0.80902 0.137513 0.272288 0.00102672
1 0.146009 0.79238 0.283261 0.415239 0.00100535
