1 0.243218 0.36482 0.440902 0.638725 0.0123327
1 0.480509 0.387065 0.893282 0.754023 0.00816154
1 0.273285 0.511953 0.380965 0.301196 0.00801507
1 0.168116 0.446808 0.23168 0.432851 0.00569963
1 0.644369 0.367418 0.468633 0.668545 0.00386698
1 0.414545 0.0883765 0.638086 0.175474 0.0024614
1 0.776476 0.412868 0.342612 0.518473 0.00230886
1 0.304186 0.828331 0.477274 0.340015 0.00176094
1 0.419798 0.264867 0.602866 0.529735 0.00150382
1 0.324187 0.0624459 0.341452 0.122754 0.00147435
1 0.324637 0.537685 0.577832 0.482381 0.00119609
1 0.315009 0.11575 0.375904 0.223063 0.00110402
