1 0.567092 0.380202 0.773351 0.729808 0.146546
1 0.393967 0.356731 0.379531 0.694067 0.0570656
1 0.362259 0.530339 0.289191 0.356875 0.0332644
1 0.793002 0.416751 0.305451 0.592137 0.0302931
1 0.306713 0.464067 0.299964 0.523632 0.0117851
1 0.451462 0.5252 0.576084 0.536584 0.00647561
1 0.447139 0.566537 0.291602 0.359954 0.00468252
1 0.752345 0.581969 0.233706 0.299983 0.00326408
1 0.758037 0.0653357 0.447812 0.130671 0.00300429
1 0.317692 0.190708 0.470319 0.37829 0.00251635
1 0.590103 0.574447 0.49677 0.372299 0.00204116
1 0.267532 0.109767 0.511799 0.219534 0.00189366
1 0.218338 0.51225 0.291872 0.523567 0.00168277
1 0.334118 0.620425 0.383227 0.439569 0.00166349
1 0.601107 0.063658 0.505266 0.126812 0.00140463
1 0.879273 0.93801 0.215284 0.0984898 0.00134202
1 0.697922 0.364606 0.399093 0.699778 0.0013105
1 0.347935 0.0803877 0.364106 0.154372 0.00118815
1 0.741913 0.126604 0.472219 0.243327 0.00100097
