1 0.662607 0.481734 0.662888 0.925166 0.0612946
1 0.489998 0.469752 0.396818 0.912097 0.0195061
1 0.674887 0.756596 0.421994 0.408897 0.00795726
1 0.446299 0.829371 0.400452 0.313062 0.0060509
1 0.828404 0.494904 0.337543 0.926687 0.0054842
1 0.532449 0.749298 0.436257 0.448444 0.00398816
1 0.800573 0.745579 0.371851 0.438906 0.00359823
1 0.742617 0.105876 0.493309 0.201448 0.00298333
1 0.763535 0.911648 0.449114 0.133295 0.00215967
1 0.898427 0.491958 0.203147 0.769414 0.00155239
1 0.546963 0.920488 0.452823 0.106249 0.00114214
