1 0.542166 0.432583 0.915667 0.850095 0.126301
1 0.572236 0.11397 0.724442 0.227939 0.0504856
1 0.379697 0.441676 0.475064 0.722247 0.0280524
1 0.737771 0.397247 0.474804 0.790628 0.0195623
1 0.665376 0.228645 0.605811 0.444463 0.0106823
1 0.66954 0.0751049 0.51374 0.149253 0.00849152
1 0.258423 0.446837 0.20815 0.544357 0.00728205
1 0.718048 0.158912 0.449554 0.292429 0.00657695
1 0.322888 0.552222 0.308057 0.380241 0.00527088
1 0.419366 0.168828 0.619762 0.334876 0.00509833
1 0.411233 0.0762074 0.749807 0.149412 0.00469109
1 0.87426 0.393395 0.243963 0.759608 0.00364501
1 0.728975 0.61347 0.394153 0.406194 0.00307598
1 0.221552 0.0720152 0.443105 0.1419 0.00231694
1 0.506528 0.645677 0.35319 0.371584 0.00226842
1 0.37038 0.653843 0.472007 0.410652 0.00180136
1 0.666295 0.645485 0.66741 0.577411 0.00176285
1 0.904198 0.624357 0.137568 0.240514 0.00152279
1 0.903193 0.507641 0.189107 0.488757 0.00123192
1 0.825312 0.565332 0.343037 0.651831 0.00117937
