1 0.467824 0.4819 0.540983 0.872916 0.00684328
1 0.565949 0.772599 0.524204 0.418254 0.00433832
1 0.375631 0.732307 0.43586 0.372813 0.0043193
1 0.337213 0.45907 0.333496 0.726386 0.00375908
1 0.251896 0.584188 0.220432 0.51767 0.00325227
1 0.658795 0.537703 0.360462 0.760543 0.0026795
1 0.268072 0.709228 0.272516 0.331466 0.00206823
1 0.492717 0.663204 0.76799 0.605506 0.00151995
1 0.688872 0.801809 0.31479 0.306982 0.001519
1 0.768131 0.718568 0.178525 0.364201 0.00147902
1 0.184407 0.463638 0.312784 0.720646 0.00147158
1 0.364998 0.830409 0.546728 0.326379 0.00140776
1 0.73384 0.087558 0.523032 0.173316 0.00133782
1 0.753217 0.554761 0.21257 0.665217 0.00123656
1 0.239302 0.0700233 0.478604 0.139936 0.00114503
