1 0.558791 0.475726 0.727437 0.874493 0.0884489
1 0.741071 0.405084 0.430907 0.736356 0.0188398
1 0.540513 0.215937 0.501111 0.357043 0.00867704
1 0.440986 0.258901 0.297574 0.339784 0.00761199
1 0.431908 0.381842 0.38622 0.6382 0.00734304
1 0.681271 0.191444 0.363249 0.302384 0.00416164
1 0.648335 0.26228 0.590816 0.524559 0.00364991
1 0.862516 0.336773 0.260694 0.609296 0.00310191
1 0.768518 0.632572 0.368168 0.462376 0.00204959
1 0.420778 0.750549 0.431167 0.389086 0.00188921
1 0.581796 0.107253 0.549727 0.191079 0.00115337
