1 0.508071 0.449864 0.912841 0.736383 0.273044
1 0.255901 0.436674 0.418935 0.582434 0.171537
1 0.268747 0.587751 0.376303 0.3066 0.0355523
1 0.288286 0.26444 0.335061 0.340256 0.00844956
1 0.200582 0.532683 0.26659 0.353074 0.00840805
1 0.662708 0.415642 0.484237 0.640453 0.00663108
1 0.411913 0.23454 0.53546 0.391153 0.00630832
1 0.409826 0.392852 0.412905 0.670188 0.00461508
1 0.530646 0.209005 0.452848 0.294415 0.00363428
1 0.857076 0.42113 0.272129 0.482969 0.0035418
1 0.716167 0.682739 0.330385 0.255503 0.00254689
1 0.618041 0.200036 0.263467 0.194383 0.00234156
1 0.315412 0.665468 0.596817 0.475464 0.00214071
1 0.201834 0.568796 0.394718 0.512419 0.00210051
1 0.149468 0.433937 0.263851 0.519515 0.0019916
1 0.687868 0.582742 0.411362 0.413852 0.00183558
1 0.276456 0.156617 0.322363 0.184466 0.00114614
