1 0.554738 0.389693 0.807774 0.697609 0.27776
1 0.382255 0.31153 0.354294 0.544958 0.113617
1 0.357055 0.44984 0.351697 0.414834 0.0500857
1 0.703938 0.361874 0.437619 0.622233 0.0306671
1 0.325656 0.385785 0.548663 0.717048 0.0113723
1 0.641151 0.518308 0.536228 0.413952 0.00902053
1 0.491834 0.593769 0.699562 0.535669 0.00615587
1 0.251894 0.451818 0.374089 0.521921 0.00179883
1 0.421212 0.176683 0.368447 0.313652 0.00168404
1 0.647862 0.093231 0.704276 0.178583 0.0015918
1 0.424067 0.0881529 0.417494 0.163368 0.00152846
1 0.744835 0.213466 0.453262 0.319809 0.00113259
1 0.341745 0.58409 0.441371 0.434073 0.00112324
