1 0.535677 0.448137 0.910093 0.877834 0.420634
1 0.293277 0.514927 0.47001 0.756925 0.227868
1 0.673213 0.556068 0.483034 0.802047 0.12129
1 0.206788 0.534284 0.2635 0.630379 0.107837
1 0.739323 0.356195 0.512001 0.689633 0.043136
1 0.687556 0.496954 0.308501 0.535319 0.0336563
1 0.752538 0.807806 0.388393 0.380867 0.01779
1 0.179468 0.646731 0.202462 0.346858 0.0148671
1 0.739255 0.586014 0.250852 0.375847 0.00771358
1 0.469438 0.666481 0.872134 0.657476 0.00690399
1 0.745045 0.704558 0.282984 0.272013 0.00583469
1 0.238541 0.748482 0.355329 0.433522 0.00462817
1 0.560786 0.835424 0.747735 0.327567 0.00286612
1 0.824936 0.302155 0.335157 0.522609 0.00259976
1 0.814549 0.882677 0.333841 0.22764 0.00205453
1 0.792488 0.487848 0.324947 0.539405 0.00195564
1 0.109481 0.553715 0.206389 0.656122 0.00154728
1 0.726638 0.0595454 0.375546 0.114795 0.0012226
1 0.900993 0.297135 0.184736 0.335521 0.00118402
1 0.738449 0.176249 0.471347 0.332405 0.00116328
