1 0.558875 0.4017 0.679873 0.656391 0.229082
1 0.388002 0.395724 0.352134 0.626599 0.0904716
1 0.688563 0.42743 0.36778 0.488822 0.0515945
1 0.623039 0.548793 0.544814 0.434028 0.019147
1 0.353044 0.579224 0.24831 0.218817 0.0164724
1 0.728677 0.528282 0.283158 0.266361 0.00847626
1 0.775226 0.1055 0.426226 0.197261 0.00493578
1 0.401692 0.245246 0.21789 0.313945 0.00455554
1 0.367683 0.615315 0.355876 0.38111 0.00396685
1 0.787573 0.5125 0.304811 0.405698 0.00320267
1 0.487023 0.274021 0.340048 0.425372 0.00204995
1 0.783595 0.36978 0.265158 0.412229 0.0017735
1 0.589664 0.648001 0.750464 0.496051 0.00161414
1 0.596067 0.297311 0.391987 0.476455 0.00161085
1 0.78429 0.433107 0.387556 0.683886 0.00103933
1 0.713822 0.154581 0.358653 0.242417 0.00100197
