1 0.624673 0.365412 0.743079 0.704583 0.130169
1 0.639012 0.319951 0.456657 0.571529 0.0146263
1 0.78713 0.45493 0.422049 0.833317 0.013895
1 0.846402 0.803094 0.306466 0.393615 0.0128265
1 0.440504 0.354013 0.337707 0.582805 0.00975981
1 0.83586 0.461382 0.279439 0.386211 0.006134
1 0.833203 0.918602 0.329195 0.16037 0.00598408
1 0.740402 0.693513 0.50685 0.611996 0.00543446
1 0.399616 0.468457 0.24533 0.375469 0.00501713
1 0.392233 0.563718 0.243573 0.225819 0.00478752
1 0.729724 0.145418 0.514369 0.255365 0.00294722
1 0.636718 0.810317 0.726564 0.37793 0.00290332
1 0.840544 0.305643 0.317842 0.581003 0.0027296
1 0.396673 0.600059 0.336469 0.390644 0.00145645
1 0.582879 0.190394 0.381035 0.296613 0.00137944
1 0.871631 0.675065 0.236216 0.594784 0.00120079
