1 0.34663 0.467889 0.29353 0.541511 0.202606
1 0.505914 0.469838 0.607925 0.611665 0.115563
1 0.338878 0.596545 0.26566 0.305698 0.0853342
1 0.647959 0.476362 0.299392 0.472927 0.027422
1 0.504386 0.656682 0.638015 0.536159 0.0206376
1 0.328858 0.672472 0.369737 0.506186 0.00832871
1 0.679675 0.56751 0.245283 0.277378 0.00818069
1 0.295536 0.439937 0.486073 0.666312 0.00547432
1 0.606565 0.580484 0.408659 0.344219 0.004775
1 0.72762 0.54137 0.326206 0.466572 0.00393869
1 0.539119 0.807306 0.666921 0.376976 0.00246784
1 0.713124 0.807054 0.376288 0.370685 0.00148713
1 0.772236 0.877246 0.345316 0.234908 0.00133663
1 0.574707 0.926979 0.627501 0.145971 0.00121963
1 0.406491 0.848224 0.48904 0.297642 0.0010376
1 0.643199 0.351344 0.22287 0.311673 0.00103369
