1 0.542269 0.46791 0.401512 0.727295 0.200603
1 0.548455 0.61886 0.322807 0.355079 0.157063
1 0.608387 0.472949 0.236908 0.572384 0.08735
1 0.0722357 0.507535 0.144471 0.619476 0.0454615
1 0.69499 0.499679 0.286898 0.637418 0.0204935
1 0.108513 0.616308 0.217027 0.691232 0.0192309
1 0.40213 0.456816 0.723648 0.852649 0.0174119
1 0.0516296 0.386228 0.0998271 0.642339 0.0153593
1 0.150055 0.427836 0.300109 0.802662 0.0124175
1 0.524196 0.673409 0.466995 0.530284 0.00918864
1 0.223473 0.676986 0.446947 0.646027 0.00628914
1 0.0633315 0.691046 0.126198 0.617907 0.0039551
1 0.651638 0.652754 0.333745 0.444572 0.00289736
1 0.0482847 0.103934 0.0940492 0.172349 0.00282494
1 0.101688 0.309417 0.200585 0.601334 0.00225339
1 0.490811 0.276987 0.321032 0.424769 0.0015992
1 0.06983 0.0689879 0.131985 0.124975 0.00126846
1 0.545271 0.829589 0.466075 0.331263 0.00119893
