1 0.484254 0.454568 0.907694 0.85612 0.508674
1 0.67508 0.519277 0.377256 0.599798 0.12263
1 0.197065 0.528117 0.315901 0.550674 0.121049
1 0.304927 0.525672 0.56269 0.650547 0.101634
1 0.665285 0.658062 0.325673 0.281278 0.016959
1 0.151899 0.602201 0.231658 0.374333 0.0117191
1 0.631584 0.737952 0.44514 0.323857 0.00426176
1 0.235716 0.738119 0.460998 0.392187 0.00356109
1 0.801161 0.506729 0.35219 0.601901 0.00279875
1 0.326523 0.21412 0.61804 0.419553 0.00279195
1 0.716667 0.382757 0.533568 0.721143 0.00224745
1 0.215145 0.301926 0.38847 0.586117 0.00213127
1 0.109249 0.514572 0.205013 0.544578 0.00163106
1 0.224337 0.855299 0.448674 0.173925 0.00148488
1 0.154645 0.50487 0.309291 0.805166 0.0012079
