1 0.450989 0.688025 0.781283 0.386302 0.0695838
1 0.250428 0.632526 0.297496 0.249404 0.0408194
1 0.523794 0.457918 0.866285 0.752755 0.0369061
1 0.641015 0.477298 0.419535 0.654916 0.0204814
1 0.502621 0.696777 0.603968 0.229561 0.020052
1 0.199491 0.625348 0.203425 0.168241 0.0194385
1 0.279037 0.551684 0.396901 0.48813 0.0119775
1 0.171713 0.614587 0.228564 0.268925 0.00609828
1 0.760467 0.420316 0.440754 0.672527 0.00554077
1 0.214152 0.451529 0.295514 0.554067 0.0054005
1 0.653035 0.669212 0.280218 0.19979 0.00319746
1 0.743893 0.621754 0.332021 0.414698 0.00163655
1 0.629513 0.74451 0.391895 0.203876 0.00144174
1 0.261017 0.107304 0.456643 0.195382 0.00129321
1 0.35769 0.146911 0.642689 0.248646 0.00110702
1 0.742004 0.7147 0.249708 0.221602 0.00101316
