1 0.534269 0.437259 0.87387 0.815365 0.0476545
1 0.294947 0.629258 0.318667 0.283532 0.0409269
1 0.27934 0.445932 0.432936 0.686245 0.0136481
1 0.696438 0.467153 0.456297 0.734968 0.012993
1 0.27365 0.106801 0.38721 0.201888 0.00992442
1 0.569381 0.667552 0.576001 0.358003 0.00864087
1 0.378765 0.64552 0.365675 0.375492 0.00621213
1 0.829327 0.509346 0.288642 0.553951 0.00441283
1 0.797978 0.678539 0.188687 0.225516 0.00440262
1 0.749991 0.0610982 0.423775 0.12019 0.00433573
1 0.403709 0.41835 0.392995 0.759515 0.00425373
1 0.718047 0.644809 0.315584 0.271153 0.00392601
1 0.434968 0.121501 0.706465 0.232858 0.00380808
1 0.64235 0.130714 0.270819 0.212201 0.00375494
1 0.265395 0.691496 0.428285 0.447393 0.00243073
1 0.7648 0.591817 0.322363 0.482737 0.0024099
1 0.800477 0.600293 0.224927 0.335143 0.00237666
1 0.304915 0.194261 0.434083 0.351175 0.00229285
1 0.742661 0.105907 0.501518 0.203447 0.00183994
1 0.556079 0.651445 0.799638 0.562798 0.0018062
1 0.521809 0.184005 0.445493 0.340494 0.00157642
1 0.57506 0.0732175 0.423988 0.145952 0.00151427
1 0.172484 0.50814 0.307391 0.63525 0.00147655
1 0.361244 0.239301 0.239011 0.25047 0.00105564
1 0.747911 0.733803 0.430336 0.355685 0.00103764
