1 0.146812 0.691565 0.270085 0.600461 0.0232175
1 0.20458 0.824553 0.34048 0.336392 0.0152744
1 0.777735 0.62701 0.357788 0.735457 0.00912317
1 0.243821 0.645599 0.461948 0.705927 0.00904058
1 0.449977 0.560901 0.790645 0.855624 0.00573656
1 0.798109 0.636248 0.243449 0.507472 0.00536394
1 0.770732 0.543185 0.173467 0.334024 0.00446667
1 0.714533 0.454262 0.292128 0.527103 0.00293351
1 0.353761 0.851382 0.596029 0.296169 0.00277381
1 0.277808 0.934585 0.420755 0.128963 0.00236617
1 0.143748 0.917134 0.239647 0.16014 0.00217568
1 0.857305 0.71673 0.264554 0.557339 0.00181578
1 0.197588 0.547368 0.242396 0.50527 0.00169819
1 0.65363 0.685703 0.512708 0.628593 0.00161854
1 0.0957861 0.813198 0.180024 0.363443 0.00158204
1 0.851239 0.935985 0.257508 0.0977037 0.00154134
1 0.768524 0.101459 0.432997 0.195042 0.00107414
1 0.1903 0.399953 0.351091 0.746787 0.0010009
