1 0.479171 0.447815 0.958341 0.894828 0.122112
1 0.616349 0.628594 0.505643 0.466892 0.0673778
1 0.275774 0.394248 0.433392 0.735236 0.0499901
1 0.778304 0.594411 0.211136 0.392921 0.0249802
1 0.413717 0.594345 0.817088 0.471969 0.020119
1 0.228421 0.60198 0.389754 0.334097 0.0184443
1 0.671003 0.426267 0.46142 0.797935 0.0168472
1 0.158554 0.536102 0.244264 0.397952 0.0111047
1 0.25382 0.148896 0.425531 0.270334 0.00664501
1 0.740024 0.45151 0.260417 0.642312 0.00463035
1 0.49403 0.146303 0.852853 0.288964 0.0043297
1 0.822568 0.529895 0.276121 0.614233 0.00361875
1 0.714436 0.0768258 0.509452 0.14864 0.00311685
1 0.210699 0.089955 0.343938 0.171667 0.00288267
1 0.696502 0.128525 0.403134 0.235939 0.00286312
1 0.574432 0.140347 0.302475 0.179921 0.00237196
1 0.469954 0.264335 0.684387 0.49494 0.00205591
1 0.444191 0.0966802 0.590235 0.187401 0.00203629
1 0.143245 0.369699 0.257074 0.678517 0.00157261
1 0.173466 0.46546 0.346932 0.847112 0.00119873
1 0.898359 0.942672 0.184886 0.106709 0.00108823
