1 0.707417 0.824498 0.43096 0.346683 0.0107612
1 0.83846 0.825885 0.308268 0.345045 0.00503588
1 0.627105 0.583164 0.362019 0.833672 0.0043578
1 0.696823 0.937989 0.430098 0.122025 0.00332179
1 0.575813 0.863175 0.521358 0.273043 0.00322574
1 0.676169 0.750244 0.262803 0.493738 0.00302956
1 0.926951 0.809547 0.131467 0.374712 0.00278234
1 0.076925 0.776661 0.144514 0.443796 0.00254158
1 0.49581 0.694132 0.557975 0.605877 0.00245183
1 0.0499399 0.837349 0.0905628 0.308142 0.00196554
1 0.0925911 0.629359 0.170929 0.741282 0.00181732
1 0.915522 0.937142 0.144353 0.117392 0.00160269
1 0.535222 0.932254 0.561284 0.134589 0.00147727
1 0.0775386 0.937229 0.132599 0.119055 0.00137862
1 0.222162 0.807274 0.434499 0.384941 0.0011172
1 0.121938 0.859893 0.23406 0.273371 0.00110619
