1 0.531793 0.509301 0.483279 0.867419 0.0660694
1 0.26612 0.763157 0.454049 0.389776 0.0501491
1 0.540368 0.240366 0.256616 0.346175 0.0329369
1 0.3571 0.534535 0.640282 0.802405 0.0176696
1 0.523767 0.784988 0.521297 0.37203 0.0101635
1 0.205193 0.63074 0.364847 0.557331 0.0100348
1 0.718369 0.607313 0.229955 0.730285 0.00887092
1 0.674059 0.548006 0.423848 0.795324 0.00853772
1 0.71112 0.75969 0.152201 0.302558 0.00676454
1 0.1364 0.763611 0.226463 0.365779 0.00558087
1 0.391678 0.726212 0.764485 0.501417 0.00390953
1 0.204394 0.833053 0.323852 0.269045 0.00382545
1 0.787983 0.726265 0.361446 0.537788 0.0036907
1 0.590276 0.308752 0.365283 0.402017 0.00346774
1 0.214375 0.75219 0.259276 0.329703 0.00338379
1 0.443183 0.201505 0.405816 0.346338 0.00284292
1 0.133817 0.491101 0.267635 0.861718 0.00245728
1 0.231475 0.919304 0.367516 0.125134 0.00169325
1 0.440955 0.280754 0.321202 0.244181 0.00153264
1 0.685878 0.812565 0.234404 0.345201 0.00122852
1 0.60701 0.207176 0.248355 0.303177 0.00118945
1 0.10125 0.645715 0.192658 0.617235 0.00104797
1 0.403568 0.486944 0.360884 0.667262 0.00104609
