1 0.310504 0.705289 0.259883 0.269665 0.0654452
1 0.456936 0.56222 0.72566 0.6682 0.0477426
1 0.51196 0.751545 0.645312 0.381762 0.0374154
1 0.261718 0.705821 0.369022 0.418317 0.032648
1 0.319564 0.554175 0.365274 0.574687 0.0142517
1 0.757924 0.662263 0.184384 0.393333 0.00993006
1 0.633015 0.729078 0.378532 0.31668 0.00933874
1 0.667721 0.547217 0.337204 0.645925 0.00632744
1 0.350372 0.774426 0.420841 0.392759 0.00627386
1 0.813839 0.5674 0.287421 0.646742 0.00517359
1 0.24014 0.836669 0.34947 0.276894 0.00190944
1 0.385889 0.445795 0.361144 0.421744 0.00183111
1 0.607445 0.286617 0.22566 0.166585 0.00175063
1 0.50156 0.289179 0.437476 0.187264 0.00171056
1 0.629674 0.365089 0.324081 0.270965 0.0016964
1 0.193569 0.549176 0.34982 0.602026 0.00139503
1 0.685978 0.832866 0.424999 0.267792 0.00120809
1 0.518897 0.2042 0.421478 0.324141 0.00116391
1 0.294653 0.92377 0.393065 0.122466 0.00114879
1 0.749794 0.0865914 0.489843 0.164985 0.0010113
