1 0.47555 0.445422 0.929189 0.890843 0.0651126
1 0.298607 0.247207 0.523216 0.492391 0.0607215
1 0.712879 0.324258 0.500636 0.634874 0.0144325
1 0.458475 0.172346 0.782532 0.344691 0.0131324
1 0.306766 0.116008 0.425758 0.232016 0.00931105
1 0.265092 0.373575 0.530183 0.741345 0.00912288
1 0.490087 0.0755651 0.741245 0.150734 0.00567663
1 0.165189 0.282933 0.330377 0.555412 0.004142
1 0.668428 0.136234 0.571873 0.269884 0.00259519
1 0.430507 0.0609527 0.445158 0.117824 0.00147923
1 0.692457 0.667758 0.475564 0.617023 0.00122596
1 0.702488 0.0760975 0.525924 0.149639 0.00103942
