1 0.537126 0.404716 0.898082 0.806667 0.303215
1 0.305078 0.378586 0.380446 0.643032 0.202285
1 0.255605 0.449562 0.25777 0.442445 0.0992988
1 0.758288 0.432065 0.335471 0.573583 0.011017
1 0.445414 0.309699 0.547977 0.619398 0.00753923
1 0.606245 0.355873 0.489992 0.698567 0.00680482
1 0.181289 0.424853 0.313786 0.599659 0.00608866
1 0.314704 0.394495 0.629409 0.778759 0.0055829
1 0.77518 0.564598 0.239739 0.335456 0.00256711
1 0.572325 0.173099 0.642665 0.345168 0.00243231
1 0.70576 0.66402 0.49795 0.627925 0.00188335
1 0.772865 0.874705 0.432499 0.25059 0.00187506
1 0.803653 0.707041 0.287957 0.491744 0.00161535
1 0.851504 0.376815 0.292779 0.712399 0.00133436
1 0.854178 0.797439 0.253051 0.362067 0.00129539
1 0.829121 0.934532 0.292369 0.0924301 0.00113882
1 0.40269 0.507946 0.577785 0.614797 0.00103905
