1 0.457791 0.451147 0.774688 0.896014 0.117491
1 0.281088 0.736586 0.346018 0.292489 0.0777488
1 0.321908 0.383167 0.451212 0.753885 0.0588122
1 0.282858 0.703121 0.260992 0.192629 0.0389897
1 0.561137 0.720992 0.647419 0.402925 0.0334833
1 0.343412 0.188884 0.378721 0.36883 0.0259167
1 0.384179 0.741097 0.545058 0.377235 0.0162788
1 0.264219 0.544426 0.366665 0.669458 0.0092914
1 0.741521 0.473716 0.381995 0.764426 0.00910167
1 0.52189 0.179118 0.650833 0.35524 0.00889539
1 0.296576 0.824826 0.433578 0.338503 0.00815734
1 0.362874 0.201338 0.215154 0.267016 0.0077201
1 0.300203 0.107259 0.404197 0.209751 0.00490731
1 0.809509 0.672432 0.189097 0.319855 0.0047291
1 0.770133 0.0578604 0.452643 0.115721 0.00463767
1 0.817192 0.544234 0.227561 0.592155 0.00404627
1 0.509956 0.827054 0.790289 0.343782 0.00401875
1 0.721541 0.699334 0.375194 0.327378 0.00376155
1 0.65579 0.117805 0.278609 0.201529 0.00360523
1 0.584567 0.169306 0.362851 0.313192 0.00287717
1 0.753236 0.830303 0.457326 0.288359 0.0025469
1 0.185271 0.784001 0.29444 0.269785 0.00240019
1 0.830507 0.784502 0.280295 0.297299 0.00236992
1 0.710236 0.121896 0.51267 0.234788 0.00208244
1 0.221566 0.726735 0.421429 0.436081 0.00183495
1 0.303667 0.358208 0.293472 0.535275 0.00160749
1 0.859073 0.0854506 0.280367 0.166403 0.0015691
1 0.578277 0.0886094 0.381283 0.175659 0.00130153
1 0.630595 0.372489 0.538619 0.725123 0.0011085
1 0.672956 0.474516 0.654087 0.946365 0.001016
