1 0.50006 0.465593 0.999879 0.918737 0.0522645
1 0.16552 0.398602 0.26668 0.497302 0.0299822
1 0.337413 0.358283 0.649451 0.654983 0.0176339
1 0.263318 0.467691 0.487689 0.423316 0.0119698
1 0.669274 0.380277 0.543485 0.719239 0.0103099
1 0.820056 0.419117 0.314217 0.597914 0.00507191
1 0.675297 0.574541 0.483082 0.472366 0.00482251
1 0.226207 0.295805 0.376914 0.535656 0.00330417
1 0.579134 0.10933 0.559088 0.213773 0.00254146
1 0.395631 0.138857 0.476492 0.264771 0.00249812
1 0.412515 0.518585 0.610793 0.442372 0.00241944
1 0.442269 0.07549 0.469066 0.148475 0.00188582
1 0.494595 0.26987 0.742272 0.53608 0.00152188
1 0.771174 0.865654 0.402325 0.266897 0.00141179
1 0.228135 0.805376 0.438541 0.384705 0.00119928
