1 0.576581 0.522332 0.81648 0.66114 0.0401022
1 0.409246 0.454224 0.351113 0.542091 0.0298359
1 0.816086 0.496377 0.343971 0.522031 0.0104345
1 0.437208 0.737575 0.471511 0.486956 0.00964187
1 0.393273 0.624123 0.366975 0.402059 0.00599057
1 0.334546 0.474086 0.532188 0.788998 0.00579405
1 0.510203 0.806284 0.763181 0.387432 0.00530022
1 0.886252 0.81508 0.223572 0.367828 0.0050974
1 0.79452 0.661676 0.37525 0.42804 0.00259804
1 0.784842 0.850319 0.423859 0.296458 0.00250299
1 0.877956 0.648647 0.212509 0.341701 0.00248362
1 0.868699 0.914299 0.247654 0.16359 0.00244142
1 0.902603 0.516478 0.192683 0.543381 0.00199102
1 0.722042 0.400532 0.539523 0.790812 0.00197724
1 0.277007 0.744429 0.434353 0.508494 0.0013204
1 0.723243 0.674151 0.535099 0.624334 0.00118485
1 0.692129 0.932115 0.59641 0.135632 0.00103179
