1 0.777192 0.609065 0.186514 0.365508 0.0335189
1 0.565649 0.490934 0.613206 0.774729 0.0272325
1 0.603876 0.686505 0.543779 0.514266 0.0175884
1 0.36288 0.458149 0.471613 0.890255 0.0148455
1 0.744593 0.659577 0.290712 0.587685 0.0122774
1 0.236254 0.600384 0.188868 0.482809 0.00839482
1 0.18965 0.676027 0.208708 0.601482 0.00615563
1 0.29083 0.516787 0.276289 0.591121 0.00604146
1 0.78451 0.493026 0.23254 0.630524 0.00601045
1 0.323961 0.607761 0.277827 0.359709 0.00264894
1 0.201937 0.514159 0.267451 0.691698 0.00262765
1 0.665502 0.421527 0.350178 0.733687 0.00231611
1 0.325546 0.658428 0.453445 0.500704 0.00228178
1 0.839332 0.635612 0.178842 0.444428 0.00223048
1 0.805536 0.741819 0.217451 0.486501 0.00161508
1 0.412046 0.6215 0.276699 0.349573 0.00101195
