1 0.778051 0.600896 0.347795 0.341298 0.0246505
1 0.83344 0.585579 0.22573 0.257949 0.0143135
1 0.736104 0.564705 0.463427 0.531363 0.0121972
1 0.595682 0.4895 0.711259 0.666104 0.00874763
1 0.252136 0.517357 0.211728 0.429222 0.00795488
1 0.86366 0.500049 0.220844 0.419073 0.00746395
1 0.662606 0.676011 0.450274 0.413163 0.00550555
1 0.816401 0.414702 0.339245 0.767111 0.00521432
1 0.358634 0.520847 0.581527 0.569519 0.00492972
1 0.23806 0.383224 0.273064 0.640383 0.00383937
1 0.32366 0.556757 0.37205 0.412935 0.00223742
1 0.521367 0.675294 0.912873 0.488746 0.00108939
