1 0.471551 0.343915 0.619381 0.628468 0.0241333
1 0.506725 0.213621 0.504088 0.418569 0.0207539
1 0.427155 0.275245 0.306282 0.476964 0.0130572
1 0.718699 0.403118 0.487246 0.73096 0.00910471
1 0.424224 0.154072 0.492911 0.27788 0.00634361
1 0.593669 0.122746 0.641821 0.23737 0.00486101
1 0.341869 0.358606 0.345891 0.525803 0.00396907
1 0.60406 0.165571 0.352244 0.302488 0.00373366
1 0.316263 0.442951 0.632526 0.860209 0.00282162
1 0.808717 0.495634 0.280889 0.565105 0.00238702
1 0.848295 0.860745 0.275505 0.269629 0.00216831
1 0.804447 0.626126 0.223614 0.274105 0.00171642
1 0.48752 0.0800437 0.655255 0.160087 0.0015782
1 0.83287 0.944353 0.283301 0.111293 0.00155245
1 0.385822 0.74691 0.519913 0.48899 0.00144034
1 0.696137 0.0795037 0.558941 0.156393 0.00140274
1 0.696693 0.831058 0.557849 0.324113 0.00116082
1 0.261373 0.451327 0.210914 0.353805 0.00108869
1 0.292355 0.209959 0.555301 0.417448 0.00101407
