1 0.505114 0.449007 0.975708 0.894734 0.377133
1 0.482307 0.711577 0.931614 0.57386 0.0988966
1 0.683386 0.374126 0.51663 0.738231 0.0291332
1 0.286768 0.340818 0.510877 0.67854 0.028462
1 0.544219 0.143968 0.865395 0.286669 0.00982501
1 0.768284 0.167657 0.451454 0.332595 0.0093284
1 0.33295 0.66447 0.4738 0.468008 0.00673285
1 0.668808 0.589281 0.475685 0.369084 0.00484218
1 0.307426 0.570032 0.35519 0.240499 0.00482162
1 0.321689 0.176977 0.643378 0.348786 0.00473473
1 0.481616 0.290735 0.72249 0.581096 0.00240689
1 0.447851 0.532737 0.676533 0.458338 0.00184364
1 0.299272 0.103343 0.551472 0.200299 0.00182601
1 0.776944 0.66596 0.383369 0.465881 0.00137972
1 0.706644 0.0910071 0.555842 0.179392 0.00134204
