1 0.30933 0.626507 0.282697 0.26126 0.0841536
1 0.374025 0.638017 0.5065 0.411068 0.0329139
1 0.498606 0.50651 0.707017 0.706703 0.0270185
1 0.340304 0.480538 0.362438 0.581774 0.0168169
1 0.542917 0.696588 0.696547 0.48134 0.0164722
1 0.249162 0.559816 0.384666 0.471475 0.00971401
1 0.749121 0.068353 0.469111 0.135338 0.00939844
1 0.295858 0.73304 0.434036 0.402314 0.00826313
1 0.738332 0.457626 0.390747 0.616216 0.00475595
1 0.313698 0.0672391 0.627397 0.134278 0.00297075
1 0.559487 0.0792201 0.831973 0.15844 0.00285673
1 0.42939 0.413168 0.327094 0.66116 0.00270325
1 0.757539 0.133026 0.47212 0.26491 0.00251844
1 0.269278 0.368705 0.357437 0.70723 0.00243382
1 0.756533 0.595456 0.242823 0.33751 0.00236596
1 0.589006 0.227393 0.776817 0.453732 0.00233464
1 0.652528 0.667124 0.465514 0.353497 0.00222774
1 0.771965 0.482991 0.218492 0.43513 0.00201976
1 0.374954 0.787904 0.701499 0.424193 0.0015105
1 0.424067 0.328035 0.769886 0.656069 0.00145812
1 0.857774 0.0917115 0.282709 0.183164 0.00115813
1 0.732746 0.391877 0.22034 0.428144 0.00115396
1 0.543319 0.858606 0.824773 0.280855 0.00106838
1 0.650649 0.117382 0.466019 0.194237 0.00106054
