1 0.467948 0.36379 0.646159 0.692861 0.0570256
1 0.463285 0.557676 0.655054 0.423243 0.0177275
1 0.665735 0.0935506 0.290468 0.168164 0.00996178
1 0.312586 0.504846 0.238944 0.255123 0.00976743
1 0.275887 0.316778 0.351411 0.607383 0.00732904
1 0.591674 0.10496 0.49855 0.199212 0.00686509
1 0.707932 0.375673 0.527682 0.691332 0.00628854
1 0.344269 0.434251 0.331596 0.402991 0.00616158
1 0.321839 0.10826 0.296466 0.202582 0.0037304
1 0.423499 0.135153 0.540121 0.253983 0.00326564
1 0.629185 0.152991 0.319748 0.281234 0.00321603
1 0.592738 0.542775 0.390529 0.326738 0.00284113
1 0.656444 0.838791 0.490257 0.31925 0.00188401
1 0.683941 0.921154 0.441544 0.156882 0.00151327
1 0.312501 0.562956 0.326999 0.351954 0.00135084
1 0.520885 0.755596 0.665353 0.488808 0.00114063
1 0.761088 0.950048 0.362074 0.0992126 0.00103494
