1 0.51846 0.513624 0.640681 0.592252 0.167863
1 0.405547 0.564832 0.376462 0.44287 0.0801945
1 0.36485 0.61979 0.266839 0.243766 0.0532044
1 0.704149 0.515376 0.364406 0.539651 0.0290583
1 0.383724 0.704846 0.400051 0.390899 0.0128261
1 0.345246 0.475564 0.251418 0.490743 0.0115449
1 0.813869 0.570183 0.204987 0.39271 0.0100344
1 0.546315 0.67292 0.785322 0.558532 0.00977639
1 0.796086 0.610715 0.378923 0.554736 0.00474175
1 0.666519 0.646161 0.518897 0.403958 0.00380374
1 0.311397 0.0701133 0.44826 0.137684 0.0032914
1 0.342998 0.461309 0.596679 0.797928 0.00308471
1 0.54964 0.850445 0.850933 0.299111 0.00274711
1 0.378691 0.347856 0.344673 0.61162 0.00256042
1 0.624364 0.371249 0.618559 0.693295 0.0022798
1 0.396802 0.132292 0.433076 0.252067 0.00222764
1 0.786575 0.125498 0.370307 0.209077 0.00170545
1 0.514053 0.265384 0.507378 0.492704 0.00150855
1 0.784427 0.341961 0.413836 0.572145 0.00148448
1 0.659958 0.1508 0.636473 0.2689 0.00140593
1 0.894713 0.539536 0.202157 0.55692 0.00140345
1 0.392189 0.294271 0.309792 0.291202 0.00138561
1 0.241985 0.681761 0.403412 0.591034 0.00134708
