1 0.475794 0.482361 0.785528 0.961088 0.407703
1 0.307428 0.36744 0.460473 0.7113 0.248749
1 0.681122 0.480968 0.461597 0.943128 0.0352314
1 0.268286 0.485288 0.272997 0.39315 0.0116886
1 0.563781 0.326827 0.557772 0.641298 0.00981834
1 0.176599 0.346003 0.353198 0.682878 0.00665658
1 0.663344 0.23656 0.355845 0.454946 0.00463462
1 0.336469 0.577592 0.499933 0.534886 0.00289088
1 0.674373 0.127598 0.251341 0.245349 0.00286465
1 0.446144 0.797888 0.8752 0.397435 0.00196701
1 0.633652 0.829024 0.477468 0.324135 0.00162929
1 0.496103 0.108452 0.625959 0.208116 0.00144665
1 0.231828 0.594496 0.360898 0.364938 0.00122085
1 0.586743 0.709589 0.564906 0.555845 0.0011639
1 0.602682 0.0731555 0.415459 0.139011 0.00105331
1 0.760452 0.796206 0.294837 0.376937 0.00102361
