1 0.318998 0.539875 0.317926 0.342461 0.103312
1 0.328948 0.387794 0.348914 0.630922 0.0626094
1 0.452893 0.39475 0.666994 0.682226 0.0146776
1 0.242712 0.459891 0.340458 0.552219 0.0121706
1 0.34627 0.617644 0.420226 0.546688 0.00765505
1 0.509105 0.671831 0.693587 0.632708 0.00548045
1 0.548697 0.550633 0.552258 0.410628 0.00362917
1 0.649832 0.403341 0.345767 0.652612 0.00231752
1 0.762819 0.907709 0.268296 0.175287 0.00180653
1 0.730133 0.46791 0.22311 0.506555 0.00163599
1 0.29883 0.778991 0.484679 0.431417 0.00150038
1 0.71102 0.844486 0.345618 0.308726 0.00145532
1 0.628465 0.944191 0.414106 0.111619 0.00136948
1 0.898072 0.908079 0.117705 0.160098 0.00124906
1 0.637042 0.137719 0.214315 0.17846 0.00119372
1 0.586062 0.886395 0.52163 0.226524 0.00112033
1 0.677273 0.560761 0.30532 0.336195 0.00109013
