1 0.411423 0.33987 0.810516 0.673163 0.172295
1 0.253205 0.251845 0.443653 0.496805 0.0548144
1 0.520424 0.280571 0.4843 0.550992 0.051311
1 0.425644 0.122266 0.660467 0.244531 0.0165999
1 0.655074 0.351825 0.55477 0.685625 0.0139201
1 0.586618 0.193159 0.373895 0.373206 0.00890035
1 0.619475 0.340266 0.276941 0.414881 0.00724055
1 0.470834 0.0616 0.505028 0.121834 0.00555638
1 0.311432 0.084168 0.548363 0.165203 0.00269859
1 0.161993 0.286354 0.295503 0.382911 0.00248708
1 0.613441 0.445678 0.370206 0.499404 0.00192698
1 0.676165 0.238817 0.321356 0.454355 0.0012422
1 0.597964 0.0930678 0.404432 0.184626 0.00122346
1 0.172655 0.277229 0.34531 0.546769 0.0010829
