1 0.436684 0.449999 0.765509 0.807605 0.228554
1 0.456998 0.682902 0.795418 0.54557 0.0785309
1 0.258933 0.360116 0.366734 0.649873 0.0500884
1 0.259611 0.522954 0.275083 0.284799 0.0145966
1 0.295672 0.590602 0.378492 0.326225 0.00869167
1 0.613329 0.612416 0.392928 0.417656 0.00833547
1 0.522631 0.343661 0.462955 0.611671 0.00694106
1 0.625656 0.434236 0.336539 0.475376 0.00641833
1 0.692851 0.541074 0.283448 0.520583 0.00610424
1 0.228032 0.145618 0.440138 0.284923 0.00547393
1 0.645658 0.495646 0.56456 0.777971 0.0036973
1 0.279701 0.287745 0.559403 0.57488 0.00331982
1 0.800071 0.456945 0.339899 0.736429 0.00232769
1 0.232681 0.0657886 0.436308 0.128212 0.00228502
1 0.203198 0.5398 0.308168 0.427982 0.00180738
1 0.225364 0.666254 0.39502 0.480145 0.00134928
