1 0.578858 0.452641 0.673581 0.80681 0.039027
1 0.617038 0.801993 0.577655 0.386074 0.0253625
1 0.242571 0.573887 0.21564 0.485331 0.0151819
1 0.242007 0.712361 0.213356 0.228887 0.0145797
1 0.572382 0.70871 0.792549 0.480411 0.00914825
1 0.310826 0.502617 0.386099 0.652132 0.00813498
1 0.270184 0.769309 0.333732 0.315395 0.00768699
1 0.329054 0.694915 0.445737 0.426708 0.00722505
1 0.734839 0.700246 0.360247 0.34378 0.00722421
1 0.360505 0.171855 0.268695 0.210001 0.00696441
1 0.761527 0.795346 0.285503 0.344904 0.00542803
1 0.291054 0.115841 0.382468 0.192774 0.00490932
1 0.402378 0.809854 0.609124 0.353864 0.00380684
1 0.603391 0.913101 0.578743 0.173062 0.00367797
1 0.802683 0.610576 0.265459 0.489186 0.00343733
1 0.833711 0.728298 0.225621 0.343768 0.00336656
1 0.373874 0.357498 0.3683 0.62525 0.00331222
1 0.759378 0.879573 0.443226 0.232171 0.00325019
1 0.738052 0.535379 0.402037 0.649403 0.00313542
1 0.224934 0.858438 0.307818 0.256833 0.00271922
1 0.22129 0.618911 0.411979 0.552318 0.0022964
1 0.854863 0.897358 0.262484 0.184736 0.00194879
1 0.560374 0.163979 0.522726 0.24088 0.00188991
1 0.171551 0.768736 0.239035 0.248262 0.00167213
1 0.273556 0.435594 0.249559 0.46555 0.00149132
1 0.829938 0.933722 0.292352 0.0895631 0.00145977
1 0.899491 0.940455 0.182269 0.0974824 0.00142305
1 0.611779 0.137429 0.329077 0.182696 0.00131664
1 0.674471 0.0909944 0.303064 0.148195 0.00123455
1 0.713929 0.161749 0.370784 0.207938 0.00121249
1 0.736489 0.10218 0.507804 0.19193 0.00119
1 0.197244 0.453947 0.298079 0.625378 0.0011705
1 0.722352 0.929838 0.440512 0.103908 0.00104086
