1 0.552357 0.446444 0.895287 0.888484 0.0285029
1 0.390659 0.38226 0.473887 0.748916 0.0232028
1 0.274424 0.573496 0.382208 0.321827 0.0155201
1 0.445406 0.150319 0.622535 0.29971 0.0149783
1 0.579854 0.388958 0.504217 0.777915 0.0140719
1 0.299101 0.0952767 0.50652 0.187884 0.0132779
1 0.765488 0.724498 0.377322 0.525712 0.0116111
1 0.746827 0.443458 0.430757 0.828528 0.0109114
1 0.222822 0.370401 0.385756 0.704117 0.01047
1 0.184955 0.587214 0.190186 0.247492 0.0100797
1 0.813908 0.662186 0.243028 0.393597 0.00985113
1 0.748057 0.122484 0.458672 0.240361 0.00717362
1 0.61526 0.115376 0.354918 0.228165 0.00685266
1 0.196635 0.518081 0.250621 0.416381 0.00535893
1 0.890389 0.801909 0.203565 0.388042 0.00419722
1 0.614791 0.686338 0.625727 0.565333 0.00367184
1 0.134965 0.603365 0.163646 0.204084 0.00352684
1 0.769376 0.881544 0.441722 0.236912 0.00341476
1 0.785234 0.931455 0.390466 0.117818 0.00291462
1 0.37718 0.502576 0.252815 0.39911 0.0027552
1 0.624763 0.218117 0.651537 0.427782 0.00256262
1 0.853035 0.484745 0.261082 0.697109 0.00255999
1 0.336825 0.575178 0.55632 0.545166 0.00252774
1 0.668883 0.0757158 0.315392 0.148284 0.00213058
1 0.287223 0.427149 0.574446 0.844051 0.00188408
1 0.27193 0.812682 0.425575 0.342407 0.0017041
1 0.279145 0.177689 0.44981 0.326641 0.00145223
1 0.173868 0.848827 0.284614 0.249481 0.0012994
1 0.177511 0.914819 0.312726 0.15938 0.00127857
1 0.103607 0.946916 0.179704 0.102358 0.00122741
1 0.915602 0.876749 0.163202 0.231933 0.001172
1 0.0936397 0.871132 0.142001 0.180098 0.00103529
