1 0.534874 0.539815 0.576788 0.436296 0.119005
1 0.455853 0.374452 0.712593 0.680672 0.063925
1 0.630017 0.503938 0.340479 0.381535 0.0216599
1 0.233449 0.355732 0.295328 0.631819 0.0118134
1 0.711923 0.386332 0.256396 0.570625 0.00805506
1 0.677899 0.386038 0.450469 0.674332 0.00597967
1 0.233063 0.532867 0.14151 0.195118 0.00439439
1 0.719684 0.574992 0.318867 0.315487 0.00263056
1 0.26082 0.535313 0.230957 0.277735 0.00212856
1 0.11052 0.363724 0.146799 0.717599 0.00209933
1 0.361336 0.53673 0.381431 0.311532 0.00141827
1 0.591537 0.0840073 0.323608 0.161066 0.00116486
1 0.596366 0.277738 0.358689 0.532222 0.00111432
1 0.887447 0.911934 0.152287 0.110852 0.00106629
