1 0.31318 0.654736 0.415702 0.420767 0.0446685
1 0.562484 0.614011 0.875033 0.585528 0.0293658
1 0.295355 0.655739 0.331944 0.257754 0.0203262
1 0.716131 0.675344 0.400634 0.358232 0.0182066
1 0.638139 0.726003 0.600772 0.505342 0.015526
1 0.811413 0.669551 0.205256 0.303452 0.0153241
1 0.301239 0.525695 0.357183 0.482316 0.0094356
1 0.835941 0.58727 0.239099 0.49703 0.0051231
1 0.763585 0.529113 0.43407 0.679538 0.00489571
1 0.277823 0.796585 0.424622 0.33624 0.00392317
1 0.42474 0.54576 0.497452 0.613903 0.00371682
1 0.575737 0.84728 0.760421 0.305143 0.00290949
1 0.72734 0.857746 0.520829 0.237179 0.00203469
1 0.202206 0.607766 0.371846 0.524544 0.00152035
1 0.842489 0.758367 0.249674 0.348847 0.00151748
1 0.178848 0.718806 0.279405 0.318853 0.00134934
1 0.818848 0.873664 0.349249 0.18007 0.00115468
