1 0.359482 0.512672 0.413696 0.632362 0.0601446
1 0.333922 0.676064 0.322242 0.2913 0.014913
1 0.261764 0.515483 0.2563 0.559852 0.0108745
1 0.271773 0.634031 0.206547 0.305604 0.00899768
1 0.806995 0.720008 0.311054 0.50079 0.0061635
1 0.549085 0.586711 0.713108 0.595986 0.00543339
1 0.367782 0.798783 0.48297 0.377797 0.00413812
1 0.699816 0.809319 0.557333 0.374082 0.00398349
1 0.853759 0.843082 0.241179 0.307197 0.00383814
1 0.801532 0.600551 0.221145 0.506343 0.00318617
1 0.213299 0.632193 0.282729 0.419136 0.00198662
1 0.334579 0.331026 0.274572 0.260452 0.00182497
1 0.504401 0.871878 0.646421 0.253828 0.00157378
1 0.803444 0.477663 0.188171 0.299945 0.0015104
1 0.847761 0.94165 0.246821 0.114314 0.00145871
1 0.769148 0.879762 0.403323 0.237758 0.0014366
1 0.715721 0.652395 0.355551 0.465899 0.00142906
1 0.297313 0.663884 0.461545 0.51739 0.00140199
1 0.566294 0.746683 0.581522 0.496262 0.00137176
1 0.431252 0.935008 0.50864 0.129983 0.00113236
