1 0.30208 0.770893 0.276212 0.278101 0.0874666
1 0.494324 0.773768 0.678643 0.404668 0.0814559
1 0.540983 0.563359 0.559795 0.693908 0.0755913
1 0.241455 0.725829 0.36534 0.424341 0.00952827
1 0.318101 0.634868 0.359491 0.517006 0.00834362
1 0.67562 0.556261 0.297864 0.539228 0.0078451
1 0.645211 0.743551 0.350352 0.247968 0.00514806
1 0.200262 0.569505 0.363174 0.679563 0.00339746
1 0.763155 0.603929 0.305246 0.630317 0.00331806
1 0.719234 0.699554 0.217471 0.276926 0.0018417
1 0.183932 0.82455 0.301506 0.263171 0.00141451
1 0.734108 0.80726 0.299581 0.312226 0.00119233
