1 0.544634 0.44481 0.883334 0.877909 0.177167
1 0.349184 0.65829 0.328033 0.341948 0.171744
1 0.468367 0.634818 0.57306 0.427114 0.0464297
1 0.335292 0.429859 0.381474 0.76561 0.038511
1 0.580661 0.403416 0.473275 0.803226 0.0301845
1 0.483764 0.113856 0.728502 0.222193 0.00680838
1 0.339714 0.760374 0.439547 0.479253 0.00659632
1 0.599719 0.638082 0.446183 0.326813 0.0061478
1 0.253804 0.574822 0.324415 0.522344 0.00524099
1 0.631306 0.10042 0.455247 0.182967 0.0045255
1 0.277426 0.12599 0.433721 0.213739 0.00250678
1 0.718271 0.665791 0.234459 0.227365 0.00245866
1 0.635157 0.155714 0.302296 0.27345 0.00236201
1 0.287304 0.461919 0.574608 0.912668 0.00203179
1 0.259072 0.71801 0.314911 0.295966 0.00195652
1 0.73638 0.429003 0.285769 0.715544 0.00189769
1 0.726854 0.073212 0.347884 0.137942 0.00111592
1 0.205889 0.413018 0.345056 0.754283 0.00110184
1 0.357799 0.0813745 0.551606 0.157403 0.00108829
