1 0.607643 0.471095 0.692869 0.885225 0.202994
1 0.746222 0.411308 0.34266 0.733484 0.100076
1 0.450089 0.48053 0.395247 0.754865 0.0829095
1 0.822842 0.529707 0.328546 0.609781 0.0160064
1 0.383868 0.723184 0.372425 0.377329 0.00995344
1 0.857831 0.826336 0.282749 0.3444 0.00688801
1 0.31235 0.743086 0.204621 0.276128 0.00469574
1 0.323517 0.514965 0.288232 0.737616 0.00442224
1 0.788089 0.911951 0.418046 0.173485 0.00303334
1 0.69702 0.820632 0.605959 0.354015 0.00252182
1 0.739056 0.679541 0.495385 0.622122 0.00200025
1 0.341539 0.835279 0.301257 0.311028 0.00141539
1 0.296551 0.505873 0.535502 0.841555 0.00137598
1 0.90725 0.736553 0.176642 0.459046 0.00126372
1 0.890404 0.898742 0.214812 0.199443 0.00123196
