1 0.566486 0.392971 0.7251 0.775455 0.322411
1 0.641996 0.378683 0.389034 0.705735 0.0857461
1 0.52216 0.606933 0.614902 0.433444 0.0412125
1 0.364234 0.631116 0.229926 0.220281 0.0402327
1 0.356624 0.39679 0.310699 0.699896 0.0255926
1 0.399456 0.622479 0.333095 0.368158 0.012905
1 0.742775 0.250867 0.456806 0.493987 0.00800087
1 0.765774 0.135376 0.456313 0.267853 0.00628343
1 0.717697 0.559676 0.228446 0.256476 0.00290985
1 0.591918 0.152323 0.58213 0.294967 0.00286067
1 0.743031 0.483104 0.340367 0.492347 0.00253634
1 0.329754 0.598947 0.45427 0.579888 0.00195418
1 0.381131 0.210051 0.243532 0.183996 0.00184681
1 0.799879 0.411955 0.379303 0.823909 0.00154114
1 0.790286 0.0726234 0.405119 0.144047 0.00125647
1 0.639975 0.562978 0.397068 0.350237 0.00108291
