1 0.316801 0.72601 0.316 0.273803 0.0106657
1 0.588895 0.77184 0.536593 0.373019 0.00924028
1 0.31465 0.525262 0.347366 0.716164 0.00773692
1 0.569739 0.50301 0.643703 0.818493 0.00664807
1 0.268421 0.644344 0.261443 0.500792 0.005592
1 0.361084 0.769577 0.492899 0.370941 0.00475076
1 0.18298 0.559334 0.329971 0.770808 0.00394785
1 0.715628 0.795836 0.309791 0.293909 0.0037358
1 0.240647 0.800843 0.296369 0.315049 0.00368838
1 0.74746 0.777325 0.204746 0.219923 0.00326013
1 0.541178 0.867692 0.653681 0.25761 0.00185945
1 0.747993 0.535253 0.391185 0.795317 0.00166918
1 0.810131 0.706086 0.240179 0.48204 0.00155498
1 0.179151 0.859096 0.204214 0.209141 0.00155319
1 0.361145 0.398464 0.270913 0.429238 0.00146473
1 0.411905 0.27494 0.22706 0.272372 0.00108927
1 0.0850269 0.5425 0.140416 0.884616 0.00101317
