1 0.568787 0.533044 0.770699 0.794386 0.0928958
1 0.347329 0.685297 0.288578 0.266361 0.068179
1 0.720969 0.651346 0.490838 0.685264 0.0229286
1 0.675782 0.432106 0.456255 0.603164 0.0214212
1 0.368218 0.778219 0.369743 0.407606 0.0211613
1 0.512306 0.710918 0.689538 0.515037 0.0209284
1 0.371349 0.519134 0.366691 0.566613 0.0184755
1 0.733138 0.414899 0.302291 0.376391 0.0110818
1 0.781635 0.100261 0.411362 0.198621 0.00753429
1 0.788714 0.585703 0.320316 0.506711 0.00675193
1 0.789878 0.45865 0.207168 0.300652 0.00417333
1 0.257898 0.67384 0.376471 0.507752 0.00209368
1 0.557277 0.855158 0.774816 0.288058 0.00202205
1 0.78082 0.192082 0.416045 0.353337 0.0020065
1 0.271719 0.503568 0.264349 0.571164 0.00163649
1 0.711808 0.13998 0.360209 0.159261 0.0015325
1 0.812025 0.362685 0.318516 0.459401 0.00140767
