1 0.428829 0.438013 0.740981 0.825067 0.0226779
1 0.19466 0.395958 0.276184 0.595371 0.0210978
1 0.273136 0.662509 0.462252 0.327439 0.0105624
1 0.653296 0.442578 0.575673 0.818374 0.00964444
1 0.299933 0.602027 0.301901 0.279961 0.00811535
1 0.893919 0.681257 0.147602 0.617676 0.00631459
1 0.286749 0.449918 0.394225 0.567965 0.00620699
1 0.86067 0.587122 0.180176 0.415008 0.00615901
1 0.180059 0.594861 0.249067 0.312484 0.00469055
1 0.821548 0.439416 0.339967 0.814909 0.0045661
1 0.916567 0.770489 0.0844824 0.431614 0.00344933
1 0.780155 0.635915 0.33479 0.642979 0.00284725
1 0.283922 0.249516 0.410333 0.445114 0.00235637
1 0.597177 0.701223 0.662733 0.564046 0.00233342
1 0.448579 0.240543 0.53484 0.481085 0.00231462
1 0.942047 0.701434 0.104653 0.55265 0.00220824
1 0.813521 0.441454 0.21194 0.622201 0.00219352
1 0.906849 0.49146 0.178456 0.752984 0.00193683
1 0.405456 0.058329 0.288924 0.112752 0.00174763
1 0.239365 0.449054 0.478729 0.836427 0.00172429
1 0.347186 0.141 0.38145 0.269956 0.00162419
1 0.256556 0.249382 0.238228 0.377287 0.00142933
1 0.41833 0.645389 0.3665 0.42268 0.00137912
1 0.853527 0.717784 0.251731 0.460433 0.00137333
1 0.221412 0.757283 0.396901 0.36992 0.00133294
1 0.79586 0.885892 0.384491 0.222079 0.0013298
1 0.885111 0.891059 0.211152 0.187052 0.00130961
1 0.706943 0.349171 0.331706 0.676331 0.0012468
1 0.77994 0.069914 0.412579 0.134942 0.00122145
1 0.956633 0.800525 0.0812542 0.353166 0.00118089
1 0.904419 0.936678 0.173418 0.0970569 0.00113077
