1 0.382724 0.467478 0.48571 0.792619 0.0161472
1 0.239657 0.522233 0.210524 0.482713 0.0141547
1 0.339052 0.643354 0.342128 0.266552 0.0134024
1 0.360665 0.688416 0.496145 0.376714 0.0115329
1 0.287364 0.59167 0.445067 0.495396 0.00550596
1 0.457438 0.676566 0.78767 0.531631 0.00455702
1 0.555375 0.451271 0.481843 0.848874 0.00452409
1 0.515575 0.715212 0.383536 0.413787 0.00452311
1 0.731338 0.450473 0.503798 0.865239 0.00293212
1 0.779392 0.896462 0.393221 0.194368 0.00273889
1 0.373167 0.792614 0.632982 0.368493 0.00224953
1 0.866182 0.574427 0.224883 0.688989 0.00213959
1 0.82886 0.804444 0.239794 0.271095 0.00212356
1 0.791943 0.107857 0.41207 0.198971 0.00208607
1 0.829222 0.936141 0.282093 0.08998 0.00185371
1 0.679909 0.788327 0.505847 0.308072 0.00183412
1 0.523995 0.832909 0.473614 0.259599 0.00180947
1 0.603698 0.136083 0.679752 0.264007 0.00167955
1 0.622848 0.87877 0.493004 0.178134 0.00162358
1 0.763066 0.61099 0.353672 0.575323 0.00160931
1 0.683658 0.697119 0.585273 0.53728 0.00150743
1 0.276262 0.858393 0.486931 0.249659 0.00144374
1 0.486694 0.189247 0.3794 0.331408 0.0014197
1 0.835642 0.74042 0.189735 0.245247 0.0014173
1 0.169457 0.53659 0.264375 0.552323 0.00126604
1 0.417194 0.119664 0.369203 0.217978 0.00120956
1 0.257636 0.39059 0.297204 0.572295 0.0011982
1 0.784806 0.235731 0.415691 0.436064 0.00110727
1 0.605705 0.169666 0.334623 0.306016 0.00109919
1 0.642738 0.719692 0.347342 0.317479 0.00109841
1 0.833579 0.800558 0.153832 0.181953 0.00104673
