1 0.454147 0.426692 0.431571 0.759434 0.216088
1 0.384968 0.647838 0.31336 0.328306 0.0844418
1 0.554293 0.468103 0.830687 0.885549 0.0365228
1 0.351944 0.477969 0.290729 0.654202 0.0247018
1 0.376571 0.612474 0.397844 0.545169 0.0163266
1 0.517617 0.682665 0.542596 0.337936 0.0159154
1 0.442787 0.210787 0.194768 0.281548 0.00535439
1 0.309591 0.449979 0.614321 0.873881 0.00398541
1 0.512064 0.183246 0.34761 0.319731 0.00386091
1 0.397902 0.319996 0.268088 0.496125 0.00282737
1 0.682211 0.690265 0.298503 0.220179 0.00186455
1 0.629095 0.462798 0.391157 0.679393 0.0018282
1 0.63871 0.110967 0.280696 0.192274 0.00154185
1 0.382973 0.763464 0.491093 0.473072 0.00147186
1 0.442639 0.138394 0.259778 0.242751 0.00108265
1 0.747972 0.68497 0.174977 0.193005 0.001004
