1 0.470614 0.484041 0.67571 0.910513 0.290738
1 0.347939 0.263555 0.276356 0.337065 0.0145831
1 0.378491 0.825836 0.630346 0.32556 0.00860194
1 0.261377 0.519113 0.36731 0.844442 0.00829799
1 0.211532 0.82571 0.337775 0.32741 0.00688918
1 0.171592 0.677309 0.249649 0.578336 0.00604602
1 0.663285 0.432421 0.358034 0.780609 0.00415185
1 0.206654 0.921702 0.314115 0.156596 0.0039992
1 0.309907 0.756076 0.345062 0.359411 0.0037503
1 0.389825 0.342354 0.392282 0.562106 0.00253496
1 0.453585 0.713658 0.303887 0.432405 0.00243358
1 0.440384 0.898617 0.660057 0.186315 0.00187699
1 0.148049 0.811598 0.178882 0.332455 0.00171798
1 0.537668 0.779186 0.558208 0.4091 0.00170377
1 0.306378 0.224952 0.467207 0.40307 0.00146945
