1 0.505557 0.336643 0.589342 0.613445 0.0869604
1 0.326184 0.357967 0.287333 0.462927 0.0766558
1 0.305675 0.432066 0.225873 0.263636 0.0463959
1 0.344089 0.372288 0.523701 0.560405 0.0379853
1 0.631477 0.365915 0.319856 0.347527 0.0176814
1 0.674347 0.444891 0.258628 0.27051 0.0146399
1 0.543327 0.601247 0.748204 0.788311 0.00923149
1 0.310919 0.477949 0.362264 0.459671 0.00762407
1 0.682069 0.438145 0.504826 0.64831 0.00587995
1 0.677209 0.49117 0.348275 0.42637 0.00346234
1 0.688255 0.695136 0.575266 0.608563 0.00333427
1 0.807464 0.804327 0.37779 0.389651 0.00169091
1 0.28656 0.615123 0.499516 0.721892 0.0016361
1 0.328709 0.134852 0.280123 0.215863 0.00154394
1 0.718998 0.938232 0.505494 0.121933 0.00125129
1 0.852693 0.872816 0.276979 0.248643 0.00121
1 0.84989 0.941976 0.262305 0.113268 0.0011373
1 0.549625 0.805163 0.832084 0.389673 0.00106552
