1 0.304593 0.595306 0.244588 0.241867 0.116801
1 0.549746 0.411168 0.773299 0.746105 0.0731251
1 0.51388 0.698988 0.823908 0.54757 0.0486608
1 0.298138 0.369397 0.334046 0.680368 0.0366167
1 0.327298 0.629723 0.339545 0.371627 0.032874
1 0.745622 0.102336 0.488075 0.199273 0.00645136
1 0.800982 0.0565334 0.382337 0.113067 0.00635109
1 0.794173 0.462407 0.308867 0.512613 0.00594355
1 0.780794 0.602285 0.257304 0.326155 0.00540694
1 0.332729 0.0710441 0.665458 0.142088 0.00531281
1 0.664446 0.351737 0.393865 0.660762 0.00504558
1 0.617572 0.586153 0.53289 0.436314 0.0049889
1 0.773171 0.478683 0.443996 0.768587 0.00451804
1 0.277952 0.131067 0.357205 0.206736 0.00424925
1 0.734029 0.696104 0.39637 0.429379 0.00374028
1 0.514165 0.841063 0.875103 0.317874 0.00361136
1 0.339104 0.773539 0.455812 0.430922 0.00340273
1 0.653296 0.130624 0.273881 0.196885 0.00329579
1 0.519517 0.104819 0.960967 0.209639 0.0031809
1 0.267925 0.0605888 0.381538 0.116719 0.00271023
1 0.43934 0.140808 0.576272 0.245896 0.00265832
1 0.260168 0.211344 0.407805 0.38514 0.00265414
1 0.782365 0.819384 0.388697 0.353664 0.00208589
1 0.571435 0.193519 0.832576 0.385392 0.00190613
1 0.863498 0.0868201 0.270509 0.17364 0.00186824
1 0.65895 0.068739 0.463016 0.135658 0.00164476
1 0.6962 0.168698 0.385518 0.29635 0.00141494
1 0.413735 0.334368 0.39741 0.621256 0.00131275
