1 0.121081 0.482551 0.228048 0.455843 0.0773284
1 0.187495 0.453336 0.367778 0.596345 0.0359821
1 0.417337 0.476697 0.691192 0.613587 0.00835595
1 0.566702 0.83343 0.397501 0.332798 0.00446976
1 0.599843 0.495465 0.427053 0.615688 0.00332439
1 0.582705 0.689358 0.34643 0.356419 0.00180814
1 0.284459 0.626056 0.568919 0.676099 0.00166552
1 0.675976 0.488934 0.235148 0.367806 0.00160843
1 0.429691 0.0861529 0.534125 0.158074 0.00146713
1 0.165292 0.130662 0.319509 0.191533 0.00127655
1 0.552492 0.0582006 0.276512 0.110924 0.00116007
1 0.518027 0.903415 0.525578 0.190977 0.00107226
