1 0.498064 0.470378 0.995715 0.929664 0.0644063
1 0.50584 0.408322 0.48833 0.792031 0.0278595
1 0.469059 0.611867 0.42074 0.481404 0.0155659
1 0.28688 0.561388 0.520054 0.474982 0.011858
1 0.702631 0.409809 0.483024 0.768996 0.00965871
1 0.288092 0.579757 0.387317 0.315385 0.00709137
1 0.251409 0.387172 0.425671 0.724497 0.00546969
1 0.625015 0.572013 0.550129 0.466662 0.00508196
1 0.260467 0.0772085 0.462979 0.154417 0.0036307
1 0.787501 0.473105 0.203861 0.441432 0.00322096
1 0.527311 0.878959 0.625315 0.242081 0.00316926
1 0.163467 0.454372 0.249069 0.530387 0.00295791
1 0.730914 0.109844 0.355513 0.194508 0.00260568
1 0.512313 0.110977 0.788651 0.219101 0.00260445
1 0.598137 0.704584 0.714636 0.508238 0.00237349
1 0.179332 0.595965 0.308794 0.394367 0.00183681
1 0.5645 0.931903 0.544298 0.136194 0.00179966
1 0.325825 0.714957 0.5926 0.488173 0.00158162
1 0.288538 0.140347 0.460753 0.263905 0.00156605
1 0.707631 0.195166 0.43342 0.331147 0.00153119
1 0.798761 0.571069 0.179093 0.242736 0.00140848
1 0.834224 0.430412 0.300019 0.796583 0.00123171
1 0.710542 0.884345 0.420445 0.227372 0.00120333
1 0.113783 0.590228 0.167041 0.355007 0.00117691
1 0.704251 0.937378 0.389699 0.124908 0.0010737
1 0.825408 0.594925 0.232589 0.401441 0.00104049
1 0.696946 0.448662 0.326563 0.539259 0.00101264
