1 0.700292 0.620389 0.273483 0.262586 0.0697725
1 0.550477 0.463308 0.616094 0.661799 0.0502667
1 0.279014 0.57568 0.349416 0.273765 0.0318598
1 0.373622 0.410711 0.667119 0.640146 0.0280306
1 0.663052 0.532832 0.363142 0.468476 0.0236536
1 0.269245 0.456872 0.383142 0.51006 0.0179726
1 0.445946 0.544042 0.609332 0.402008 0.0139712
1 0.28592 0.651803 0.507771 0.485536 0.0116653
1 0.531582 0.647886 0.62499 0.453806 0.01042
1 0.695862 0.676529 0.360099 0.426082 0.0100044
1 0.769876 0.678298 0.344728 0.30261 0.00316724
1 0.756222 0.464165 0.473576 0.673857 0.00202516
1 0.263384 0.822344 0.511695 0.350531 0.00181126
1 0.653933 0.768069 0.490823 0.442184 0.00165911
1 0.153839 0.598288 0.24832 0.300873 0.00151582
1 0.480369 0.816625 0.630565 0.358878 0.00130564
1 0.661847 0.14299 0.246845 0.157291 0.0012588
1 0.510205 0.945866 0.450377 0.10642 0.00108793
1 0.0755701 0.950819 0.15114 0.0970809 0.00104884
1 0.420193 0.891827 0.514028 0.213451 0.0010201
