1 0.671096 0.121117 0.330318 0.213836 0.00979694
1 0.319892 0.606764 0.425341 0.346968 0.00913951
1 0.611506 0.375399 0.494031 0.744174 0.00854857
1 0.54899 0.0988692 0.626424 0.190452 0.00639924
1 0.700889 0.585873 0.305272 0.278843 0.00571121
1 0.767592 0.596424 0.174871 0.226149 0.00535651
1 0.294385 0.408371 0.484007 0.682356 0.00506433
1 0.716757 0.0779436 0.348973 0.145053 0.00376431
1 0.201013 0.526975 0.280437 0.478122 0.00340638
1 0.544779 0.592049 0.543218 0.377325 0.00328568
1 0.326378 0.128655 0.305198 0.212897 0.00304566
1 0.769277 0.394287 0.329958 0.683513 0.00243573
1 0.210566 0.635642 0.191309 0.255501 0.00214464
1 0.793472 0.558395 0.227287 0.35272 0.00202188
1 0.667756 0.213941 0.364732 0.380962 0.00130529
1 0.34595 0.0752173 0.373782 0.141678 0.00127869
