1 0.272689 0.345596 0.293307 0.632932 0.0353494
1 0.444997 0.376365 0.638511 0.686955 0.024948
1 0.284809 0.480817 0.242799 0.343556 0.0167348
1 0.368404 0.490825 0.487763 0.430491 0.0107272
1 0.579671 0.332221 0.351915 0.629415 0.00467615
1 0.510747 0.541629 0.55022 0.471582 0.00436628
1 0.606202 0.542293 0.325094 0.333363 0.00284805
1 0.732552 0.814671 0.521182 0.363497 0.00275503
1 0.23591 0.122898 0.334319 0.195385 0.0025654
1 0.198053 0.0623845 0.303074 0.12087 0.00254524
1 0.252914 0.554131 0.354611 0.453881 0.00212893
1 0.709055 0.427122 0.506078 0.77173 0.00193416
1 0.731995 0.065391 0.446437 0.12896 0.00166258
1 0.345007 0.129784 0.316955 0.202676 0.00146739
1 0.790802 0.879839 0.403222 0.234843 0.001417
1 0.594333 0.120848 0.334716 0.199941 0.00135329
1 0.72941 0.928066 0.479517 0.143033 0.00126461
1 0.573221 0.725985 0.705269 0.524804 0.00112335
1 0.845728 0.941643 0.27116 0.115398 0.00109522
