1 0.592703 0.579584 0.502342 0.785566 0.0174022
1 0.36904 0.571126 0.455935 0.742641 0.00702629
1 0.235749 0.58305 0.231881 0.711138 0.0066619
1 0.815343 0.105519 0.36931 0.204075 0.00418776
1 0.568012 0.520848 0.863976 0.916027 0.00353021
1 0.703812 0.755826 0.591058 0.448394 0.00329671
1 0.38349 0.777891 0.545088 0.392209 0.00272837
1 0.798473 0.507935 0.399585 0.915679 0.00265843
1 0.749617 0.929803 0.463191 0.107222 0.00228871
1 0.225942 0.73472 0.168047 0.38728 0.00152667
1 0.363818 0.929177 0.48044 0.125327 0.00145846
1 0.582444 0.803527 0.342885 0.351686 0.00145077
1 0.317137 0.876937 0.511526 0.237958 0.00128281
1 0.184645 0.705728 0.210634 0.510707 0.00127608
1 0.873896 0.629876 0.232191 0.678035 0.00120981
1 0.492965 0.700496 0.378018 0.534541 0.0011417
