1 0.264397 0.811033 0.524202 0.377624 0.00481149
1 0.682149 0.494453 0.57831 0.493203 0.00363448
1 0.0984321 0.838729 0.179957 0.311162 0.00258614
1 0.190666 0.867777 0.365044 0.259462 0.00243148
1 0.18888 0.93697 0.340906 0.123094 0.00199386
1 0.354852 0.48708 0.692781 0.557169 0.0015745
1 0.874145 0.828197 0.242473 0.342355 0.00155333
1 0.841304 0.520593 0.178438 0.307814 0.00144761
1 0.846129 0.470161 0.271715 0.438306 0.00132857
1 0.853414 0.923869 0.26369 0.14916 0.00132154
1 0.750744 0.857886 0.488228 0.281646 0.00130069
