1 0.778809 0.646435 0.270043 0.659903 0.097539
1 0.200359 0.624237 0.213135 0.523865 0.0424425
1 0.317541 0.798147 0.420509 0.367154 0.0319697
1 0.777997 0.50773 0.190145 0.360445 0.0308521
1 0.620868 0.652528 0.530355 0.675519 0.0285536
1 0.301678 0.632345 0.428083 0.666704 0.0262124
1 0.25075 0.731454 0.283008 0.385428 0.0102345
1 0.367272 0.898765 0.509246 0.199456 0.00758143
1 0.189467 0.823374 0.191298 0.228224 0.00601928
1 0.253696 0.511632 0.26575 0.501487 0.0048736
1 0.288746 0.921016 0.431626 0.135343 0.00433383
1 0.191233 0.694817 0.352205 0.538039 0.00413664
1 0.405089 0.942946 0.511393 0.114108 0.003928
1 0.48391 0.857025 0.565211 0.277029 0.00384117
1 0.473888 0.722705 0.574673 0.550169 0.00327022
1 0.596248 0.903199 0.491656 0.186687 0.00308834
1 0.42679 0.583466 0.305154 0.714369 0.00298047
1 0.687303 0.8308 0.377391 0.316829 0.00268085
1 0.204992 0.891987 0.248477 0.188415 0.00220005
1 0.788209 0.82411 0.194547 0.316832 0.0016249
1 0.748441 0.879857 0.286338 0.224996 0.00161169
1 0.825393 0.886065 0.172992 0.209891 0.0014743
1 0.153388 0.509546 0.249213 0.547992 0.00123506
1 0.134869 0.728267 0.129665 0.377937 0.0012287
