1 0.640856 0.389502 0.705912 0.776268 0.143219
1 0.763055 0.272184 0.47316 0.542825 0.0540888
1 0.78219 0.110383 0.43562 0.216626 0.0106204
1 0.313904 0.583943 0.236785 0.212993 0.00960649
1 0.351505 0.377835 0.571134 0.733888 0.00719257
1 0.29998 0.599308 0.335195 0.352242 0.00358861
1 0.847491 0.455297 0.301215 0.891287 0.003286
1 0.318168 0.386922 0.311974 0.632388 0.00290208
1 0.286487 0.501029 0.254547 0.384881 0.0019218
1 0.5 0.501767 1 0.996465 0.0015376
1 0.411931 0.281248 0.299552 0.525814 0.00115168
1 0.354036 0.5524 0.457732 0.557079 0.00111253
1 0.596529 0.210283 0.572715 0.408934 0.00111252
