1 0.413706 0.715158 0.775154 0.44934 0.0412418
1 0.193118 0.705304 0.288566 0.270096 0.032915
1 0.384406 0.506698 0.751043 0.685693 0.0202737
1 0.249897 0.734343 0.459351 0.361891 0.0166601
1 0.640799 0.735443 0.408053 0.368881 0.0126046
1 0.213866 0.622365 0.356908 0.441707 0.00828967
1 0.150402 0.528045 0.26336 0.518026 0.00786541
1 0.15947 0.825742 0.299525 0.195364 0.00370098
1 0.581346 0.507342 0.415627 0.65681 0.00319739
1 0.620602 0.244522 0.168974 0.140593 0.00211746
1 0.238232 0.435075 0.402426 0.682178 0.00173977
1 0.126884 0.734245 0.238219 0.242436 0.00163292
1 0.703152 0.83522 0.411659 0.203417 0.00156361
1 0.662129 0.659719 0.278286 0.324864 0.00145226
1 0.72063 0.542831 0.358172 0.613374 0.00127704
1 0.601028 0.289405 0.210851 0.231852 0.00101138
