1 0.79123 0.539677 0.385555 0.86507 0.146808
1 0.585908 0.544114 0.800371 0.887408 0.137596
1 0.340436 0.502612 0.353412 0.674821 0.0381088
1 0.307924 0.511446 0.615849 0.845495 0.0175605
1 0.868004 0.642155 0.263991 0.715691 0.00740375
1 0.784905 0.787713 0.429466 0.419669 0.00347727
1 0.793364 0.392701 0.316014 0.514236 0.00314849
1 0.905869 0.764803 0.188261 0.464169 0.00283811
1 0.858159 0.847897 0.273317 0.2985 0.00212618
1 0.843422 0.925439 0.303505 0.105285 0.00145427
1 0.312141 0.78662 0.58852 0.425429 0.00125227
1 0.891336 0.428934 0.211778 0.695618 0.00119875
1 0.75067 0.899454 0.487397 0.19901 0.00110683
