1 0.36692 0.61928 0.331768 0.271957 0.0129107
1 0.726518 0.67205 0.429768 0.335053 0.00991717
1 0.641675 0.449657 0.702377 0.847137 0.00956548
1 0.416106 0.427246 0.416488 0.664202 0.00891496
1 0.736322 0.863196 0.452763 0.252249 0.00712135
1 0.483779 0.155589 0.552479 0.296213 0.00644415
1 0.723875 0.777539 0.534429 0.404188 0.00626362
1 0.742332 0.437168 0.421894 0.672521 0.00524325
1 0.591269 0.0975678 0.702845 0.192134 0.00490936
1 0.324205 0.525717 0.252538 0.441675 0.00475011
1 0.817374 0.790945 0.318847 0.30863 0.00368569
1 0.410239 0.189298 0.281899 0.27638 0.00345423
1 0.738127 0.946225 0.427631 0.10755 0.00322731
1 0.390981 0.0925492 0.393043 0.158176 0.00242857
1 0.719863 0.0694773 0.512745 0.138296 0.00232599
1 0.542655 0.633763 0.60691 0.330417 0.00204175
1 0.60006 0.685379 0.781789 0.564928 0.0012732
1 0.839173 0.627742 0.285661 0.649948 0.00100031
