1 0.288197 0.624442 0.444724 0.320224 0.0224342
1 0.516826 0.653315 0.637547 0.477656 0.0219411
1 0.590935 0.433303 0.44655 0.661996 0.0209713
1 0.229339 0.125652 0.436119 0.247332 0.0202696
1 0.36265 0.421776 0.369649 0.628568 0.01843
1 0.623535 0.600224 0.37791 0.296544 0.0127399
1 0.728586 0.588767 0.187933 0.273774 0.0123751
1 0.286443 0.186186 0.304716 0.247714 0.00991816
1 0.246713 0.60282 0.231576 0.281866 0.00732115
1 0.305923 0.73951 0.581791 0.494395 0.00717352
1 0.758259 0.458655 0.236635 0.584848 0.00631061
1 0.679198 0.469426 0.271988 0.537151 0.00551212
1 0.420762 0.598894 0.44743 0.308314 0.00394257
1 0.412058 0.8475 0.734939 0.303391 0.00393355
1 0.24103 0.0713242 0.334867 0.127028 0.00393076
1 0.272008 0.312664 0.47726 0.595187 0.00354534
1 0.250538 0.4432 0.301654 0.620105 0.00337032
1 0.433506 0.144299 0.537744 0.182023 0.00331784
1 0.178322 0.601831 0.249378 0.326217 0.00273177
1 0.357543 0.583521 0.650151 0.497761 0.00253796
1 0.762971 0.102584 0.446623 0.199629 0.00243088
1 0.599039 0.158361 0.202773 0.13941 0.00240074
1 0.604883 0.101133 0.250304 0.129364 0.00219684
1 0.29282 0.892871 0.539553 0.210175 0.00196181
1 0.664621 0.0621779 0.339099 0.1168 0.00160404
1 0.510055 0.0630918 0.484028 0.118742 0.00142655
1 0.255579 0.947342 0.477484 0.104707 0.00121536
1 0.128584 0.572896 0.222204 0.460718 0.00118042
1 0.412199 0.272107 0.40415 0.406178 0.00117969
1 0.368588 0.0749527 0.545518 0.143596 0.00115497
