1 0.518006 0.329133 0.735318 0.652882 0.21202
1 0.3195 0.303615 0.335529 0.567078 0.10855
1 0.635655 0.245415 0.381891 0.482094 0.0378361
1 0.543966 0.570966 0.727941 0.561602 0.0351788
1 0.210083 0.33913 0.298634 0.558068 0.0211616
1 0.302667 0.309465 0.605335 0.616849 0.0187253
1 0.299139 0.437177 0.279558 0.30266 0.01214
1 0.657667 0.121122 0.423494 0.239379 0.00929538
1 0.454537 0.175856 0.640315 0.34992 0.00665928
1 0.667925 0.0598393 0.406431 0.117899 0.00607512
1 0.516577 0.0875626 0.641035 0.173145 0.00535512
1 0.319128 0.157476 0.345567 0.288186 0.00410194
1 0.765756 0.283569 0.325476 0.514782 0.00345213
1 0.640172 0.514169 0.441205 0.424356 0.00327924
1 0.383709 0.0627806 0.548919 0.124167 0.00229339
1 0.334018 0.482305 0.41626 0.463158 0.00226854
1 0.725712 0.33838 0.221526 0.347396 0.00212252
1 0.230395 0.470519 0.246193 0.323522 0.00172531
1 0.747901 0.47373 0.257456 0.389639 0.00149488
1 0.793196 0.0635472 0.391363 0.127094 0.00142774
1 0.731817 0.344029 0.536366 0.650659 0.00142404
1 0.263644 0.1246 0.527289 0.246621 0.00132854
