1 0.660297 0.564265 0.509911 0.641226 0.0581145
1 0.282528 0.520765 0.543632 0.599009 0.0484685
1 0.499161 0.500885 0.906159 0.770786 0.0167389
1 0.813542 0.549066 0.260341 0.597982 0.0131069
1 0.202144 0.456952 0.286401 0.51053 0.0126058
1 0.134711 0.501504 0.199893 0.465765 0.00978538
1 0.787565 0.689703 0.148821 0.229363 0.00730817
1 0.742719 0.697077 0.244486 0.316197 0.00356202
1 0.664663 0.368895 0.29163 0.247232 0.00305268
1 0.268666 0.0877496 0.525298 0.168619 0.00220376
1 0.146912 0.607312 0.273285 0.471037 0.00159027
1 0.644799 0.303725 0.219802 0.141326 0.00148148
1 0.62531 0.714633 0.480631 0.401305 0.00142593
1 0.399011 0.682854 0.786873 0.555298 0.00142386
1 0.22006 0.309877 0.414786 0.56824 0.00128544
