1 0.508021 0.540373 0.829474 0.664678 0.391329
1 0.282321 0.574849 0.322464 0.578294 0.238455
1 0.808095 0.527227 0.337595 0.526463 0.0287803
1 0.247927 0.745015 0.271246 0.223392 0.00956732
1 0.29336 0.757645 0.460128 0.268193 0.00784298
1 0.787204 0.59998 0.292537 0.288966 0.0057552
1 0.745964 0.405402 0.492379 0.696901 0.0051957
1 0.169717 0.586833 0.281505 0.59085 0.00455854
1 0.69732 0.583329 0.466118 0.457658 0.00421208
1 0.22299 0.813402 0.363809 0.197784 0.00160063
1 0.273222 0.863838 0.458757 0.142816 0.00114588
