1 0.650659 0.568185 0.600207 0.782167 0.0261497
1 0.412413 0.54262 0.614762 0.790315 0.0165679
1 0.58301 0.794585 0.551863 0.403613 0.0111911
1 0.259855 0.565121 0.37344 0.715133 0.00999814
1 0.310197 0.791792 0.526719 0.349346 0.00854709
1 0.216364 0.504187 0.203199 0.580974 0.00795903
1 0.166683 0.580382 0.206704 0.578019 0.00537483
1 0.753965 0.614408 0.343492 0.656775 0.00504011
1 0.375241 0.511418 0.350428 0.675199 0.00444141
1 0.831619 0.633625 0.188306 0.480677 0.00355366
1 0.880494 0.73737 0.160924 0.386721 0.00334632
1 0.342404 0.679467 0.386755 0.459935 0.00243567
1 0.214779 0.869588 0.36 0.218533 0.00220629
1 0.269461 0.923231 0.478192 0.12722 0.00203647
1 0.441795 0.778772 0.300044 0.319172 0.00203342
1 0.205095 0.710769 0.29591 0.438762 0.00199703
1 0.83616 0.751322 0.152773 0.288345 0.00195436
1 0.852409 0.58358 0.259834 0.791332 0.00176791
1 0.790989 0.775039 0.380881 0.390241 0.00174559
1 0.438824 0.74816 0.461347 0.446212 0.0017088
1 0.53091 0.913052 0.496273 0.173382 0.00143641
1 0.0985447 0.847592 0.140786 0.214365 0.00137895
1 0.114001 0.626354 0.136084 0.584936 0.00130785
1 0.299861 0.404289 0.287254 0.475506 0.00114116
1 0.145578 0.827709 0.236865 0.286554 0.00103698
