1 0.252624 0.530759 0.249551 0.19274 0.15006
1 0.529272 0.376062 0.774891 0.69199 0.124087
1 0.480918 0.564604 0.819533 0.415256 0.087707
1 0.24872 0.570306 0.353517 0.322073 0.0773931
1 0.338311 0.368213 0.536211 0.584121 0.0381875
1 0.587735 0.494513 0.54463 0.287642 0.0348909
1 0.266245 0.444875 0.341351 0.416977 0.0330082
1 0.727359 0.475933 0.240935 0.212846 0.0207231
1 0.681686 0.411399 0.397992 0.410222 0.0134027
1 0.737198 0.501766 0.364546 0.324433 0.00685399
1 0.301206 0.0688303 0.53159 0.137661 0.00610321
1 0.217683 0.310292 0.376755 0.557706 0.00609109
1 0.506639 0.104568 0.884131 0.204403 0.0047636
1 0.28064 0.194974 0.366806 0.311657 0.00475779
1 0.264398 0.061312 0.323918 0.113144 0.00471941
1 0.240771 0.119034 0.434381 0.218481 0.0042852
1 0.782086 0.368926 0.32086 0.429295 0.00416796
1 0.374637 0.505229 0.519131 0.34904 0.00359008
1 0.698335 0.288725 0.480746 0.444062 0.00356272
1 0.760233 0.0725365 0.428797 0.135558 0.00304542
1 0.763359 0.136076 0.456493 0.227856 0.00155961
1 0.270783 0.705333 0.494319 0.513141 0.00138062
1 0.172063 0.541704 0.334183 0.445029 0.00100905
