1 0.459495 0.443007 0.725506 0.858381 0.142204
1 0.298265 0.359345 0.372443 0.690512 0.112714
1 0.726525 0.104911 0.52264 0.204463 0.0355326
1 0.409757 0.486219 0.529656 0.570668 0.018135
1 0.567256 0.391891 0.438572 0.64357 0.013177
1 0.698362 0.213801 0.592919 0.427602 0.0123758
1 0.539777 0.677379 0.793721 0.640299 0.00765276
1 0.706907 0.446116 0.524517 0.862986 0.00471506
1 0.686514 0.778599 0.601378 0.439279 0.00315535
1 0.250645 0.5203 0.373508 0.511696 0.00306222
1 0.643818 0.462124 0.300298 0.433464 0.00228915
1 0.69959 0.604397 0.346169 0.672296 0.00139072
1 0.833185 0.291273 0.321335 0.564469 0.00124522
1 0.532802 0.851904 0.857221 0.293703 0.00112207
