1 0.62074 0.496078 0.758521 0.758112 0.103037
1 0.320154 0.573518 0.237052 0.220134 0.0413926
1 0.328795 0.570187 0.320223 0.332737 0.0253372
1 0.397127 0.455034 0.427045 0.608141 0.0205751
1 0.756207 0.501381 0.462558 0.510161 0.00789337
1 0.481221 0.604647 0.643158 0.383265 0.00781038
1 0.696746 0.654253 0.604775 0.545633 0.00577181
1 0.376808 0.648364 0.353171 0.307031 0.00424952
1 0.249282 0.535433 0.353188 0.443716 0.00422903
1 0.309046 0.426374 0.271444 0.503463 0.00388706
1 0.371457 0.213601 0.353 0.373092 0.00196195
1 0.871106 0.452803 0.24755 0.432675 0.00164492
1 0.782123 0.679781 0.42493 0.367206 0.00157795
1 0.349248 0.708898 0.519001 0.467673 0.00101206
