1 0.404383 0.558696 0.714107 0.710351 0.0596367
1 0.229007 0.687112 0.332246 0.26487 0.0415464
1 0.556783 0.517567 0.394868 0.659883 0.0364457
1 0.44148 0.755829 0.730904 0.481731 0.0283402
1 0.641022 0.665336 0.369243 0.641734 0.024463
1 0.231703 0.505933 0.337716 0.552532 0.0226317
1 0.237284 0.799612 0.417993 0.371898 0.0216975
1 0.656042 0.711386 0.263239 0.419086 0.0212482
1 0.6595 0.625786 0.200787 0.327706 0.0178824
1 0.186522 0.61848 0.251726 0.281731 0.0157236
1 0.714978 0.800632 0.457073 0.39656 0.00968012
1 0.642783 0.513918 0.238261 0.503118 0.00810294
1 0.297971 0.68086 0.477845 0.408978 0.00375505
1 0.797822 0.625413 0.382817 0.724021 0.00222768
1 0.150866 0.437957 0.262886 0.61192 0.00169955
1 0.231992 0.332484 0.292044 0.34565 0.00168477
1 0.75807 0.884014 0.426772 0.2292 0.00157531
1 0.110095 0.698301 0.210333 0.46497 0.00157021
1 0.562728 0.287782 0.172246 0.153821 0.00149558
1 0.476164 0.908961 0.77891 0.182079 0.00141804
1 0.720438 0.11183 0.540318 0.216415 0.00138319
1 0.660065 0.926561 0.431507 0.145432 0.00108963
