1 0.615683 0.608333 0.768633 0.717692 0.147788
1 0.847422 0.735683 0.278652 0.521305 0.0938783
1 0.781694 0.63244 0.404873 0.720183 0.0833018
1 0.743257 0.791197 0.504086 0.413355 0.0493724
1 0.320327 0.668104 0.433467 0.660431 0.0419689
1 0.812504 0.893255 0.354602 0.210787 0.0130435
1 0.372488 0.772862 0.277583 0.451379 0.00564978
1 0.619062 0.868642 0.761875 0.262715 0.00462648
1 0.144293 0.676892 0.278132 0.646216 0.00393718
1 0.838018 0.921867 0.30399 0.0962386 0.00346005
1 0.483048 0.809149 0.530738 0.379458 0.00344327
1 0.359482 0.881367 0.327988 0.232635 0.003069
1 0.895772 0.611605 0.202287 0.684716 0.00209785
1 0.359685 0.946007 0.313483 0.106743 0.00207819
1 0.633094 0.930762 0.726198 0.138477 0.00190056
1 0.217754 0.831922 0.299943 0.336077 0.00169179
1 0.0730445 0.694335 0.132452 0.611331 0.0016612
1 0.384082 0.618046 0.250577 0.495296 0.00124887
1 0.198994 0.91669 0.212072 0.159724 0.00120439
1 0.438426 0.934541 0.521991 0.116618 0.00112035
1 0.753968 0.507013 0.286587 0.52343 0.00107229
