1 0.361262 0.699762 0.355509 0.257897 0.0754166
1 0.570055 0.732861 0.827207 0.446122 0.0439109
1 0.380997 0.55694 0.383987 0.515774 0.0358475
1 0.688292 0.559978 0.606036 0.598848 0.0272408
1 0.383223 0.783978 0.458478 0.328079 0.0195639
1 0.744893 0.705981 0.429083 0.245353 0.00584819
1 0.829305 0.678238 0.259647 0.176946 0.0034824
1 0.289082 0.595812 0.282854 0.434347 0.00298779
1 0.252335 0.69905 0.307393 0.38127 0.00277541
1 0.78303 0.595009 0.386778 0.436656 0.00271979
1 0.388536 0.441835 0.283054 0.287867 0.00194752
1 0.724465 0.807015 0.522491 0.289051 0.00184441
1 0.880437 0.669703 0.225672 0.252536 0.00118856
