1 0.526892 0.513283 0.748781 0.783098 0.441764
1 0.74191 0.511465 0.464726 0.752456 0.132822
1 0.768175 0.526191 0.273433 0.633577 0.0575182
1 0.334042 0.515761 0.397773 0.773241 0.0567805
1 0.313397 0.746811 0.383348 0.373213 0.0277772
1 0.210022 0.562489 0.354902 0.754963 0.0161136
1 0.50749 0.714184 0.67572 0.420121 0.0108715
1 0.368692 0.821148 0.553256 0.313796 0.00797911
1 0.353574 0.288363 0.227156 0.294379 0.00621241
1 0.432427 0.28108 0.461936 0.348965 0.00378454
1 0.679391 0.454162 0.255601 0.555079 0.00322947
1 0.325874 0.390882 0.297501 0.454456 0.00176467
1 0.639045 0.324652 0.307771 0.364107 0.00169124
1 0.261137 0.8635 0.445381 0.270405 0.00137158
1 0.862202 0.551914 0.263182 0.754509 0.00133987
1 0.747204 0.871463 0.472354 0.172141 0.00116317
1 0.339822 0.924408 0.486138 0.105072 0.00104293
