1 0.558944 0.361019 0.750564 0.632454 0.0813633
1 0.355643 0.48684 0.339005 0.288719 0.0766121
1 0.36563 0.309149 0.368675 0.556318 0.0245065
1 0.725386 0.34893 0.35099 0.594847 0.0210734
1 0.727151 0.500468 0.31941 0.358148 0.0140745
1 0.570844 0.50353 0.652081 0.402472 0.0111572
1 0.807949 0.44621 0.294483 0.409658 0.00337004
1 0.562923 0.089317 0.650764 0.17189 0.00311418
1 0.2584 0.445887 0.323639 0.415825 0.00229109
1 0.330504 0.127028 0.441809 0.231039 0.00227035
1 0.705007 0.0637706 0.407223 0.124479 0.00226167
1 0.392241 0.569779 0.431669 0.416584 0.00211682
1 0.68135 0.123452 0.327249 0.184944 0.00138475
1 0.407682 0.0644349 0.36331 0.127791 0.00118265
