1 0.529792 0.515627 0.882821 0.861349 0.415897
1 0.74908 0.558186 0.417386 0.683804 0.0645835
1 0.322527 0.437092 0.407093 0.821 0.0541043
1 0.73698 0.629127 0.243792 0.410168 0.0277075
1 0.24363 0.549647 0.251714 0.574709 0.0177835
1 0.3209 0.647006 0.490999 0.609516 0.0153594
1 0.718237 0.753271 0.424152 0.404037 0.0132258
1 0.563798 0.709845 0.767054 0.506064 0.0119044
1 0.576544 0.506031 0.50091 0.720044 0.00999728
1 0.814708 0.749053 0.263635 0.327531 0.00919253
1 0.517015 0.834751 0.886933 0.32915 0.00806898
1 0.184144 0.66509 0.368288 0.63478 0.00610596
1 0.758209 0.861254 0.445114 0.236564 0.00549711
1 0.317556 0.856908 0.573913 0.286184 0.00372746
1 0.446613 0.927056 0.675608 0.127835 0.00301152
1 0.283865 0.197099 0.455371 0.373716 0.00163992
1 0.209024 0.663171 0.224297 0.412609 0.00133579
1 0.226558 0.93727 0.400737 0.12546 0.00131938
1 0.129242 0.517775 0.248661 0.627151 0.00108954
