1 0.500983 0.405675 0.851127 0.734002 0.156418
1 0.35612 0.361735 0.457726 0.666655 0.0391962
1 0.505286 0.61483 0.679596 0.365947 0.0384949
1 0.289473 0.560057 0.282862 0.220334 0.0348909
1 0.612589 0.440591 0.427917 0.581833 0.0273498
1 0.283116 0.459256 0.305465 0.407462 0.0246229
1 0.628396 0.609831 0.376457 0.273042 0.0224583
1 0.702948 0.46433 0.281204 0.472851 0.0164153
1 0.278969 0.565038 0.382716 0.337653 0.00955649
1 0.738624 0.424809 0.460655 0.720823 0.00856426
1 0.244793 0.494869 0.487254 0.656168 0.00337752
1 0.729152 0.587546 0.294041 0.296603 0.00298346
1 0.79225 0.435871 0.29097 0.545901 0.00259311
1 0.322837 0.133459 0.550581 0.264574 0.00243945
1 0.214187 0.370838 0.318237 0.545987 0.00217285
1 0.5308 0.155607 0.480221 0.289626 0.00174545
1 0.571764 0.288229 0.553362 0.558382 0.00166984
1 0.658711 0.205581 0.333945 0.215238 0.00128414
1 0.516733 0.634848 0.858901 0.608296 0.00104823
