1 0.54166 0.503984 0.826673 0.643691 0.409418
1 0.346278 0.487093 0.320993 0.461609 0.173964
1 0.758428 0.494981 0.353555 0.549308 0.0927139
1 0.777311 0.387582 0.245839 0.313206 0.00764536
1 0.274823 0.563388 0.317964 0.396029 0.0034238
1 0.356536 0.552799 0.521843 0.548115 0.00202406
1 0.824023 0.576944 0.264789 0.389974 0.00187396
1 0.873387 0.741778 0.186589 0.33992 0.0017905
1 0.644853 0.414301 0.506479 0.437678 0.00162485
1 0.866218 0.574718 0.233181 0.668159 0.00149033
1 0.775997 0.733879 0.395388 0.379521 0.00126078
1 0.885956 0.828219 0.165572 0.195365 0.00125352
1 0.830703 0.819469 0.303899 0.221884 0.00103844
