1 0.624304 0.473783 0.58384 0.79191 0.107981
1 0.414227 0.41399 0.727702 0.822758 0.0377674
1 0.754839 0.621599 0.345419 0.725529 0.0360993
1 0.695689 0.460965 0.367213 0.613525 0.0304384
1 0.40871 0.447948 0.379838 0.663034 0.0157562
1 0.580321 0.694495 0.682174 0.610097 0.0141673
1 0.306439 0.631169 0.263088 0.256231 0.0131031
1 0.239519 0.461777 0.271444 0.608996 0.0106153
1 0.324708 0.649535 0.38682 0.355478 0.00808148
1 0.337081 0.552023 0.292685 0.437612 0.00554715
1 0.798794 0.386361 0.334517 0.706721 0.00489452
1 0.226936 0.411735 0.417227 0.805144 0.00423226
1 0.821499 0.781672 0.249639 0.427071 0.00376897
1 0.243648 0.172122 0.487297 0.336335 0.00348764
1 0.640154 0.82659 0.603828 0.344066 0.00282021
1 0.207777 0.630187 0.190066 0.280856 0.00279009
1 0.847024 0.889647 0.210803 0.209938 0.00252953
1 0.219115 0.0975535 0.424447 0.182791 0.00238563
1 0.730333 0.935498 0.398477 0.125008 0.00182423
1 0.749376 0.86871 0.375866 0.259026 0.00178538
1 0.755787 0.0708988 0.447724 0.140456 0.00175501
1 0.431566 0.731069 0.698086 0.445808 0.00165743
1 0.759908 0.169502 0.464276 0.332729 0.0015535
1 0.587445 0.916891 0.674914 0.166218 0.00142385
1 0.446935 0.133217 0.82007 0.259322 0.00121396
1 0.317782 0.8251 0.52222 0.3498 0.00113881
1 0.145135 0.497331 0.259235 0.633606 0.00107626
