1 0.366903 0.714235 0.409175 0.3699 0.101151
1 0.334858 0.697664 0.276498 0.226011 0.029165
1 0.558194 0.695767 0.619446 0.397271 0.0199678
1 0.586892 0.434651 0.460317 0.835069 0.0101211
1 0.439085 0.472891 0.480578 0.731368 0.00894358
1 0.325591 0.604564 0.300389 0.448406 0.00613422
1 0.483452 0.161155 0.493819 0.298088 0.00592444
1 0.700069 0.669583 0.36134 0.342978 0.00384861
1 0.370667 0.827678 0.442371 0.332406 0.00330972
1 0.570235 0.837582 0.631622 0.28226 0.00327072
1 0.287264 0.807195 0.272863 0.268143 0.00293141
1 0.717698 0.489475 0.467317 0.697197 0.0027058
1 0.394458 0.104939 0.505082 0.193996 0.00263965
1 0.608762 0.160375 0.279209 0.291499 0.0024801
1 0.326649 0.568303 0.458848 0.627708 0.00235038
1 0.262369 0.725106 0.290085 0.32767 0.00171456
1 0.816777 0.876446 0.356438 0.216536 0.00154964
1 0.815752 0.658201 0.165687 0.285126 0.00117756
1 0.853056 0.933614 0.27184 0.0946332 0.00114596
1 0.317145 0.400996 0.345923 0.739818 0.00113665
1 0.569632 0.919965 0.566381 0.151618 0.00110513
