1 0.465577 0.385869 0.877022 0.767801 0.0114136
1 0.627555 0.358818 0.42535 0.677343 0.00305825
1 0.363088 0.311493 0.517533 0.610679 0.00238856
1 0.58927 0.227388 0.814908 0.454561 0.0022357
1 0.653533 0.106695 0.675408 0.207322 0.0021061
1 0.377609 0.169262 0.755217 0.336107 0.00195121
1 0.81889 0.909032 0.308471 0.178224 0.00177796
1 0.743368 0.597041 0.253042 0.328875 0.00153444
1 0.390716 0.673022 0.781432 0.653955 0.00144544
1 0.811485 0.704291 0.340168 0.584289 0.00141637
1 0.729386 0.859742 0.475597 0.273765 0.0012727
1 0.762729 0.945963 0.379386 0.108074 0.00122776
1 0.552186 0.594608 0.764618 0.748558 0.00115665
1 0.365313 0.0861035 0.730625 0.172207 0.00104354
