1 0.510502 0.123456 0.565097 0.245884 0.0131675
1 0.58364 0.408698 0.510244 0.817395 0.011055
1 0.337219 0.413093 0.501717 0.762828 0.00933221
1 0.643589 0.114692 0.323356 0.217014 0.00700742
1 0.391517 0.612182 0.529527 0.461351 0.00465686
1 0.517841 0.457007 0.921132 0.906253 0.00442598
1 0.597611 0.653632 0.388128 0.413356 0.00406628
1 0.343156 0.104061 0.368086 0.197227 0.00250964
1 0.695617 0.776163 0.394125 0.244213 0.0023844
1 0.286184 0.481164 0.307473 0.557816 0.0021951
1 0.33844 0.585773 0.347233 0.347067 0.00204162
1 0.73941 0.40195 0.405529 0.797798 0.00202177
1 0.462488 0.219265 0.604542 0.437484 0.00199317
1 0.453956 0.0741122 0.54191 0.145763 0.00198255
1 0.18804 0.424045 0.288452 0.776632 0.00173052
1 0.243078 0.576524 0.202477 0.38659 0.00154609
1 0.647824 0.830833 0.384195 0.191394 0.00123887
1 0.71325 0.0751027 0.491547 0.144958 0.00106633
1 0.834306 0.453752 0.271919 0.711754 0.0010202
