1 0.511001 0.423967 0.57719 0.791182 0.265915
1 0.501542 0.646088 0.591738 0.405703 0.156767
1 0.349852 0.624208 0.260179 0.286114 0.0249025
1 0.620331 0.637411 0.343099 0.323867 0.0134074
1 0.337068 0.409908 0.461633 0.797724 0.0112458
1 0.656839 0.398683 0.291255 0.747815 0.00808832
1 0.588142 0.131401 0.254126 0.211322 0.00545008
1 0.296929 0.609552 0.24043 0.402191 0.00478992
1 0.716704 0.526298 0.214376 0.517022 0.00467632
1 0.487757 0.140399 0.425149 0.247968 0.00412443
1 0.32087 0.63215 0.423977 0.525683 0.00286744
1 0.570724 0.229583 0.351404 0.416272 0.00258669
1 0.360572 0.138281 0.291973 0.219931 0.0020548
1 0.658936 0.100982 0.30568 0.189226 0.00169893
1 0.373457 0.778909 0.368598 0.382277 0.00140333
1 0.391796 0.246483 0.361164 0.42769 0.00130603
1 0.785991 0.474557 0.316317 0.646609 0.00123251
