1 0.681372 0.678716 0.470788 0.333482 0.00996302
1 0.251909 0.661081 0.243018 0.180366 0.00993572
1 0.300234 0.480943 0.440418 0.5586 0.00978364
1 0.318896 0.669363 0.483202 0.33456 0.00731197
1 0.694751 0.501414 0.417688 0.539804 0.0064424
1 0.73611 0.646651 0.316669 0.22744 0.00572088
1 0.548912 0.483609 0.856104 0.793681 0.00471827
1 0.240393 0.552537 0.263858 0.393303 0.00454371
1 0.439365 0.580801 0.664581 0.527094 0.00283587
1 0.797232 0.695985 0.285517 0.225856 0.0026652
1 0.795865 0.554672 0.218745 0.333608 0.00184557
1 0.193591 0.415496 0.285401 0.571844 0.00165816
1 0.673821 0.807801 0.547945 0.356476 0.0016429
