1 0.447769 0.464222 0.839742 0.842721 0.191394
1 0.269729 0.469171 0.379489 0.624634 0.0868016
1 0.530944 0.443341 0.591634 0.593405 0.0249449
1 0.430903 0.682619 0.772599 0.523193 0.0212984
1 0.275279 0.678951 0.399845 0.420937 0.00755273
1 0.654435 0.489494 0.359576 0.416057 0.00459389
1 0.646359 0.621389 0.432055 0.407697 0.00402314
1 0.23077 0.304914 0.417268 0.544914 0.00333612
1 0.685294 0.362175 0.447041 0.618137 0.0032218
1 0.681413 0.0769649 0.595878 0.151551 0.00249561
1 0.15703 0.552705 0.265924 0.690228 0.00164326
1 0.573994 0.308595 0.823548 0.615918 0.00150886
1 0.651082 0.143872 0.66952 0.282587 0.0012689
1 0.158327 0.703594 0.245216 0.365808 0.00123469
1 0.800754 0.105709 0.396049 0.191035 0.00104422
