1 0.254108 0.613117 0.451317 0.702939 0.0858665
1 0.577404 0.561618 0.793694 0.801461 0.0180507
1 0.866016 0.606321 0.246164 0.739002 0.0102394
1 0.246171 0.830287 0.394094 0.235913 0.00760372
1 0.897378 0.703654 0.187757 0.472867 0.0048261
1 0.730318 0.817562 0.523334 0.290104 0.00390087
1 0.218619 0.908277 0.377249 0.108818 0.00361308
1 0.893304 0.901831 0.169057 0.120346 0.00231721
1 0.731128 0.894555 0.493896 0.148589 0.0020923
1 0.859929 0.850365 0.26685 0.211145 0.00180305
1 0.20536 0.733923 0.327876 0.411003 0.00173105
1 0.735546 0.649916 0.508019 0.630601 0.0015657
1 0.161704 0.86284 0.272293 0.169762 0.00146337
1 0.323405 0.758295 0.339431 0.364776 0.00144908
1 0.351255 0.899521 0.30609 0.110701 0.00125583
1 0.546743 0.829066 0.562422 0.263746 0.00116084
1 0.475105 0.901238 0.405601 0.111874 0.00111247
1 0.920707 0.814844 0.151611 0.258024 0.0010409
