1 0.483737 0.414539 0.822394 0.817705 0.179872
1 0.245047 0.263265 0.28968 0.406746 0.0874331
1 0.603681 0.344791 0.43731 0.689583 0.0823211
1 0.240842 0.37651 0.437622 0.753019 0.0763271
1 0.388978 0.344074 0.448175 0.629372 0.0219487
1 0.772136 0.380883 0.35355 0.749811 0.00961403
1 0.530101 0.553934 0.568044 0.47142 0.00692412
1 0.691292 0.411074 0.270147 0.541859 0.00524678
1 0.645849 0.512217 0.299832 0.342309 0.00407242
1 0.708263 0.578116 0.359017 0.722099 0.00315417
1 0.610599 0.134293 0.25978 0.211693 0.00290163
1 0.435897 0.201584 0.669683 0.392087 0.00246493
1 0.877098 0.389882 0.199353 0.746039 0.00218143
1 0.253705 0.151871 0.329015 0.29239 0.00183875
1 0.629819 0.0648836 0.263776 0.12192 0.001751
1 0.641297 0.183024 0.32653 0.349711 0.00175054
1 0.292289 0.0924626 0.352849 0.173228 0.00113162
