1 0.533968 0.430884 0.853827 0.841043 0.102833
1 0.345364 0.554534 0.384618 0.386054 0.0249203
1 0.551977 0.548452 0.544838 0.583062 0.0163791
1 0.309035 0.414268 0.50875 0.67511 0.0123541
1 0.48744 0.562842 0.381659 0.41455 0.00981154
1 0.302465 0.107603 0.427901 0.208763 0.00575923
1 0.758121 0.49885 0.214287 0.579583 0.0056692
1 0.621759 0.664317 0.455322 0.336422 0.00461086
1 0.768754 0.418671 0.392985 0.807755 0.00437151
1 0.767133 0.643543 0.158996 0.258267 0.00383219
1 0.675387 0.485534 0.33122 0.632156 0.00370546
1 0.457307 0.148063 0.613436 0.292241 0.00293629
1 0.182221 0.521167 0.230172 0.457431 0.00265846
1 0.308828 0.663792 0.474253 0.425313 0.00257035
1 0.176297 0.377829 0.306726 0.681133 0.00139029
1 0.565987 0.392077 0.397739 0.76805 0.00106393
1 0.751867 0.65111 0.301397 0.334344 0.00101292
