1 0.579353 0.446056 0.793363 0.819032 0.431682
1 0.423281 0.50008 0.401198 0.656527 0.129074
1 0.730507 0.40659 0.41925 0.727471 0.0677605
1 0.399207 0.658551 0.41474 0.42052 0.0492488
1 0.629117 0.6106 0.64801 0.458439 0.0250435
1 0.376826 0.630207 0.292306 0.295933 0.0143677
1 0.33819 0.469607 0.240575 0.557638 0.0128122
1 0.74844 0.597737 0.379927 0.369163 0.00687504
1 0.391426 0.790441 0.510112 0.395716 0.004725
1 0.302352 0.405458 0.437109 0.722599 0.00335241
1 0.826372 0.470905 0.304924 0.599123 0.00312682
1 0.415397 0.244761 0.370206 0.435453 0.0024038
1 0.811559 0.109171 0.366274 0.196131 0.00232217
1 0.539651 0.169958 0.552057 0.317339 0.00163601
1 0.79528 0.196639 0.399028 0.358228 0.00155674
1 0.354601 0.20297 0.420325 0.269588 0.00117335
1 0.431664 0.123312 0.331776 0.211043 0.00116063
