1 0.404688 0.496529 0.6095 0.58977 0.103245
1 0.252417 0.49807 0.247137 0.48488 0.0430036
1 0.249298 0.437925 0.378394 0.634522 0.0197317
1 0.247408 0.598222 0.212683 0.263499 0.0191862
1 0.404373 0.668224 0.664753 0.379131 0.0177445
1 0.288718 0.410307 0.577436 0.802393 0.011698
1 0.579295 0.648537 0.283002 0.229036 0.0062486
1 0.254737 0.189825 0.401031 0.345888 0.0038863
1 0.227049 0.0927065 0.425022 0.165459 0.0024795
1 0.582494 0.229768 0.21168 0.135042 0.0017184
1 0.197758 0.600182 0.300406 0.390461 0.00158426
1 0.664344 0.741642 0.400121 0.511188 0.00154698
1 0.73298 0.91829 0.303384 0.155586 0.00123274
1 0.55232 0.716458 0.400171 0.330776 0.001219
1 0.512156 0.588337 0.407098 0.335377 0.00119417
1 0.246606 0.680569 0.333031 0.359496 0.00110776
1 0.481404 0.778754 0.607129 0.411115 0.00108809
1 0.614498 0.21017 0.307808 0.210452 0.00104425
1 0.96024 0.574291 0.0795206 0.332568 0.00101248
