1 0.608104 0.472463 0.766809 0.934845 0.0213955
1 0.466123 0.359709 0.414975 0.712104 0.0174026
1 0.801866 0.683682 0.31484 0.565797 0.0100052
1 0.680428 0.694787 0.606532 0.590191 0.00485917
1 0.750483 0.872915 0.326607 0.247902 0.00284246
1 0.8719 0.480449 0.245173 0.944908 0.00281867
1 0.302776 0.495825 0.600553 0.982322 0.00202901
1 0.262687 0.304129 0.47291 0.583978 0.00173124
1 0.670997 0.0707126 0.452637 0.137486 0.00131762
1 0.36522 0.557172 0.256891 0.425496 0.00129546
1 0.103909 0.280795 0.198055 0.513216 0.00128843
1 0.877646 0.669673 0.146825 0.638453 0.00127085
1 0.644641 0.396579 0.447639 0.780666 0.00116836
1 0.756173 0.94003 0.301969 0.117448 0.00106722
