1 0.655162 0.518206 0.616567 0.697532 0.0228263
1 0.833129 0.495965 0.263042 0.574684 0.0168045
1 0.729424 0.658454 0.454355 0.521669 0.0102191
1 0.3341 0.488823 0.38116 0.643722 0.00896056
1 0.79506 0.612336 0.272748 0.35508 0.00482947
1 0.871149 0.810657 0.238168 0.352781 0.00259104
1 0.747691 0.844335 0.490762 0.306601 0.0015325
1 0.48908 0.602036 0.583468 0.724269 0.00152052
1 0.631339 0.775538 0.658699 0.443753 0.00145517
1 0.725018 0.0575566 0.528954 0.115113 0.00143537
1 0.780291 0.380051 0.373127 0.563956 0.0013528
