1 0.443626 0.451456 0.723913 0.873151 0.0426576
1 0.284478 0.657124 0.391365 0.313635 0.0228412
1 0.58495 0.718434 0.588399 0.467095 0.0161016
1 0.21377 0.578657 0.273256 0.432826 0.0113084
1 0.279369 0.431786 0.436598 0.69073 0.0110488
1 0.418336 0.651229 0.576479 0.407929 0.0108714
1 0.342808 0.132631 0.306384 0.24901 0.0106821
1 0.617788 0.456851 0.50517 0.750534 0.00672945
1 0.400943 0.188292 0.376471 0.354665 0.00587696
1 0.187094 0.680685 0.209595 0.221636 0.0052349
1 0.812842 0.683845 0.164706 0.225775 0.00420383
1 0.459311 0.392172 0.391408 0.768444 0.00393721
1 0.83918 0.579969 0.264627 0.59825 0.00348998
1 0.146217 0.52918 0.245628 0.565154 0.00341764
1 0.548297 0.154905 0.410889 0.299359 0.00338562
1 0.623963 0.187663 0.2191 0.249764 0.00318795
1 0.459565 0.653198 0.308961 0.319466 0.00299237
1 0.418274 0.197673 0.230029 0.276339 0.00299149
1 0.69642 0.867158 0.534456 0.258529 0.00252666
1 0.750836 0.527258 0.384995 0.696074 0.00226995
1 0.311949 0.259914 0.452145 0.491608 0.00223531
1 0.288933 0.772259 0.495167 0.361547 0.00218441
1 0.684296 0.142085 0.420336 0.274456 0.00217371
1 0.709244 0.705515 0.374188 0.329131 0.00169316
1 0.259333 0.0879771 0.455089 0.173274 0.00160185
1 0.647348 0.122432 0.268763 0.206794 0.00155927
1 0.1708 0.691364 0.276311 0.341077 0.00153893
1 0.787197 0.93392 0.368191 0.0922496 0.00124379
1 0.805403 0.708237 0.295489 0.416025 0.00113196
1 0.116625 0.723395 0.157559 0.272834 0.00103979
