1 0.420161 0.460139 0.65808 0.855737 0.226426
1 0.264673 0.641334 0.263211 0.325222 0.157256
1 0.310937 0.472912 0.378099 0.738147 0.132276
1 0.247378 0.611916 0.371788 0.546588 0.0501375
1 0.575855 0.451429 0.505114 0.706449 0.0404994
1 0.426197 0.6762 0.645901 0.453768 0.0326869
1 0.208264 0.413052 0.324226 0.745742 0.0182954
1 0.240477 0.0587534 0.47438 0.115118 0.00945671
1 0.687294 0.594061 0.218096 0.255965 0.00744232
1 0.29206 0.101246 0.412822 0.194062 0.00503195
1 0.709664 0.464071 0.255176 0.558133 0.00476856
1 0.668351 0.661468 0.287108 0.328801 0.00426375
1 0.661905 0.813805 0.27433 0.357497 0.00361163
1 0.320653 0.808192 0.487345 0.371994 0.00345593
1 0.572966 0.723943 0.440449 0.358024 0.00266597
1 0.613107 0.948763 0.222816 0.100022 0.00262469
1 0.501522 0.851026 0.769647 0.293693 0.00259629
1 0.589426 0.871124 0.35226 0.209751 0.00253055
1 0.651131 0.917339 0.263409 0.158213 0.00246769
1 0.668053 0.189762 0.193279 0.204727 0.00219871
1 0.300166 0.280233 0.275279 0.273986 0.0018148
1 0.773832 0.556991 0.390474 0.599749 0.00164386
1 0.602944 0.300525 0.326822 0.534983 0.00147975
1 0.140529 0.0811532 0.280749 0.1476 0.00135346
1 0.224812 0.849229 0.332158 0.284781 0.00132171
1 0.703526 0.947592 0.263572 0.102797 0.00128937
1 0.174888 0.681376 0.25618 0.382147 0.00121663
1 0.476173 0.91526 0.512329 0.160228 0.00112026
1 0.801993 0.938462 0.390512 0.109612 0.00110601
1 0.547564 0.137264 0.506068 0.254447 0.00110444
1 0.673865 0.115627 0.233379 0.186764 0.00107435
1 0.746656 0.89395 0.48985 0.212101 0.00106641
