1 0.758642 0.70212 0.419179 0.425142 0.104457
1 0.180057 0.624676 0.237933 0.383848 0.0949915
1 0.573236 0.489109 0.852476 0.852419 0.0790792
1 0.579783 0.719709 0.807418 0.455493 0.0503264
1 0.755832 0.491091 0.456385 0.765455 0.0398028
1 0.246893 0.498038 0.407483 0.685289 0.038334
1 0.263298 0.682566 0.387909 0.375235 0.028875
1 0.808196 0.68906 0.272038 0.305071 0.02657
1 0.35012 0.647261 0.635137 0.497137 0.0245516
1 0.846117 0.632754 0.268088 0.529827 0.0162777
1 0.152032 0.72845 0.251369 0.422759 0.0145632
1 0.371895 0.448541 0.47263 0.852289 0.0134436
1 0.839588 0.794085 0.302832 0.349603 0.0080852
1 0.397979 0.794521 0.698562 0.384393 0.00705886
1 0.108563 0.61133 0.204695 0.53362 0.00432596
1 0.454387 0.723989 0.397179 0.378631 0.00351465
1 0.179565 0.621823 0.35913 0.617662 0.00327486
1 0.144687 0.452521 0.270927 0.67535 0.00318114
1 0.761298 0.906967 0.451254 0.135666 0.00310961
1 0.76267 0.356959 0.274093 0.363623 0.00206837
1 0.891485 0.823717 0.195571 0.25761 0.0014531
1 0.898702 0.502329 0.197055 0.686189 0.00138547
1 0.273525 0.331611 0.412091 0.437282 0.00138198
1 0.0681911 0.531221 0.126249 0.629465 0.00127424
1 0.362035 0.73531 0.262921 0.305483 0.00122783
1 0.462666 0.914066 0.685093 0.144137 0.00106738
1 0.695756 0.211494 0.22854 0.170537 0.00100082
