1 0.539157 0.465072 0.892417 0.919206 0.102784
1 0.386447 0.503798 0.327981 0.644439 0.0652635
1 0.577944 0.465655 0.501786 0.806993 0.0448587
1 0.283378 0.477884 0.431239 0.77946 0.0195134
1 0.578247 0.705209 0.491613 0.372665 0.0193682
1 0.389517 0.673763 0.258743 0.309911 0.0165699
1 0.758674 0.505389 0.224767 0.670559 0.0126486
1 0.256591 0.50624 0.244605 0.634143 0.0110246
1 0.32973 0.690971 0.416105 0.393747 0.00878561
1 0.213237 0.614304 0.217223 0.479871 0.00723271
1 0.77529 0.664581 0.167429 0.328434 0.00721551
1 0.772392 0.454437 0.444928 0.871831 0.00691805
1 0.261702 0.114417 0.418887 0.213901 0.00297054
1 0.211603 0.472956 0.423206 0.922056 0.002839
1 0.574036 0.112804 0.565107 0.215416 0.00276439
1 0.819111 0.593187 0.275416 0.623261 0.00252939
1 0.716759 0.104328 0.297238 0.189091 0.00238891
1 0.71052 0.688988 0.399553 0.465185 0.00212529
1 0.424366 0.642872 0.621263 0.552305 0.00168851
1 0.671196 0.177127 0.210921 0.268787 0.00156327
1 0.360827 0.17116 0.479502 0.322955 0.001536
1 0.162941 0.558635 0.258056 0.670211 0.00146145
1 0.752993 0.742575 0.233723 0.337968 0.00144102
1 0.773857 0.0705194 0.329537 0.13608 0.001085
1 0.536086 0.142399 0.927829 0.281855 0.00101648
