1 0.509683 0.352763 0.980633 0.654873 0.293133
1 0.735831 0.376148 0.46892 0.589709 0.068646
1 0.80132 0.414898 0.324486 0.4239 0.0313356
1 0.315129 0.348176 0.413964 0.545775 0.0239925
1 0.729959 0.596961 0.531237 0.76884 0.0123742
1 0.85905 0.590898 0.266345 0.778976 0.00845592
1 0.761229 0.825808 0.46565 0.348383 0.0065244
1 0.779385 0.933348 0.403895 0.101883 0.00215689
1 0.247203 0.395423 0.37865 0.370788 0.00203434
1 0.257105 0.0924649 0.490984 0.169352 0.00171771
1 0.417026 0.458688 0.568903 0.408949 0.00161352
1 0.450125 0.10624 0.89259 0.203124 0.00152128
1 0.367737 0.25502 0.627048 0.475599 0.00142235
1 0.267775 0.936401 0.460182 0.127199 0.0010151
