1 0.54565 0.452157 0.908699 0.840495 0.39317
1 0.770353 0.450768 0.401246 0.792138 0.141037
1 0.306683 0.36658 0.291713 0.449453 0.0525736
1 0.428736 0.390216 0.610104 0.601392 0.0362596
1 0.275067 0.410319 0.390404 0.673556 0.027199
1 0.851617 0.548889 0.253079 0.685834 0.00556011
1 0.780339 0.668214 0.366628 0.510938 0.00353269
1 0.839367 0.838485 0.311707 0.29089 0.00240603
1 0.282598 0.714081 0.411674 0.495183 0.00142453
1 0.866428 0.929678 0.239412 0.0971527 0.00108704
1 0.478809 0.0746264 0.861949 0.146258 0.00108476
