1 0.53975 0.447121 0.910523 0.813566 0.215477
1 0.26817 0.563395 0.285015 0.338917 0.122387
1 0.273338 0.414032 0.378498 0.665709 0.111258
1 0.805031 0.585187 0.255989 0.422571 0.109105
1 0.787542 0.655487 0.372075 0.614215 0.101317
1 0.656372 0.593673 0.605884 0.624827 0.0586258
1 0.471582 0.59758 0.759215 0.475849 0.0325463
1 0.189058 0.506729 0.305276 0.529124 0.0139596
1 0.748558 0.496837 0.299288 0.624513 0.00799635
1 0.850627 0.49176 0.247699 0.558009 0.00611431
1 0.274995 0.640145 0.462631 0.575446 0.00609295
1 0.769868 0.102996 0.429034 0.195135 0.00472911
1 0.688513 0.374991 0.468385 0.702626 0.0038189
1 0.763778 0.814849 0.45564 0.34608 0.00321173
1 0.778664 0.245187 0.409884 0.418888 0.00261468
1 0.314031 0.0778352 0.4864 0.155181 0.00216222
1 0.292603 0.215907 0.351524 0.297566 0.00183836
1 0.595966 0.110492 0.799557 0.219853 0.00173874
1 0.345588 0.139017 0.469229 0.24667 0.0014976
1 0.91379 0.424116 0.160406 0.649914 0.00132552
1 0.196219 0.687715 0.336637 0.36542 0.00123293
1 0.413073 0.240298 0.558227 0.433095 0.00113003
