1 0.504801 0.498427 0.836234 0.975123 0.066906
1 0.339083 0.82528 0.403353 0.331636 0.0509294
1 0.69114 0.454713 0.472166 0.873742 0.041969
1 0.300129 0.497074 0.510092 0.910259 0.0227294
1 0.644149 0.197479 0.281741 0.338205 0.0215101
1 0.242284 0.520769 0.274167 0.777424 0.00706755
1 0.438841 0.763774 0.511411 0.43471 0.00632457
1 0.503523 0.187754 0.594088 0.358184 0.00580105
1 0.330526 0.735639 0.309392 0.350983 0.00509221
1 0.26081 0.883531 0.418552 0.227107 0.00458234
1 0.805461 0.465646 0.323528 0.74006 0.00346115
1 0.25616 0.733442 0.391137 0.494339 0.00338978
1 0.461584 0.500144 0.491241 0.822693 0.00326336
1 0.677124 0.219013 0.538508 0.437551 0.00197934
1 0.741986 0.136818 0.472387 0.251778 0.00194883
1 0.471593 0.122195 0.943187 0.23949 0.0012226
