1 0.312475 0.567932 0.316166 0.241274 0.0137419
1 0.331526 0.420886 0.375595 0.537829 0.00975125
1 0.304915 0.694701 0.381636 0.458595 0.00287563
1 0.594795 0.455595 0.728865 0.571523 0.00260174
1 0.742104 0.874567 0.40003 0.232815 0.00231419
1 0.32183 0.833246 0.438692 0.328575 0.00213684
1 0.281876 0.561353 0.412551 0.439101 0.00192191
1 0.798492 0.928951 0.333221 0.137127 0.00166552
1 0.929871 0.346577 0.140259 0.324226 0.0016284
1 0.722623 0.953619 0.333875 0.0927615 0.00161852
1 0.323967 0.946251 0.410232 0.105036 0.00129792
1 0.442099 0.569545 0.312274 0.261735 0.00117425
