1 0.482018 0.450608 0.953237 0.886912 0.0520746
1 0.523126 0.40049 0.534767 0.793657 0.0173459
1 0.707322 0.411517 0.500365 0.806444 0.0105119
1 0.321592 0.106915 0.643185 0.209573 0.0103664
1 0.337601 0.432539 0.506289 0.713964 0.00770089
1 0.485769 0.142839 0.898197 0.285678 0.0070118
1 0.55886 0.62888 0.332919 0.396938 0.00598424
1 0.403524 0.66736 0.616132 0.481321 0.00402567
1 0.234985 0.485778 0.277444 0.590198 0.00298308
1 0.596476 0.101988 0.614798 0.196292 0.00253209
1 0.603578 0.670279 0.542555 0.523094 0.00226966
1 0.321231 0.580184 0.251625 0.342071 0.00199631
1 0.248404 0.189215 0.496809 0.359536 0.00192709
1 0.19292 0.434815 0.38584 0.856478 0.00122521
1 0.267473 0.610458 0.404333 0.527778 0.00114246
1 0.59198 0.157863 0.405049 0.283527 0.00105916
