1 0.505897 0.472855 0.881443 0.926816 0.336592
1 0.285189 0.752128 0.34399 0.363892 0.0537716
1 0.544355 0.501119 0.593274 0.650962 0.0373967
1 0.263122 0.478737 0.441326 0.870882 0.0195812
1 0.339284 0.734948 0.556997 0.497228 0.0100398
1 0.555476 0.802176 0.889047 0.391628 0.00599469
1 0.342495 0.531755 0.361127 0.624951 0.00554787
1 0.211767 0.861839 0.387915 0.276322 0.00477736
1 0.529315 0.707372 0.670329 0.362424 0.00329738
1 0.18419 0.766659 0.289625 0.401949 0.00308408
1 0.886927 0.840028 0.221896 0.30592 0.00267673
1 0.287028 0.923946 0.450955 0.124691 0.00258288
1 0.15409 0.841658 0.21467 0.247371 0.00248085
1 0.742233 0.836433 0.510333 0.325253 0.00222524
1 0.152034 0.568685 0.28779 0.777005 0.0017544
1 0.40469 0.0889862 0.782539 0.176964 0.00161398
1 0.58013 0.138195 0.518602 0.260416 0.00132467
1 0.17271 0.937637 0.30444 0.12118 0.00123067
1 0.609351 0.285499 0.501096 0.544889 0.00106891
1 0.612412 0.915456 0.767873 0.1686 0.00104275
