1 0.62251 0.427381 0.75498 0.821811 0.197858
1 0.740271 0.295495 0.519458 0.565745 0.0179976
1 0.823144 0.453295 0.348514 0.899842 0.00778052
1 0.58271 0.68484 0.823699 0.591015 0.00347953
1 0.719741 0.147871 0.560518 0.275318 0.00281981
1 0.895174 0.545584 0.205631 0.858689 0.00162547
1 0.536501 0.222893 0.745525 0.384319 0.0014274
1 0.809386 0.704972 0.380308 0.590056 0.00138052
1 0.47272 0.604471 0.404325 0.318444 0.00119436
1 0.787302 0.059671 0.406858 0.119342 0.00117065
1 0.44875 0.589025 0.302453 0.211477 0.00115668
1 0.693698 0.791378 0.611073 0.413723 0.00106052
1 0.428425 0.479918 0.340242 0.499783 0.00101491
