1 0.303607 0.544733 0.48546 0.595351 0.0381358
1 0.621737 0.592495 0.513149 0.670621 0.0204792
1 0.220894 0.684487 0.292772 0.224863 0.0140486
1 0.23697 0.511837 0.274575 0.505951 0.011673
1 0.186056 0.600225 0.234404 0.354503 0.0116629
1 0.449176 0.83036 0.866062 0.339279 0.0103369
1 0.649472 0.826695 0.449742 0.315331 0.00700855
1 0.766646 0.557287 0.205389 0.51731 0.00522342
1 0.250777 0.810363 0.419287 0.348735 0.00506518
1 0.778811 0.70311 0.197552 0.311294 0.00440507
1 0.437361 0.911691 0.827988 0.176618 0.00385566
1 0.7689 0.82389 0.266697 0.334661 0.00358374
1 0.412242 0.681265 0.782508 0.574669 0.0033315
1 0.694659 0.754611 0.330245 0.272099 0.00301937
1 0.702382 0.103364 0.57172 0.202795 0.00289183
1 0.635056 0.919299 0.501925 0.159519 0.00273369
1 0.66923 0.527858 0.312643 0.572273 0.00195907
1 0.806052 0.700693 0.302369 0.593359 0.00157232
1 0.761505 0.93409 0.305367 0.13009 0.00109829
1 0.186238 0.692245 0.3577 0.502064 0.00100771
