1 0.590991 0.455555 0.787988 0.746021 0.242398
1 0.336686 0.473574 0.263052 0.611182 0.0524093
1 0.445725 0.432431 0.412513 0.711622 0.0469636
1 0.793242 0.467237 0.398923 0.611481 0.0375026
1 0.908093 0.485793 0.182148 0.587363 0.00799009
1 0.340587 0.590543 0.189928 0.323124 0.00513778
1 0.690819 0.411308 0.317495 0.687433 0.00311249
1 0.723872 0.543058 0.266209 0.436598 0.001823
1 0.808684 0.875163 0.356065 0.219559 0.00174339
1 0.882251 0.773134 0.197353 0.391568 0.00168733
1 0.398734 0.645482 0.327425 0.316476 0.00139661
1 0.788802 0.733478 0.338241 0.344371 0.00132827
1 0.82409 0.927103 0.304413 0.0981276 0.00106991
