1 0.540491 0.519095 0.911883 0.752048 0.0445287
1 0.176699 0.518702 0.315405 0.597199 0.0399402
1 0.17158 0.682525 0.291362 0.319433 0.0204048
1 0.762661 0.670764 0.361333 0.347672 0.018655
1 0.777746 0.470592 0.363783 0.584307 0.0153599
1 0.609963 0.728458 0.69279 0.445576 0.0119883
1 0.336246 0.526456 0.306232 0.647165 0.00793036
1 0.833863 0.61369 0.260166 0.415968 0.00721097
1 0.833997 0.799222 0.301221 0.363834 0.00696404
1 0.22791 0.671016 0.451296 0.455162 0.00641893
1 0.106112 0.609004 0.201859 0.494724 0.00438092
1 0.55679 0.0744222 0.820402 0.148183 0.00220293
1 0.304789 0.0693475 0.568609 0.135873 0.00211466
1 0.0831325 0.729639 0.151583 0.293968 0.00209872
1 0.348485 0.68334 0.237812 0.345914 0.00195755
1 0.868471 0.449394 0.221552 0.461496 0.00181767
1 0.43182 0.710005 0.404629 0.415931 0.00159802
1 0.25323 0.843909 0.484251 0.30153 0.00153454
1 0.729609 0.101005 0.522857 0.187003 0.0014058
1 0.117709 0.713959 0.235417 0.412685 0.00111271
1 0.859369 0.913836 0.244552 0.161792 0.00111232
