1 0.49917 0.457503 0.850636 0.826337 0.424434
1 0.309272 0.467048 0.459653 0.716498 0.181829
1 0.7348 0.73803 0.468283 0.519217 0.0822954
1 0.287198 0.473782 0.320076 0.509178 0.0578289
1 0.648629 0.58803 0.590103 0.715091 0.0474209
1 0.704172 0.644297 0.323466 0.362972 0.0322225
1 0.30134 0.614023 0.33167 0.29926 0.0263956
1 0.450299 0.70274 0.699591 0.50073 0.0191745
1 0.675504 0.499513 0.349987 0.583886 0.0135462
1 0.767597 0.85678 0.422021 0.282692 0.00587335
1 0.261178 0.708845 0.437941 0.502932 0.00500228
1 0.773509 0.529615 0.28438 0.504087 0.00409007
1 0.553239 0.873521 0.808312 0.250918 0.00205467
1 0.64482 0.92028 0.633008 0.159439 0.00163954
1 0.188019 0.617939 0.301924 0.524936 0.00158193
1 0.64457 0.320879 0.268481 0.263141 0.00144062
1 0.351478 0.80325 0.610099 0.383822 0.00116182
1 0.551517 0.471648 0.41654 0.654275 0.0011149
