1 0.414555 0.432345 0.633809 0.86017 0.120258
1 0.713092 0.409594 0.550039 0.809335 0.0344824
1 0.860846 0.407835 0.278309 0.73064 0.0299153
1 0.269444 0.379702 0.392495 0.748794 0.0225022
1 0.443036 0.105625 0.520053 0.210807 0.0189475
1 0.334703 0.581842 0.453217 0.50048 0.018299
1 0.206562 0.522943 0.238995 0.568164 0.015856
1 0.364855 0.0838356 0.311834 0.167449 0.0117541
1 0.32024 0.200975 0.42413 0.398111 0.00935999
1 0.5271 0.0687063 0.455051 0.137089 0.00929795
1 0.580346 0.669922 0.603417 0.569793 0.00721118
1 0.637776 0.0949209 0.339366 0.189351 0.00710969
1 0.73843 0.694822 0.432956 0.48077 0.00501998
1 0.175708 0.356653 0.276149 0.602268 0.00440138
1 0.382035 0.697838 0.441892 0.295563 0.00396533
1 0.547654 0.319513 0.593583 0.639026 0.00361314
1 0.770522 0.883686 0.434755 0.216847 0.00361016
1 0.851233 0.637871 0.2223 0.366211 0.00346426
1 0.363645 0.817553 0.523882 0.349692 0.0032322
1 0.885848 0.769393 0.184118 0.379588 0.00309428
1 0.498396 0.697488 0.406903 0.415818 0.00281413
1 0.875591 0.892778 0.226382 0.188706 0.0022743
1 0.608196 0.131888 0.527546 0.261106 0.0022081
1 0.872019 0.52839 0.188833 0.452734 0.00196378
1 0.763599 0.247007 0.451224 0.474333 0.00191814
1 0.822212 0.932877 0.307694 0.0900356 0.00129535
