1 0.578114 0.445485 0.843771 0.871377 0.489326
1 0.399042 0.462832 0.391951 0.729612 0.101702
1 0.810735 0.562475 0.365399 0.864939 0.0795694
1 0.339484 0.690934 0.25602 0.281619 0.0410671
1 0.375225 0.736906 0.364894 0.461055 0.0103496
1 0.596943 0.442603 0.507096 0.710195 0.00918065
1 0.897687 0.744699 0.204626 0.498347 0.00733887
1 0.841411 0.822133 0.314473 0.352445 0.00545692
1 0.736965 0.420172 0.312827 0.592765 0.00484225
1 0.374982 0.328776 0.27513 0.312617 0.00434706
1 0.288431 0.529439 0.273579 0.662414 0.00291633
1 0.683564 0.819247 0.632871 0.358886 0.00275474
1 0.779587 0.924387 0.432657 0.146377 0.00189465
1 0.575126 0.679473 0.785618 0.582627 0.00159487
