1 0.208313 0.602596 0.308718 0.291573 0.126109
1 0.214132 0.697413 0.38603 0.493373 0.0477969
1 0.211237 0.451917 0.343561 0.529025 0.0366139
1 0.404434 0.442268 0.74566 0.810121 0.0306845
1 0.424177 0.715134 0.71318 0.552705 0.0188423
1 0.668669 0.45912 0.338889 0.726465 0.0158589
1 0.266401 0.569657 0.414424 0.44433 0.00701948
1 0.691358 0.476231 0.201046 0.56406 0.00650089
1 0.233151 0.108246 0.449723 0.202142 0.00557821
1 0.697237 0.61852 0.161188 0.28364 0.00502344
1 0.226732 0.205896 0.444088 0.411792 0.00472969
1 0.463004 0.848026 0.713382 0.300143 0.004693
1 0.146022 0.577839 0.279035 0.405612 0.00424141
1 0.613931 0.712182 0.439912 0.507502 0.00420361
1 0.81934 0.497617 0.344129 0.627562 0.00366189
1 0.256294 0.831195 0.481706 0.332149 0.00318977
1 0.742408 0.854929 0.29439 0.28121 0.00306099
1 0.54508 0.465184 0.433401 0.666428 0.00290512
1 0.660917 0.815878 0.329475 0.331785 0.00262014
1 0.700397 0.686571 0.226322 0.269692 0.00245709
1 0.161879 0.0768187 0.323758 0.151658 0.00212541
1 0.769248 0.945302 0.250397 0.109252 0.00198244
1 0.499869 0.922028 0.66334 0.154785 0.00156359
1 0.645609 0.936599 0.4304 0.125289 0.00131118
1 0.8236 0.913118 0.233497 0.162809 0.00130979
1 0.623902 0.708165 0.334123 0.33389 0.00128936
1 0.742338 0.688019 0.385105 0.581855 0.00115015
1 0.90675 0.493077 0.182636 0.591644 0.00101745
