1 0.414819 0.357527 0.665958 0.715053 0.109959
1 0.272053 0.29415 0.314727 0.578017 0.0995074
1 0.378804 0.21329 0.472921 0.425733 0.0128076
1 0.635467 0.37945 0.549353 0.746311 0.0123179
1 0.277081 0.453508 0.330276 0.414982 0.00918657
1 0.652768 0.666883 0.236581 0.181576 0.00767897
1 0.524051 0.129385 0.37451 0.255141 0.00668798
1 0.17651 0.315664 0.300972 0.610271 0.00659617
1 0.25348 0.39399 0.506961 0.773539 0.00647534
1 0.309265 0.142452 0.307489 0.280414 0.00452858
1 0.920616 0.304577 0.158769 0.50504 0.00383083
1 0.500591 0.459956 0.998818 0.912152 0.0033262
1 0.45904 0.0734663 0.460731 0.146933 0.00313435
1 0.861977 0.38923 0.272241 0.72596 0.0031076
1 0.583479 0.0757606 0.233289 0.147461 0.00280456
1 0.59885 0.65 0.311959 0.249484 0.00222338
1 0.595951 0.184342 0.320311 0.361444 0.00213197
1 0.329084 0.0717976 0.272637 0.140927 0.00208111
1 0.643344 0.625473 0.17651 0.144004 0.00194401
1 0.634733 0.719705 0.333613 0.301645 0.00143783
1 0.149123 0.402167 0.205933 0.385299 0.0012716
1 0.210674 0.176643 0.314902 0.353286 0.00124149
