1 0.13336 0.691143 0.26672 0.607628 0.00736401
1 0.729884 0.825656 0.433455 0.344494 0.00569675
1 0.186189 0.807028 0.366862 0.385944 0.00232254
1 0.0686455 0.745588 0.125488 0.500998 0.00229929
1 0.794353 0.715828 0.380442 0.568345 0.00219765
1 0.674637 0.936914 0.398916 0.119995 0.00206241
1 0.620975 0.872209 0.517923 0.250805 0.00205874
1 0.133412 0.91824 0.248586 0.158386 0.00174772
1 0.100808 0.83742 0.195387 0.316179 0.00142443
1 0.792284 0.943223 0.283902 0.107438 0.00135745
1 0.880751 0.818855 0.200903 0.362289 0.00132857
