1 0.584679 0.508265 0.795179 0.974501 0.199074
1 0.75711 0.453872 0.352874 0.567691 0.0313291
1 0.724558 0.603159 0.475642 0.783056 0.00613777
1 0.40968 0.336851 0.332877 0.56154 0.00422162
1 0.423361 0.489437 0.455692 0.810351 0.00311699
1 0.839409 0.834255 0.309748 0.330628 0.00300207
1 0.845004 0.664603 0.292876 0.660645 0.00230768
1 0.826717 0.938925 0.315291 0.120946 0.00215011
1 0.842855 0.389945 0.308558 0.761482 0.00189589
1 0.282995 0.381956 0.370452 0.708936 0.00163796
1 0.68612 0.822163 0.616369 0.351227 0.00163187
1 0.890984 0.881019 0.211856 0.226691 0.00132616
1 0.708749 0.929771 0.537723 0.140459 0.00103881
