1 0.692172 0.474011 0.602704 0.907531 0.0351208
1 0.444441 0.463637 0.646424 0.864084 0.0273177
1 0.203006 0.556202 0.343006 0.81188 0.0256595
1 0.685739 0.691788 0.538493 0.528512 0.012906
1 0.246927 0.394512 0.246791 0.533549 0.0126957
1 0.574939 0.583714 0.41663 0.57585 0.01049
1 0.496757 0.112177 0.561111 0.22346 0.0079247
1 0.313865 0.560455 0.31982 0.596395 0.00601196
1 0.802213 0.598597 0.375813 0.719579 0.00493599
1 0.376642 0.371525 0.397149 0.725047 0.004093
1 0.314196 0.333077 0.24564 0.535942 0.00400735
1 0.853114 0.415394 0.187804 0.264457 0.00315958
1 0.631563 0.0816353 0.468079 0.162264 0.00279326
1 0.746307 0.866749 0.491198 0.258175 0.00232904
1 0.124964 0.412587 0.193559 0.595132 0.00227177
1 0.859877 0.353596 0.24227 0.4554 0.00210524
1 0.624557 0.194379 0.529634 0.386555 0.00201676
1 0.379713 0.0659454 0.656876 0.128213 0.0018867
1 0.380866 0.648719 0.588256 0.601096 0.00184316
1 0.738647 0.335417 0.395488 0.62007 0.00164682
1 0.817908 0.931054 0.331656 0.100514 0.0015884
1 0.900221 0.936367 0.17168 0.105223 0.00154463
1 0.889064 0.885112 0.205621 0.200616 0.00145165
1 0.900745 0.556813 0.189458 0.814523 0.00139468
1 0.891371 0.798145 0.189933 0.345633 0.00113567
1 0.516044 0.661892 0.342072 0.381051 0.00100289
