1 0.340386 0.357015 0.424267 0.636601 0.0520553
1 0.661654 0.364319 0.462947 0.705165 0.0520316
1 0.517394 0.408154 0.90668 0.805115 0.0386703
1 0.824837 0.437668 0.220958 0.49598 0.0129341
1 0.665219 0.545902 0.486792 0.425807 0.00875335
1 0.619646 0.10483 0.524172 0.206395 0.00792767
1 0.214936 0.376086 0.280183 0.574273 0.00742437
1 0.787892 0.423245 0.407364 0.711138 0.0046565
1 0.760831 0.516395 0.288433 0.35698 0.00450663
1 0.764471 0.0715525 0.440503 0.141371 0.00355803
1 0.707404 0.195938 0.456966 0.370023 0.00258128
1 0.467472 0.141156 0.671481 0.280745 0.00247167
1 0.755836 0.657948 0.383186 0.610695 0.00188409
1 0.884915 0.39376 0.225067 0.700762 0.00120314
1 0.231745 0.2826 0.446276 0.547996 0.00114223
1 0.293991 0.401543 0.587981 0.789722 0.00104089
