1 0.354069 0.442674 0.404812 0.689773 0.0426352
1 0.51232 0.427212 0.485262 0.769896 0.023184
1 0.257598 0.510239 0.232085 0.510173 0.0180327
1 0.297405 0.617409 0.221507 0.263288 0.0129001
1 0.194073 0.396331 0.334676 0.745279 0.00577733
1 0.334467 0.627614 0.348315 0.396093 0.00506209
1 0.234509 0.0594167 0.414899 0.117801 0.00432305
1 0.557147 0.456309 0.87549 0.911512 0.00392721
1 0.720719 0.500536 0.218901 0.58061 0.00310702
1 0.429951 0.666228 0.534504 0.510955 0.00258947
1 0.71951 0.0579356 0.468151 0.113967 0.00255434
1 0.713176 0.58835 0.151407 0.29859 0.00224404
1 0.224605 0.642981 0.319736 0.367003 0.00217027
1 0.747265 0.456633 0.438903 0.764763 0.00194408
1 0.58151 0.624393 0.421038 0.386079 0.00140555
1 0.728563 0.128688 0.521059 0.243165 0.00129446
1 0.586881 0.0857967 0.421803 0.162972 0.0012656
1 0.82334 0.0904208 0.344115 0.180842 0.00107499
1 0.300008 0.449693 0.600015 0.871542 0.00103883
