1 0.324963 0.381285 0.604434 0.659816 0.156107
1 0.533196 0.433503 0.569375 0.675648 0.0625139
1 0.251254 0.382868 0.321563 0.6041 0.0448741
1 0.245988 0.564634 0.278501 0.252738 0.00450752
1 0.689789 0.571463 0.557623 0.800959 0.0038811
1 0.245086 0.701185 0.435092 0.501865 0.00283206
1 0.221072 0.531895 0.357423 0.42383 0.00265688
1 0.296184 0.261878 0.346854 0.403753 0.00264468
1 0.873357 0.931117 0.231595 0.111746 0.00177788
1 0.274929 0.0709565 0.462405 0.136237 0.00155183
1 0.905089 0.637614 0.189822 0.695855 0.0014952
1 0.873806 0.836144 0.246907 0.315037 0.00129377
1 0.367683 0.102882 0.611619 0.197063 0.0010707
