1 0.576205 0.578265 0.734648 0.805953 0.0292585
1 0.652768 0.778934 0.532405 0.424434 0.0280533
1 0.360159 0.481278 0.46387 0.86785 0.0102384
1 0.259249 0.584962 0.296237 0.661536 0.0063538
1 0.45699 0.768622 0.680601 0.419303 0.00596226
1 0.317597 0.782754 0.390802 0.352272 0.00499207
1 0.373047 0.242 0.329699 0.465664 0.004038
1 0.770603 0.612957 0.440432 0.752726 0.00396641
1 0.301771 0.771102 0.258148 0.247473 0.0025683
1 0.69819 0.795934 0.38067 0.294831 0.00201677
1 0.250734 0.856151 0.409728 0.26207 0.00182735
1 0.650991 0.517925 0.397182 0.80707 0.00160441
1 0.301874 0.140818 0.321389 0.269814 0.0013702
1 0.435675 0.0971562 0.522282 0.192877 0.00134188
1 0.365463 0.0653584 0.322118 0.130717 0.00125967
