1 0.477913 0.461966 0.792073 0.919773 0.110604
1 0.518932 0.138294 0.558437 0.276589 0.0564329
1 0.643625 0.13406 0.293653 0.262812 0.0489338
1 0.406499 0.106886 0.356426 0.213601 0.0370166
1 0.282131 0.421468 0.511717 0.821055 0.0195991
1 0.64757 0.19391 0.549298 0.387819 0.0183268
1 0.729438 0.432142 0.483563 0.852995 0.0168672
1 0.531707 0.0777088 0.497289 0.152073 0.0153318
1 0.523918 0.676626 0.336193 0.41615 0.0130459
1 0.456758 0.400174 0.442914 0.800347 0.0126869
1 0.361632 0.236168 0.4612 0.459545 0.00848877
1 0.411712 0.646028 0.501483 0.488829 0.00830229
1 0.649771 0.730082 0.538306 0.439536 0.00778254
1 0.712081 0.0930403 0.466126 0.186081 0.00680535
1 0.375349 0.0705724 0.277329 0.13718 0.00496007
1 0.18366 0.534333 0.330595 0.7539 0.00453859
1 0.691274 0.846594 0.541158 0.297523 0.00381551
1 0.384556 0.628858 0.298692 0.32438 0.0034922
1 0.84658 0.497504 0.281707 0.910013 0.00296386
1 0.784584 0.725873 0.323838 0.416558 0.0026825
1 0.360606 0.492623 0.35498 0.567769 0.00258134
1 0.860365 0.677161 0.207181 0.498339 0.00181818
1 0.229718 0.362495 0.285279 0.677843 0.00159869
1 0.428543 0.774088 0.663483 0.398793 0.00149669
1 0.826453 0.247057 0.344033 0.477011 0.00128944
1 0.78848 0.935376 0.368576 0.097777 0.00125537
