1 0.49741 0.474094 0.887611 0.854347 0.275606
1 0.671005 0.476528 0.46838 0.80928 0.112252
1 0.303783 0.512333 0.420678 0.647723 0.0716723
1 0.398366 0.635354 0.679496 0.540802 0.0154153
1 0.180669 0.433041 0.324041 0.75896 0.0117398
1 0.784724 0.561119 0.215278 0.537572 0.0112004
1 0.756689 0.685854 0.239187 0.337201 0.0101633
1 0.684108 0.725117 0.440394 0.396108 0.0100839
1 0.773651 0.675712 0.142164 0.235724 0.00671772
1 0.289026 0.695322 0.376779 0.299169 0.00611657
1 0.82594 0.670465 0.240175 0.408846 0.00370941
1 0.763405 0.873137 0.412343 0.203487 0.0033195
1 0.235403 0.599311 0.322037 0.423807 0.00311473
1 0.615104 0.206438 0.258626 0.306319 0.00250579
1 0.832075 0.481177 0.304243 0.80237 0.00230819
1 0.307328 0.131942 0.582368 0.234375 0.00220086
1 0.14291 0.627549 0.232983 0.448475 0.0020014
1 0.642549 0.763793 0.390841 0.217862 0.0019569
1 0.702018 0.164447 0.381573 0.257717 0.00192423
1 0.344716 0.268862 0.60928 0.463845 0.00189683
1 0.512683 0.189581 0.454652 0.352973 0.00170103
1 0.500677 0.169093 0.827982 0.296083 0.00165507
1 0.203698 0.756771 0.332517 0.344283 0.00152252
1 0.736649 0.255336 0.489498 0.410961 0.00149566
1 0.326883 0.780303 0.593505 0.406326 0.00128764
1 0.6926 0.926719 0.454396 0.0939915 0.00128251
1 0.156953 0.870121 0.276848 0.193771 0.0012127
1 0.577299 0.795492 0.645093 0.360678 0.00100466
