1 0.258464 0.619242 0.429102 0.503326 0.089432
1 0.276746 0.643762 0.310068 0.334198 0.088739
1 0.341012 0.444873 0.608256 0.865369 0.0719495
1 0.444537 0.655375 0.719882 0.459996 0.0393946
1 0.224313 0.73737 0.365912 0.36561 0.0165773
1 0.8022 0.672076 0.23434 0.24086 0.0158072
1 0.576037 0.44341 0.708303 0.741125 0.0126206
1 0.689557 0.672661 0.413241 0.264743 0.0100115
1 0.76621 0.449434 0.376032 0.713547 0.00816791
1 0.565671 0.74896 0.73378 0.457197 0.00811151
1 0.303106 0.104203 0.456055 0.202284 0.00785028
1 0.768172 0.772764 0.356464 0.408843 0.00706407
1 0.281656 0.437467 0.363707 0.7079 0.00500601
1 0.864832 0.659985 0.150924 0.24337 0.00304097
1 0.287328 0.205664 0.50895 0.391064 0.00267599
1 0.52436 0.105638 0.839153 0.206616 0.00258511
1 0.887494 0.804169 0.163915 0.309901 0.00231935
1 0.166024 0.665519 0.258617 0.320645 0.00227768
1 0.164191 0.856203 0.28191 0.25788 0.00180458
1 0.718383 0.12818 0.311406 0.198941 0.00176155
1 0.873804 0.556514 0.171696 0.611625 0.00158422
1 0.891416 0.894814 0.189918 0.198745 0.00132183
1 0.301687 0.751336 0.541039 0.497329 0.00123087
1 0.797355 0.88418 0.377422 0.23164 0.00113166
1 0.851347 0.617227 0.228609 0.366523 0.00104917
