1 0.504521 0.153152 0.567387 0.306305 0.0688344
1 0.55605 0.445532 0.84204 0.87862 0.0606734
1 0.640982 0.147302 0.294592 0.289528 0.0349733
1 0.414039 0.138059 0.305082 0.261318 0.0243105
1 0.330062 0.41 0.485405 0.800051 0.0221285
1 0.514202 0.67231 0.295053 0.354145 0.018115
1 0.642654 0.689851 0.492699 0.381019 0.0176861
1 0.721842 0.18278 0.486507 0.358506 0.0142387
1 0.412032 0.0872787 0.530248 0.171485 0.0130522
1 0.654118 0.0780186 0.228432 0.150912 0.0095921
1 0.451364 0.667404 0.219755 0.277204 0.0083889
1 0.52964 0.451393 0.443083 0.834343 0.0080757
1 0.710345 0.345716 0.514317 0.691432 0.00529108
1 0.391429 0.670154 0.500373 0.418146 0.00526191
1 0.813943 0.706216 0.250151 0.263942 0.00514736
1 0.598182 0.666446 0.726208 0.532756 0.00500003
1 0.712638 0.0786134 0.472616 0.15694 0.0049868
1 0.161449 0.43166 0.310001 0.850828 0.00456432
1 0.774519 0.771475 0.362677 0.299093 0.0043615
1 0.67921 0.829156 0.535913 0.280331 0.00385324
1 0.633896 0.760594 0.480957 0.184741 0.00350381
1 0.723147 0.70364 0.324218 0.204426 0.00349071
1 0.3424 0.197332 0.439529 0.376528 0.00312906
1 0.38057 0.60218 0.329567 0.399304 0.00270616
1 0.384347 0.0684112 0.305853 0.130428 0.00269914
1 0.840072 0.437692 0.269848 0.742198 0.00225329
1 0.848639 0.798791 0.208437 0.233149 0.00221071
1 0.270132 0.552401 0.355722 0.556244 0.00193043
1 0.85161 0.642504 0.210256 0.480195 0.00178827
1 0.761637 0.774468 0.250298 0.123635 0.00162737
1 0.835951 0.886151 0.269265 0.168133 0.00157656
1 0.476614 0.558386 0.34283 0.544675 0.00149714
1 0.769984 0.565344 0.300551 0.499776 0.0011311
