1 0.70125 0.692581 0.432361 0.510089 0.112635
1 0.752835 0.635446 0.282338 0.370392 0.0420817
1 0.591243 0.673539 0.71332 0.619121 0.0419647
1 0.728086 0.499348 0.454024 0.837444 0.0393923
1 0.302276 0.422357 0.512203 0.769568 0.0344827
1 0.554973 0.467071 0.859875 0.8694 0.0312733
1 0.706121 0.823077 0.507197 0.323672 0.0271281
1 0.240066 0.336412 0.304011 0.545959 0.0204707
1 0.199048 0.487034 0.256255 0.301224 0.0204437
1 0.191846 0.708272 0.350504 0.558231 0.0180009
1 0.814885 0.535319 0.288724 0.56326 0.00971743
1 0.821124 0.688024 0.276743 0.397487 0.00695207
1 0.749394 0.893751 0.432877 0.208509 0.00587394
1 0.341096 0.104574 0.682193 0.194696 0.00320417
1 0.646113 0.150449 0.236562 0.171159 0.00282286
1 0.404543 0.743618 0.68961 0.512764 0.00205282
1 0.25723 0.143969 0.43794 0.249831 0.00203551
1 0.231606 0.0720883 0.463212 0.138049 0.00181148
1 0.718502 0.927874 0.506682 0.0953686 0.00147563
1 0.34187 0.198678 0.465099 0.330102 0.00116529
1 0.464635 0.148295 0.808061 0.264846 0.00111824
