1 0.564485 0.441839 0.87103 0.876445 0.244324
1 0.749554 0.490427 0.465726 0.904617 0.0953744
1 0.578717 0.738024 0.780084 0.515168 0.0558861
1 0.771927 0.765709 0.385887 0.458356 0.0338891
1 0.330112 0.414572 0.503875 0.819317 0.0130223
1 0.268293 0.676616 0.185705 0.262972 0.00593123
1 0.539305 0.438047 0.450551 0.839099 0.00520686
1 0.714539 0.559855 0.49238 0.44126 0.00476468
1 0.3112 0.480525 0.280104 0.670207 0.00445277
1 0.76167 0.126548 0.473143 0.219139 0.00403178
1 0.828214 0.346298 0.340381 0.611061 0.0034407
1 0.361277 0.70007 0.377522 0.369704 0.00273085
1 0.737476 0.0819502 0.374603 0.160549 0.00181444
1 0.818706 0.198125 0.352735 0.313139 0.00160569
1 0.234571 0.608607 0.251837 0.48782 0.00141069
1 0.878452 0.509492 0.240046 0.849608 0.00130684
1 0.276559 0.110242 0.477377 0.212691 0.00121617
1 0.405275 0.131809 0.233135 0.179276 0.00106326
