1 0.254947 0.512135 0.358588 0.519414 0.0138654
1 0.361751 0.440356 0.644042 0.754046 0.00803117
1 0.253817 0.639846 0.422381 0.360935 0.00720137
1 0.887137 0.590338 0.223204 0.786671 0.00430325
1 0.918428 0.699096 0.147146 0.543967 0.00297588
1 0.610037 0.522893 0.639179 0.914244 0.00268818
1 0.797249 0.69785 0.382891 0.604299 0.00224119
1 0.398415 0.618547 0.505925 0.59296 0.00201975
1 0.863703 0.799241 0.260695 0.39541 0.0016138
1 0.68602 0.830725 0.501654 0.338535 0.00145101
1 0.950828 0.763843 0.098344 0.437241 0.00142093
1 0.151084 0.505718 0.26919 0.613918 0.00114228
1 0.801413 0.882855 0.37276 0.225484 0.0010064
