1 0.521152 0.482939 0.942082 0.89321 0.248895
1 0.681736 0.518036 0.503763 0.770152 0.0970942
1 0.273422 0.422354 0.481174 0.777136 0.0745977
1 0.823604 0.613477 0.24044 0.506747 0.0272611
1 0.156684 0.461664 0.289306 0.714809 0.0198532
1 0.277889 0.110519 0.459526 0.207996 0.0117939
1 0.437784 0.153316 0.800828 0.300052 0.0071215
1 0.679055 0.737162 0.517899 0.487697 0.00607225
1 0.371076 0.644254 0.606595 0.554268 0.00446671
1 0.217976 0.201152 0.371812 0.342532 0.00436565
1 0.878458 0.608236 0.23132 0.673793 0.00338298
1 0.464926 0.464681 0.500743 0.728532 0.00335581
1 0.831142 0.451485 0.318683 0.849747 0.00330912
1 0.403998 0.294008 0.683278 0.562472 0.00324113
1 0.123771 0.593606 0.185778 0.516451 0.00316012
1 0.254877 0.63851 0.386303 0.410617 0.00289064
1 0.599465 0.862245 0.69567 0.266274 0.00208904
1 0.751902 0.472249 0.303029 0.55612 0.00205605
1 0.849065 0.798145 0.260332 0.337653 0.00139408
1 0.751058 0.92846 0.448001 0.103597 0.00136976
1 0.679054 0.11323 0.633016 0.218685 0.00101071
