1 0.360746 0.539344 0.367027 0.310465 0.0073509
1 0.383657 0.382596 0.4872 0.638844 0.0064391
1 0.458012 0.535068 0.20496 0.266142 0.00421229
1 0.448827 0.417854 0.287098 0.535443 0.00247923
1 0.287312 0.479079 0.240214 0.419113 0.00197261
1 0.537556 0.370149 0.375624 0.724319 0.00176006
1 0.674943 0.842873 0.605723 0.309871 0.0017459
1 0.255288 0.535907 0.191452 0.279558 0.00159332
1 0.40176 0.582395 0.504456 0.51472 0.00135579
1 0.629958 0.943084 0.539544 0.113832 0.00110151
1 0.595966 0.396515 0.731652 0.739273 0.00107239
