1 0.443222 0.659168 0.585814 0.400385 0.0176581
1 0.417993 0.445267 0.601458 0.740547 0.0112695
1 0.373853 0.652975 0.380807 0.300745 0.00937409
1 0.545444 0.636373 0.344276 0.254007 0.00656191
1 0.296912 0.667218 0.231041 0.232482 0.00433781
1 0.236404 0.482188 0.41458 0.709329 0.002293
1 0.290263 0.711497 0.337863 0.337215 0.00187065
1 0.618984 0.0893785 0.324063 0.15952 0.00175817
1 0.703999 0.0898832 0.578698 0.179766 0.00153565
1 0.315007 0.565635 0.355924 0.504986 0.00153016
1 0.0763963 0.365484 0.128495 0.404772 0.00131904
1 0.126171 0.47014 0.231256 0.729681 0.00127556
1 0.883332 0.326383 0.233336 0.446117 0.00109765
1 0.513444 0.116349 0.35071 0.196478 0.00106535
