1 0.290495 0.44017 0.50919 0.525738 0.00467951
1 0.608177 0.487149 0.652642 0.576683 0.00390175
1 0.296207 0.532078 0.363376 0.339267 0.00209469
1 0.62387 0.179331 0.336256 0.252356 0.00203352
1 0.443876 0.155524 0.7219 0.294751 0.0018639
1 0.895691 0.895807 0.193175 0.18848 0.00152882
1 0.908068 0.94127 0.168365 0.100779 0.00150428
1 0.793515 0.885179 0.391474 0.22476 0.00136264
1 0.822442 0.481093 0.303687 0.594074 0.00130812
1 0.183162 0.459974 0.260122 0.393975 0.00127076
1 0.351194 0.58517 0.249094 0.202402 0.00125944
1 0.671973 0.187998 0.63444 0.334361 0.00121308
1 0.450412 0.420584 0.462184 0.727908 0.00108852
1 0.709456 0.778832 0.554462 0.383911 0.00101475
