1 0.456213 0.394385 0.741669 0.782359 0.403643
1 0.620973 0.339415 0.396391 0.67451 0.106384
1 0.267514 0.382084 0.38841 0.755513 0.0943851
1 0.701977 0.533448 0.227378 0.2821 0.0180831
1 0.716274 0.454784 0.378609 0.663594 0.0136291
1 0.592913 0.521295 0.443096 0.441765 0.00845164
1 0.282445 0.167582 0.250127 0.24964 0.00766527
1 0.711317 0.629883 0.331423 0.490782 0.00555457
1 0.30563 0.579115 0.368511 0.419554 0.00498895
1 0.648267 0.46906 0.271994 0.374323 0.00485523
1 0.236571 0.226344 0.329926 0.363613 0.00454601
1 0.204296 0.490087 0.224954 0.50548 0.00426884
1 0.729795 0.783831 0.35004 0.417755 0.0041286
1 0.616868 0.123626 0.331114 0.212197 0.00388935
1 0.517444 0.616249 0.685045 0.553313 0.00250106
1 0.442278 0.104669 0.639225 0.20107 0.00195574
1 0.206839 0.45224 0.413677 0.864986 0.00171612
1 0.617672 0.0657922 0.296734 0.12669 0.00167559
1 0.242355 0.108558 0.31053 0.206456 0.00139193
