1 0.497068 0.496965 0.640379 0.770345 0.274093
1 0.326551 0.500868 0.295735 0.590566 0.0526934
1 0.576012 0.494058 0.408176 0.585965 0.0314453
1 0.303993 0.677794 0.25703 0.268322 0.0148218
1 0.679426 0.431331 0.489705 0.835074 0.00913464
1 0.49272 0.748751 0.695141 0.472621 0.00802935
1 0.28645 0.742653 0.361174 0.413431 0.00551391
1 0.629822 0.358235 0.316265 0.63232 0.00547291
1 0.700576 0.506595 0.278723 0.516205 0.00463742
1 0.231512 0.547967 0.352276 0.6324 0.00382978
1 0.593107 0.220978 0.184213 0.189758 0.00242637
1 0.787532 0.508373 0.366503 0.656397 0.00199132
1 0.599175 0.245437 0.242723 0.367536 0.00197166
1 0.441909 0.401378 0.382252 0.67118 0.00183192
1 0.745965 0.690603 0.352424 0.527719 0.00114899
1 0.318308 0.35672 0.205419 0.330473 0.0010447
