1 0.532682 0.421754 0.872019 0.812228 0.305132
1 0.703322 0.403072 0.439223 0.754921 0.151266
1 0.508817 0.633755 0.793334 0.493075 0.0839456
1 0.266137 0.647891 0.303298 0.338747 0.0605671
1 0.329174 0.412236 0.416911 0.824472 0.0568083
1 0.787228 0.503241 0.272558 0.490515 0.0404518
1 0.201936 0.426678 0.354182 0.838694 0.0200823
1 0.219632 0.0903862 0.411203 0.175786 0.00924496
1 0.292287 0.674956 0.450802 0.517988 0.00784552
1 0.67725 0.120684 0.261952 0.212608 0.00478948
1 0.748968 0.165904 0.419589 0.286128 0.00433726
1 0.270533 0.154735 0.347915 0.292643 0.00238803
1 0.424669 0.762075 0.738983 0.47585 0.00177472
1 0.786547 0.29177 0.390657 0.489718 0.00157932
1 0.561622 0.137143 0.474239 0.264092 0.00150828
1 0.780242 0.648794 0.421638 0.563679 0.00136234
1 0.731291 0.0790202 0.320875 0.141853 0.00124946
1 0.828734 0.622323 0.26746 0.382605 0.00110055
