1 0.282207 0.695006 0.42343 0.609988 0.112085
1 0.344479 0.51007 0.558956 0.964507 0.0247721
1 0.870642 0.593461 0.258716 0.80707 0.0203806
1 0.284917 0.420019 0.317828 0.698258 0.0157545
1 0.911938 0.76507 0.176125 0.467423 0.0135249
1 0.94111 0.5806 0.11778 0.811993 0.0125794
1 0.496949 0.654856 0.884368 0.688998 0.0119131
1 0.78878 0.501231 0.410911 0.988776 0.00795964
1 0.846536 0.820525 0.306928 0.351346 0.00449592
1 0.33036 0.821247 0.53767 0.352642 0.00343546
1 0.7038 0.733442 0.5924 0.533116 0.00208017
1 0.152328 0.71155 0.210168 0.576901 0.00137348
1 0.738732 0.905434 0.515244 0.186343 0.00131759
