1 0.796832 0.81316 0.406336 0.367785 0.0166636
1 0.855164 0.645789 0.288429 0.698583 0.0118582
1 0.920855 0.766634 0.15829 0.443983 0.00733642
1 0.684688 0.617139 0.626071 0.73214 0.00625281
1 0.813109 0.918539 0.373781 0.16226 0.00502951
1 0.515011 0.464254 0.243019 0.415371 0.00293999
1 0.909616 0.570723 0.178962 0.522315 0.00202898
1 0.608674 0.815856 0.612614 0.367381 0.00192674
1 0.468972 0.367753 0.328386 0.61507 0.00159223
1 0.439626 0.509845 0.460449 0.474814 0.00133122
1 0.652524 0.938499 0.5606 0.121923 0.00122004
