1 0.559659 0.522791 0.862505 0.831471 0.0325461
1 0.661097 0.72071 0.519416 0.403828 0.0147201
1 0.56606 0.567085 0.445265 0.732062 0.0120151
1 0.351356 0.513455 0.353824 0.572492 0.0104095
1 0.273147 0.573684 0.255847 0.493796 0.00753906
1 0.32906 0.640862 0.303447 0.328431 0.0069654
1 0.69747 0.5395 0.474775 0.634618 0.00613245
1 0.431017 0.61159 0.428409 0.455986 0.00439129
1 0.708867 0.865943 0.558245 0.249639 0.00383489
1 0.452244 0.667404 0.298268 0.318272 0.00228657
1 0.549203 0.681792 0.369801 0.359109 0.00203136
1 0.856397 0.534723 0.265771 0.610778 0.00184329
1 0.8028 0.772177 0.353228 0.391188 0.00156479
1 0.219967 0.472174 0.238384 0.72366 0.00130334
1 0.714901 0.928388 0.520303 0.0990102 0.00105727
