1 0.422434 0.308138 0.762765 0.616275 0.332629
1 0.622394 0.308763 0.37497 0.612863 0.164221
1 0.303097 0.239749 0.484414 0.478233 0.133599
1 0.496472 0.490352 0.992943 0.975392 0.0419997
1 0.274794 0.364271 0.549588 0.722567 0.0255869
1 0.29127 0.135992 0.409939 0.269427 0.0216055
1 0.486748 0.210859 0.557452 0.421718 0.0083421
1 0.313588 0.0769064 0.330584 0.15163 0.00446821
1 0.367111 0.0932354 0.638139 0.18599 0.00367525
1 0.561489 0.452892 0.496865 0.397021 0.00310173
1 0.744975 0.343336 0.422585 0.650606 0.00250823
1 0.190917 0.192885 0.381834 0.385769 0.00120779
