1 0.532418 0.409232 0.852512 0.767682 0.0956143
1 0.172922 0.179272 0.334486 0.34334 0.0382442
1 0.687538 0.396109 0.437081 0.581955 0.0373987
1 0.298855 0.368109 0.597709 0.67765 0.0244889
1 0.151487 0.103143 0.302974 0.179571 0.0182974
1 0.165758 0.421512 0.324032 0.562338 0.0126694
1 0.114625 0.552313 0.221506 0.312351 0.00731167
1 0.718717 0.53289 0.224529 0.188676 0.00702715
1 0.319781 0.156067 0.639563 0.295304 0.00667574
1 0.550413 0.354376 0.481472 0.618179 0.00393272
1 0.0635554 0.525056 0.120142 0.371235 0.00382888
1 0.686152 0.532161 0.322344 0.302716 0.00358426
1 0.188724 0.585145 0.374393 0.385116 0.00322291
1 0.716044 0.455364 0.249088 0.307384 0.0031667
1 0.580426 0.584408 0.670675 0.579828 0.00286767
1 0.764951 0.418075 0.285272 0.445907 0.00218532
1 0.392715 0.526297 0.78543 0.515924 0.00205105
1 0.748235 0.702622 0.364496 0.409344 0.00148121
1 0.407677 0.0842566 0.815355 0.165176 0.00105968
