1 0.514523 0.40868 0.886281 0.810597 0.139365
1 0.320156 0.347294 0.317905 0.61057 0.116211
1 0.63043 0.414849 0.38382 0.781682 0.0230491
1 0.779413 0.464415 0.432957 0.925033 0.0115862
1 0.719918 0.269921 0.518389 0.534233 0.0114571
1 0.451589 0.269967 0.577121 0.528809 0.00503238
1 0.234256 0.398996 0.468513 0.785497 0.00471315
1 0.225904 0.261522 0.390967 0.509972 0.00422761
1 0.268049 0.481057 0.360537 0.543137 0.00364965
1 0.731415 0.10886 0.502727 0.206665 0.00330526
1 0.905661 0.503267 0.184459 0.993466 0.00248131
1 0.227564 0.129621 0.388786 0.251243 0.00219393
1 0.956038 0.729733 0.0879234 0.456103 0.00208132
1 0.947731 0.561828 0.104466 0.810777 0.00128021
1 0.881111 0.720694 0.236169 0.544453 0.00115749
1 0.813086 0.0647388 0.333221 0.129478 0.001146
1 0.912877 0.818539 0.150683 0.342605 0.0011187
