1 0.535595 0.419502 0.902218 0.795341 0.286587
1 0.272982 0.421527 0.342297 0.626652 0.215746
1 0.675179 0.259473 0.26552 0.340513 0.0247993
1 0.690307 0.411152 0.372024 0.688898 0.0222842
1 0.280004 0.546778 0.294206 0.360603 0.0202204
1 0.790417 0.37852 0.402846 0.548883 0.0144455
1 0.254017 0.0683175 0.40628 0.134965 0.00996368
1 0.151763 0.400369 0.277177 0.715955 0.00586008
1 0.261861 0.134054 0.46578 0.260416 0.00340682
1 0.620726 0.263885 0.397675 0.499093 0.00265826
1 0.38445 0.524133 0.569649 0.544234 0.00158952
1 0.515155 0.697876 0.743844 0.537603 0.00154704
1 0.269529 0.427009 0.539059 0.826073 0.00117722
