1 0.496434 0.452244 0.822768 0.868135 0.505319
1 0.612035 0.402281 0.420179 0.75373 0.15553
1 0.249094 0.401732 0.309779 0.739535 0.0419517
1 0.704665 0.483209 0.27565 0.578555 0.0241236
1 0.23116 0.55747 0.256394 0.488123 0.0113981
1 0.719625 0.602901 0.204681 0.305277 0.00980173
1 0.651352 0.61883 0.364787 0.367274 0.00686312
1 0.36738 0.379353 0.422641 0.733058 0.00466492
1 0.220317 0.678963 0.222173 0.246741 0.00377422
1 0.438495 0.621166 0.747111 0.49131 0.00351748
1 0.172972 0.499671 0.27288 0.660031 0.0026254
1 0.816343 0.486397 0.311851 0.659416 0.00143607
