1 0.106314 0.637298 0.194598 0.604697 0.0124678
1 0.17788 0.560281 0.336653 0.626098 0.00867722
1 0.721767 0.565018 0.216436 0.381979 0.00724655
1 0.445043 0.552949 0.759442 0.646319 0.00723644
1 0.644877 0.542828 0.439371 0.610719 0.00708478
1 0.296549 0.676979 0.532289 0.572449 0.00599021
1 0.160881 0.683696 0.288919 0.347293 0.00522502
1 0.619845 0.705121 0.493267 0.480621 0.004343
1 0.539502 0.0586172 0.567452 0.117097 0.00396345
1 0.42705 0.0871638 0.465899 0.173704 0.00206349
1 0.281478 0.822751 0.527616 0.343656 0.0019698
1 0.752978 0.362904 0.36509 0.71188 0.00162785
1 0.649436 0.0839366 0.653128 0.167873 0.00140215
1 0.776344 0.543228 0.342207 0.516093 0.00124438
1 0.137055 0.10491 0.27411 0.188464 0.0012088
1 0.0758637 0.754158 0.143222 0.451656 0.00102024
