1 0.343705 0.667131 0.280886 0.305657 0.0630924
1 0.565703 0.498343 0.864381 0.87075 0.0605854
1 0.360879 0.550924 0.435449 0.652187 0.0441336
1 0.605343 0.756716 0.644419 0.455775 0.0296218
1 0.729241 0.824261 0.494659 0.335531 0.0279573
1 0.754495 0.594212 0.422682 0.671847 0.0169327
1 0.457032 0.697648 0.468754 0.382593 0.0162646
1 0.315483 0.692533 0.408992 0.456946 0.011869
1 0.289929 0.583346 0.308881 0.428162 0.0107262
1 0.811908 0.862692 0.316273 0.256915 0.0102207
1 0.570123 0.590669 0.546642 0.624023 0.00884258
1 0.345259 0.814511 0.611956 0.361961 0.00425766
1 0.749079 0.908308 0.468515 0.183384 0.00400067
1 0.208805 0.520541 0.328811 0.535491 0.00321683
1 0.254494 0.882718 0.428604 0.234564 0.0021358
1 0.817251 0.498507 0.2797 0.49686 0.0020039
1 0.810351 0.935267 0.311203 0.126747 0.00183275
1 0.813824 0.706588 0.32709 0.459307 0.0017883
