1 0.452809 0.61469 0.83898 0.68516 0.268389
1 0.295667 0.600341 0.415775 0.589933 0.118859
1 0.611685 0.58995 0.429624 0.60184 0.0777155
1 0.191248 0.623949 0.252032 0.486993 0.033358
1 0.722627 0.684285 0.251929 0.385379 0.0241488
1 0.191809 0.710892 0.202257 0.273671 0.0209327
1 0.585589 0.779731 0.564104 0.427695 0.0164704
1 0.242861 0.719214 0.347274 0.357112 0.0151248
1 0.784272 0.593956 0.278112 0.582772 0.0068336
1 0.215295 0.461433 0.375004 0.830283 0.00280111
1 0.73776 0.690918 0.493952 0.582633 0.00255017
1 0.686388 0.827868 0.362087 0.326047 0.00245183
1 0.340813 0.800591 0.570457 0.355606 0.00135659
1 0.605851 0.904774 0.553946 0.189272 0.00104248
