1 0.388324 0.485997 0.776647 0.757093 0.491698
1 0.210799 0.498923 0.421599 0.646252 0.0730889
1 0.531701 0.505391 0.402564 0.580873 0.0396602
1 0.647503 0.409279 0.315578 0.751103 0.00698099
1 0.683966 0.437332 0.570896 0.865107 0.0042608
1 0.198832 0.324814 0.340585 0.638549 0.00313119
1 0.653867 0.0768834 0.644748 0.153767 0.00278841
1 0.609132 0.587359 0.258208 0.366366 0.00260152
1 0.200268 0.695888 0.393974 0.582702 0.00251928
1 0.120018 0.530203 0.232823 0.549785 0.00207625
1 0.675385 0.147058 0.638675 0.292621 0.0012936
1 0.127357 0.13654 0.239378 0.134813 0.00109605
