1 0.497699 0.494491 0.606308 0.769394 0.177849
1 0.612616 0.466039 0.316054 0.678653 0.0671503
1 0.644771 0.667886 0.283188 0.300121 0.0594861
1 0.17048 0.53473 0.306223 0.638057 0.0391402
1 0.148829 0.690332 0.210468 0.299781 0.0366515
1 0.640077 0.756916 0.401801 0.441268 0.0177599
1 0.697001 0.512193 0.267346 0.651975 0.0163975
1 0.402785 0.722684 0.775577 0.523375 0.0158655
1 0.561362 0.661403 0.47854 0.403289 0.012324
1 0.695631 0.619729 0.435419 0.678378 0.0116583
1 0.203912 0.752696 0.351876 0.436266 0.0112846
1 0.585051 0.233523 0.255639 0.223953 0.00753169
1 0.101762 0.685517 0.191391 0.425003 0.00566997
1 0.0779512 0.545073 0.145877 0.621044 0.00348169
1 0.340472 0.554016 0.58213 0.612098 0.00203427
1 0.798276 0.540887 0.373698 0.633142 0.00123292
1 0.724433 0.837841 0.530285 0.310673 0.00119079
1 0.0504609 0.437789 0.096868 0.465497 0.00107984
