1 0.335968 0.675052 0.291635 0.247447 0.098021
1 0.581292 0.501005 0.570485 0.696448 0.0902841
1 0.546532 0.703298 0.681298 0.381268 0.0767763
1 0.363606 0.54682 0.352735 0.506876 0.027411
1 0.333805 0.762004 0.415731 0.402891 0.0189915
1 0.274962 0.631846 0.355832 0.491663 0.00616784
1 0.382883 0.298276 0.351357 0.288037 0.00497076
1 0.783435 0.556114 0.230161 0.51476 0.00388273
1 0.701786 0.694238 0.335906 0.31449 0.00260223
1 0.531602 0.27762 0.42362 0.188397 0.00247571
1 0.687709 0.414959 0.322584 0.471375 0.00235405
1 0.664921 0.280787 0.194977 0.170104 0.00209994
1 0.807123 0.672646 0.295956 0.403698 0.00144284
1 0.777662 0.497625 0.435563 0.674816 0.00142862
1 0.632764 0.292721 0.314358 0.233706 0.00127625
