1 0.604737 0.799119 0.547009 0.392993 0.00913118
1 0.567702 0.506119 0.560083 0.634262 0.00580967
1 0.697292 0.738437 0.330002 0.355536 0.00465809
1 0.674489 0.0758589 0.600533 0.151718 0.00462641
1 0.754807 0.821549 0.29546 0.344668 0.00410566
1 0.608864 0.59895 0.460243 0.349324 0.00356734
1 0.550975 0.387943 0.897535 0.768482 0.00317343
1 0.668385 0.658595 0.329118 0.233123 0.00236159
1 0.570625 0.927107 0.635065 0.144157 0.00216324
1 0.661049 0.198356 0.667219 0.396713 0.0021359
1 0.768296 0.938726 0.314643 0.120792 0.00128116
1 0.314782 0.864774 0.448825 0.258771 0.00119162
1 0.761556 0.143714 0.463779 0.283832 0.00115328
1 0.849247 0.894834 0.194128 0.199562 0.0010279
