1 0.462051 0.464711 0.817823 0.841843 0.460965
1 0.295611 0.485906 0.449135 0.718109 0.135508
1 0.179546 0.5082 0.278901 0.641107 0.085654
1 0.669928 0.50046 0.25899 0.634416 0.0704196
1 0.568329 0.465868 0.425909 0.725666 0.0450658
1 0.698992 0.612485 0.198437 0.392971 0.0153687
1 0.135917 0.588496 0.187975 0.466907 0.0135878
1 0.739044 0.605033 0.31381 0.606867 0.0097445
1 0.192448 0.676551 0.300052 0.415809 0.00343145
1 0.633444 0.374905 0.232165 0.445781 0.00192224
1 0.238345 0.40784 0.280457 0.495454 0.00163946
1 0.0968392 0.516087 0.181871 0.662907 0.00158579
1 0.741861 0.45692 0.463609 0.873499 0.00107541
