1 0.504085 0.381643 0.643112 0.650338 0.0863659
1 0.329732 0.516833 0.282291 0.285959 0.0237898
1 0.521411 0.572099 0.740749 0.52289 0.0182658
1 0.35414 0.370588 0.335044 0.555787 0.00969943
1 0.704652 0.0567009 0.379599 0.109844 0.00339307
1 0.261694 0.484412 0.388921 0.423089 0.00234081
1 0.25288 0.314677 0.383408 0.605238 0.00231879
1 0.600089 0.0866527 0.503075 0.157128 0.00177463
1 0.524728 0.759317 0.842705 0.481159 0.0014698
1 0.828824 0.0611231 0.319178 0.122246 0.00146378
1 0.682484 0.393917 0.401478 0.595552 0.00123911
1 0.385796 0.0675594 0.643422 0.132205 0.00116356
1 0.351831 0.646041 0.43584 0.50932 0.00114765
