1 0.408696 0.438966 0.229127 0.238562 0.010237
1 0.506833 0.344529 0.582672 0.53632 0.00736089
1 0.389107 0.384315 0.300603 0.39724 0.0051273
1 0.777313 0.0631168 0.432518 0.125469 0.00245767
1 0.673219 0.325238 0.463355 0.605448 0.00194057
1 0.502542 0.104932 0.994915 0.207482 0.00184449
1 0.301688 0.0750969 0.603375 0.150194 0.00168589
1 0.885352 0.892477 0.203723 0.189174 0.00161228
1 0.579964 0.459678 0.590226 0.396282 0.00148346
1 0.383466 0.434812 0.503072 0.451485 0.00130169
1 0.808333 0.948962 0.308876 0.0977879 0.0012442
1 0.836986 0.82472 0.305192 0.327683 0.00112342
1 0.923874 0.807158 0.152251 0.331948 0.00103526
1 0.739414 0.903575 0.459531 0.187573 0.00100064
