1 0.482927 0.654221 0.695683 0.481188 0.0596015
1 0.344906 0.619238 0.445446 0.353858 0.0571861
1 0.303926 0.603448 0.301186 0.254897 0.033994
1 0.33611 0.410609 0.437167 0.649447 0.00750889
1 0.565328 0.443865 0.470385 0.664392 0.00580006
1 0.417809 0.103318 0.607025 0.201872 0.00503201
1 0.567065 0.630526 0.481686 0.293638 0.00479726
1 0.646046 0.0895831 0.302994 0.163622 0.00297056
1 0.360726 0.130112 0.366106 0.216758 0.00230941
1 0.237649 0.577112 0.263033 0.343698 0.00215743
1 0.187493 0.408863 0.31724 0.662495 0.00173493
1 0.241979 0.0762686 0.433785 0.146837 0.00160047
1 0.221085 0.668618 0.315087 0.265915 0.00106973
