1 0.272558 0.300118 0.455655 0.58044 0.204521
1 0.492011 0.365749 0.943193 0.724275 0.16878
1 0.164987 0.352414 0.324589 0.543261 0.144735
1 0.681154 0.332587 0.408126 0.540681 0.0383641
1 0.739355 0.523621 0.370515 0.407479 0.0350054
1 0.0902341 0.381427 0.175493 0.503855 0.0291849
1 0.731009 0.427072 0.295847 0.353835 0.0209642
1 0.683304 0.63956 0.521823 0.558063 0.013804
1 0.79866 0.367049 0.230032 0.438745 0.0121825
1 0.182898 0.203315 0.343332 0.398911 0.00702977
1 0.443053 0.178647 0.824493 0.352605 0.0061904
1 0.165359 0.087658 0.320551 0.154446 0.00489084
1 0.23906 0.111804 0.373992 0.216396 0.00433123
1 0.128682 0.479508 0.257363 0.507877 0.00288745
1 0.620961 0.23585 0.364814 0.398928 0.0025743
1 0.733058 0.123823 0.482162 0.218908 0.00225287
1 0.264536 0.502054 0.529071 0.724068 0.00164417
1 0.777118 0.784034 0.405383 0.426239 0.00163952
1 0.565384 0.0902426 0.46742 0.169954 0.00160189
1 0.824783 0.634819 0.282068 0.60231 0.00155401
1 0.25261 0.0589457 0.436804 0.112385 0.00118602
