1 0.311874 0.47378 0.427563 0.878308 0.0203092
1 0.401408 0.780114 0.482148 0.435417 0.0123059
1 0.806806 0.836228 0.330617 0.324944 0.0121991
1 0.614759 0.517269 0.650572 0.939517 0.00855816
1 0.781956 0.696497 0.378914 0.604786 0.00757754
1 0.766392 0.924406 0.373689 0.148006 0.00566469
1 0.312117 0.782627 0.245457 0.39026 0.00560373
1 0.624598 0.819551 0.686744 0.356997 0.00485825
1 0.847293 0.939442 0.232273 0.115327 0.00381079
1 0.455386 0.602309 0.544779 0.786577 0.00243387
1 0.607844 0.939095 0.61758 0.120526 0.00210115
1 0.263081 0.717062 0.366772 0.539866 0.001547
1 0.330388 0.544569 0.253401 0.696786 0.00152059
1 0.39332 0.90453 0.456007 0.188634 0.00145246
1 0.927397 0.900885 0.133312 0.17348 0.00109112
1 0.896214 0.656377 0.164013 0.666296 0.00102887
