1 0.446667 0.4407 0.819089 0.876235 0.0558496
1 0.673789 0.422322 0.604392 0.844313 0.0255715
1 0.561665 0.172808 0.508342 0.343675 0.0186199
1 0.258346 0.388591 0.43243 0.742737 0.0175207
1 0.665905 0.132617 0.34023 0.261681 0.0174735
1 0.682699 0.233519 0.518751 0.466952 0.0135843
1 0.357167 0.704728 0.528861 0.494905 0.0108693
1 0.29973 0.59573 0.326354 0.25627 0.00732271
1 0.734133 0.080497 0.370672 0.160041 0.00500228
1 0.456963 0.108747 0.677818 0.214789 0.00459309
1 0.144297 0.360665 0.262104 0.706922 0.00325739
1 0.238317 0.549372 0.225348 0.221045 0.00215238
1 0.371178 0.312329 0.463337 0.585546 0.00202037
1 0.196391 0.469299 0.221035 0.429033 0.00145687
1 0.486513 0.662342 0.449491 0.388634 0.00110076
