1 0.496079 0.475516 0.862201 0.876789 0.466984
1 0.465333 0.693293 0.73263 0.504189 0.159578
1 0.59481 0.437962 0.437975 0.765266 0.136542
1 0.281417 0.680724 0.331777 0.293829 0.0293845
1 0.241676 0.688601 0.233635 0.198426 0.0192709
1 0.627058 0.67902 0.370955 0.326083 0.0188874
1 0.414605 0.411582 0.52999 0.69794 0.0188541
1 0.251985 0.44924 0.285284 0.655922 0.00912496
1 0.275124 0.436491 0.506127 0.839544 0.00698067
1 0.74911 0.468715 0.474728 0.897326 0.00615228
1 0.533086 0.198648 0.330565 0.264801 0.00555317
1 0.712397 0.491835 0.293321 0.693027 0.00381056
1 0.328081 0.755764 0.484431 0.409615 0.00335585
1 0.600455 0.769924 0.477044 0.415949 0.00303442
1 0.71602 0.72032 0.309427 0.32211 0.00290247
1 0.400957 0.299777 0.369129 0.469589 0.00223841
1 0.181514 0.694376 0.271742 0.319526 0.00210838
1 0.542972 0.124726 0.36031 0.178259 0.0018395
1 0.236898 0.642556 0.441284 0.550287 0.00173617
1 0.161405 0.485794 0.283841 0.756747 0.00150811
1 0.343952 0.058103 0.353657 0.111924 0.00135909
1 0.450235 0.0953699 0.481524 0.147322 0.00132688
1 0.422088 0.155604 0.422919 0.250287 0.00119751
