1 0.306806 0.595986 0.613337 0.805807 0.174864
1 0.529531 0.56738 0.770031 0.809187 0.140947
1 0.632201 0.831597 0.310729 0.330451 0.113429
1 0.193893 0.66058 0.365752 0.662505 0.0619158
1 0.534007 0.738582 0.628131 0.483883 0.0576456
1 0.488495 0.853869 0.781905 0.292263 0.0534758
1 0.641821 0.632954 0.363381 0.716719 0.0514979
1 0.181355 0.821082 0.342895 0.357152 0.0277101
1 0.435298 0.932455 0.68676 0.120406 0.0248666
1 0.29289 0.867336 0.546584 0.265329 0.024011
1 0.573328 0.90026 0.451849 0.19619 0.0115322
1 0.262002 0.932373 0.481728 0.135255 0.0101255
1 0.628173 0.924534 0.411023 0.0925428 0.00908844
1 0.748377 0.71701 0.407358 0.565979 0.00680582
1 0.104336 0.711995 0.200695 0.566429 0.00554693
1 0.70576 0.88002 0.380964 0.234939 0.00347483
1 0.208894 0.250708 0.39961 0.2353 0.00284719
1 0.162476 0.907099 0.297701 0.179878 0.00246893
1 0.849737 0.595029 0.265214 0.744143 0.00172846
1 0.133112 0.62868 0.266225 0.736442 0.00143723
1 0.774008 0.933143 0.419642 0.0983726 0.00138648
