1 0.526073 0.276491 0.776444 0.552981 0.0667447
1 0.278288 0.239026 0.481903 0.474737 0.0212194
1 0.685282 0.291515 0.447354 0.475406 0.0163775
1 0.429398 0.173405 0.597588 0.344321 0.0133662
1 0.331266 0.379285 0.662531 0.749344 0.011095
1 0.623468 0.12473 0.563918 0.24946 0.0084324
1 0.623606 0.797557 0.722665 0.404886 0.0074925
1 0.283919 0.337041 0.378979 0.261088 0.00620605
1 0.5037 0.0642532 0.586265 0.128506 0.00583069
1 0.600641 0.412805 0.546165 0.413767 0.00407478
1 0.365548 0.10548 0.545118 0.210959 0.00264585
1 0.711631 0.401689 0.576738 0.797293 0.00154702
1 0.801796 0.762055 0.380031 0.475891 0.00131665
