1 0.62057 0.490665 0.615676 0.456699 0.133606
1 0.680363 0.342519 0.522646 0.632241 0.019328
1 0.45138 0.340112 0.816675 0.566509 0.0153706
1 0.683239 0.52913 0.441136 0.29789 0.00562413
1 0.702421 0.0912385 0.539731 0.17737 0.00467768
1 0.329923 0.36815 0.426343 0.416262 0.00354606
1 0.520046 0.0680028 0.844102 0.135986 0.00255265
1 0.223885 0.300315 0.317151 0.508232 0.00163344
1 0.479891 0.412045 0.467165 0.373754 0.00147572
1 0.731744 0.205922 0.445398 0.398436 0.00147019
1 0.157696 0.349803 0.218425 0.435401 0.00138059
1 0.111061 0.297444 0.152476 0.576904 0.00137781
1 0.118845 0.45447 0.121999 0.204565 0.00104901
