1 0.43767 0.490789 0.746526 0.844065 0.0175078
1 0.300507 0.647048 0.337334 0.307562 0.0169923
1 0.834843 0.575865 0.229724 0.518553 0.0140677
1 0.593279 0.674788 0.607002 0.464322 0.013354
1 0.745495 0.537005 0.400148 0.607735 0.0121308
1 0.824472 0.705937 0.166134 0.214549 0.0119562
1 0.284858 0.501389 0.359734 0.605719 0.00960827
1 0.282002 0.13053 0.477591 0.234736 0.0061813
1 0.393458 0.662384 0.296628 0.349146 0.00599151
1 0.192146 0.535218 0.254879 0.560074 0.00536713
1 0.416897 0.518762 0.323227 0.61548 0.00515106
1 0.20114 0.646791 0.200997 0.314705 0.00418699
1 0.314466 0.68099 0.556172 0.444028 0.0040103
1 0.632831 0.476786 0.448095 0.820176 0.00351708
1 0.795027 0.675417 0.248806 0.328956 0.00330353
1 0.708846 0.716207 0.418859 0.314799 0.0029858
1 0.517915 0.17119 0.776664 0.301735 0.00221848
1 0.778713 0.862942 0.406725 0.242665 0.00199404
1 0.830836 0.755963 0.277739 0.365983 0.00175051
1 0.201949 0.513053 0.403897 0.798137 0.0016208
1 0.470218 0.739102 0.412962 0.441878 0.00122409
1 0.277128 0.251893 0.491787 0.374005 0.00116604
1 0.864854 0.883914 0.229675 0.17916 0.00110084
1 0.191355 0.75134 0.272995 0.332685 0.00105258
