1 0.530968 0.476863 0.909417 0.812997 0.342178
1 0.511448 0.709569 0.886622 0.53842 0.0950389
1 0.347756 0.442715 0.408131 0.420564 0.0233168
1 0.609569 0.60655 0.578277 0.412224 0.0141706
1 0.674244 0.456933 0.470816 0.58024 0.00861336
1 0.703645 0.622707 0.371728 0.270942 0.00840823
1 0.676187 0.70398 0.476338 0.375062 0.00548638
1 0.765392 0.563392 0.304084 0.517868 0.00363705
1 0.321914 0.367088 0.545862 0.697066 0.00341278
1 0.790789 0.690135 0.293489 0.324288 0.0026134
1 0.325308 0.339303 0.370672 0.28384 0.00173655
1 0.309741 0.228828 0.45063 0.322146 0.00113962
1 0.300989 0.136397 0.470829 0.236239 0.0010686
