1 0.313103 0.324865 0.375649 0.617045 0.121598
1 0.516189 0.388819 0.887768 0.733653 0.118491
1 0.797406 0.389988 0.284057 0.537683 0.0364827
1 0.689967 0.335682 0.359249 0.623424 0.0182944
1 0.32388 0.522202 0.342891 0.317625 0.0166997
1 0.768364 0.445286 0.188082 0.325354 0.016401
1 0.541533 0.539522 0.616527 0.453484 0.00903293
1 0.516627 0.105907 0.751912 0.207819 0.0047831
1 0.341195 0.552272 0.488273 0.460189 0.00380937
1 0.327255 0.143611 0.417576 0.261966 0.00349747
1 0.226464 0.410558 0.265216 0.427739 0.00236266
1 0.430713 0.214152 0.554137 0.411879 0.00234891
1 0.686144 0.502192 0.338507 0.355196 0.00219037
1 0.647847 0.0651973 0.531466 0.127713 0.00193582
1 0.270296 0.436397 0.540592 0.82499 0.0018998
1 0.698987 0.140002 0.420255 0.255148 0.00175449
1 0.188209 0.334609 0.376417 0.646664 0.00103648
