1 0.703107 0.782402 0.167599 0.264468 0.0574184
1 0.708128 0.655047 0.19401 0.529036 0.0338459
1 0.0937321 0.799663 0.185947 0.352516 0.0254166
1 0.453737 0.512071 0.843311 0.944683 0.015778
1 0.150272 0.740388 0.297171 0.467854 0.0155094
1 0.144915 0.861357 0.289829 0.261458 0.014629
1 0.665227 0.786623 0.338445 0.41961 0.0128006
1 0.340726 0.850909 0.681452 0.296672 0.00999855
1 0.651342 0.577252 0.304748 0.68159 0.00972486
1 0.204478 0.516495 0.383638 0.915149 0.00752799
1 0.710072 0.864356 0.359079 0.24936 0.00705252
1 0.09096 0.583712 0.17499 0.620523 0.00701389
1 0.189551 0.92941 0.373409 0.110056 0.00668916
1 0.531043 0.819154 0.511319 0.345887 0.00449479
1 0.623382 0.683496 0.619166 0.573797 0.00361069
1 0.0796628 0.880997 0.159326 0.234625 0.00335341
1 0.305463 0.717437 0.602475 0.520772 0.00313842
1 0.484601 0.783624 0.865294 0.39516 0.00301512
1 0.764344 0.631213 0.33391 0.65132 0.00259387
1 0.366959 0.928117 0.703479 0.11988 0.00182291
1 0.721731 0.928842 0.317701 0.0817059 0.00181536
1 0.157295 0.520019 0.269625 0.625316 0.00164023
1 0.612486 0.926371 0.476314 0.111393 0.00143072
1 0.645988 0.228605 0.394423 0.266567 0.0014005
1 0.104312 0.933584 0.208624 0.128792 0.00120091
1 0.650942 0.129999 0.338463 0.191931 0.00111171
