1 0.563209 0.553938 0.675587 0.703997 0.0522615
1 0.457459 0.527526 0.355295 0.630386 0.0408117
1 0.33002 0.449222 0.350312 0.812877 0.0112979
1 0.704297 0.558617 0.328626 0.652778 0.00762105
1 0.317302 0.777057 0.144225 0.176348 0.00390651
1 0.389175 0.717516 0.284881 0.340462 0.00327626
1 0.843318 0.788469 0.132454 0.199558 0.00248677
1 0.327105 0.516717 0.20561 0.714973 0.00217677
1 0.793098 0.560399 0.213223 0.612501 0.00215274
1 0.753371 0.76755 0.28958 0.293339 0.00161002
1 0.396264 0.310174 0.325938 0.299411 0.00137975
1 0.442985 0.404774 0.251357 0.419661 0.00134
1 0.836638 0.66486 0.147925 0.467998 0.00114513
