1 0.514539 0.484859 0.828367 0.819406 0.227929
1 0.321339 0.523475 0.469211 0.76115 0.212732
1 0.661457 0.526999 0.403892 0.702143 0.143821
1 0.708918 0.625352 0.288584 0.44909 0.142819
1 0.190526 0.508336 0.26727 0.767541 0.133616
1 0.466026 0.721601 0.791456 0.514803 0.0588332
1 0.203989 0.715238 0.20693 0.351712 0.0363049
1 0.148722 0.698399 0.191525 0.440173 0.0158373
1 0.770523 0.538429 0.211126 0.599949 0.0157669
1 0.750309 0.720731 0.285405 0.343442 0.012856
1 0.758396 0.623016 0.435226 0.641404 0.0103406
1 0.64774 0.734973 0.463917 0.449616 0.0101654
1 0.260369 0.578541 0.278192 0.618027 0.0098691
1 0.229498 0.711639 0.374984 0.511398 0.00925639
1 0.820323 0.674639 0.265265 0.451331 0.00519861
1 0.754914 0.812803 0.449375 0.332322 0.0015852
1 0.14657 0.816393 0.252335 0.346997 0.00155191
1 0.0788117 0.556792 0.143618 0.72278 0.001299
1 0.679076 0.409298 0.262071 0.548166 0.00102546
