1 0.625013 0.625943 0.492632 0.735076 0.069614
1 0.462153 0.52563 0.788818 0.920491 0.0368214
1 0.638044 0.505324 0.347279 0.350517 0.0349204
1 0.593309 0.412851 0.47911 0.555805 0.0128703
1 0.254566 0.492353 0.382464 0.809638 0.0104335
1 0.372753 0.694319 0.604981 0.603846 0.00833563
1 0.283626 0.397334 0.287525 0.490134 0.0074408
1 0.27562 0.481479 0.239197 0.268492 0.0048515
1 0.291093 0.801063 0.442061 0.397874 0.00374703
1 0.684889 0.754284 0.369 0.491431 0.00208648
1 0.467504 0.514897 0.703326 0.415528 0.00187531
1 0.346246 0.326312 0.51413 0.622962 0.00165564
1 0.216341 0.870678 0.359667 0.252654 0.00134397
1 0.635075 0.298921 0.314226 0.51227 0.00123751
1 0.625071 0.138192 0.229716 0.173737 0.00114654
1 0.241137 0.525267 0.321999 0.434004 0.00105457
