1 0.448688 0.357951 0.820592 0.714363 0.296992
1 0.265891 0.366948 0.33151 0.623511 0.212763
1 0.247191 0.495417 0.221142 0.264282 0.0159158
1 0.257414 0.392508 0.514828 0.755874 0.00878354
1 0.5685 0.355531 0.414967 0.605696 0.0046021
1 0.227804 0.490651 0.30906 0.384535 0.00424593
1 0.836957 0.848418 0.304347 0.302008 0.00285252
1 0.259593 0.556998 0.391754 0.637014 0.00235296
1 0.706901 0.803656 0.578846 0.389943 0.0020169
1 0.673849 0.408362 0.350021 0.579612 0.00170825
1 0.272031 0.22341 0.443776 0.441973 0.00163332
1 0.545119 0.702094 0.81584 0.590801 0.00146932
1 0.833721 0.938276 0.294664 0.122108 0.00133648
1 0.748275 0.468776 0.497941 0.858443 0.00126913
1 0.328168 0.667561 0.628685 0.656587 0.0011528
