1 0.558744 0.708021 0.552018 0.526289 0.176922
1 0.389044 0.664536 0.73656 0.627556 0.139111
1 0.376466 0.412298 0.752932 0.823339 0.0774083
1 0.551127 0.473317 0.47218 0.861385 0.0176567
1 0.456064 0.307684 0.509602 0.570807 0.0152662
1 0.610087 0.367177 0.220143 0.383858 0.0127182
1 0.208031 0.543117 0.412704 0.40894 0.0093609
1 0.174908 0.356892 0.340625 0.646604 0.00917695
1 0.602198 0.668713 0.298224 0.434913 0.00688687
1 0.626759 0.82031 0.597821 0.356526 0.00480862
1 0.130023 0.487604 0.249737 0.365256 0.00467415
1 0.594257 0.477799 0.25857 0.349764 0.00418303
1 0.566813 0.376344 0.372645 0.515884 0.00409709
1 0.0882409 0.391703 0.17077 0.619475 0.0031859
1 0.142158 0.627222 0.244367 0.512103 0.00223843
1 0.528265 0.916886 0.578755 0.132244 0.00216016
1 0.401641 0.828927 0.761551 0.339534 0.00213174
1 0.398724 0.10335 0.797448 0.205489 0.00196101
1 0.693116 0.612891 0.422611 0.703996 0.00193461
1 0.262111 0.0722952 0.524222 0.141783 0.00170638
1 0.211392 0.136058 0.422783 0.26313 0.0012645
1 0.5 0.500098 1 0.999805 0.00125863
1 0.657579 0.439695 0.322655 0.600402 0.00104821
