1 0.36817 0.405147 0.623495 0.756946 0.0342478
1 0.576536 0.391812 0.377118 0.757708 0.0135385
1 0.311819 0.383696 0.319245 0.691926 0.0103701
1 0.243705 0.521283 0.215331 0.425634 0.00800343
1 0.370204 0.547771 0.492164 0.47842 0.00524181
1 0.91546 0.691571 0.16587 0.616857 0.00430952
1 0.185057 0.448744 0.296106 0.608419 0.0038471
1 0.700263 0.457818 0.546936 0.845809 0.00274944
1 0.716498 0.0877993 0.436696 0.165786 0.00176355
1 0.533421 0.558443 0.369427 0.466761 0.00172327
1 0.666186 0.438467 0.233623 0.785596 0.00156427
1 0.917952 0.842813 0.142769 0.302597 0.00156048
1 0.848232 0.500039 0.298819 0.914837 0.00133329
1 0.955887 0.617132 0.0878861 0.707036 0.00133212
