1 0.622693 0.372962 0.683896 0.726907 0.123605
1 0.368931 0.350794 0.476137 0.670229 0.032451
1 0.4944 0.132002 0.517311 0.264001 0.0223232
1 0.611969 0.566219 0.618541 0.465997 0.0178768
1 0.411001 0.511441 0.195495 0.279911 0.0159913
1 0.837377 0.442643 0.224566 0.459 0.0149317
1 0.210635 0.397682 0.231991 0.50657 0.0145335
1 0.312117 0.496972 0.362121 0.330256 0.0131497
1 0.422947 0.145892 0.251733 0.255586 0.0109334
1 0.739789 0.416696 0.415796 0.596356 0.0089558
1 0.377012 0.1914 0.377429 0.339763 0.00700086
1 0.437298 0.35771 0.252769 0.623629 0.00688364
1 0.557937 0.0791086 0.434716 0.157052 0.00634624
1 0.757002 0.580153 0.391904 0.393129 0.00562485
1 0.494889 0.502232 0.330028 0.392382 0.00551271
1 0.811955 0.517969 0.203887 0.278214 0.00459276
1 0.346655 0.105263 0.426691 0.190606 0.00445978
1 0.39519 0.553921 0.392894 0.410169 0.00350953
1 0.757534 0.215074 0.469398 0.409663 0.00341916
1 0.729665 0.100557 0.521681 0.191823 0.00249993
1 0.191287 0.36728 0.363073 0.708523 0.00230927
1 0.225672 0.52106 0.270574 0.291714 0.00207657
1 0.261301 0.0727381 0.455661 0.145476 0.00192169
1 0.67751 0.0715518 0.282832 0.139588 0.00184648
1 0.248527 0.226439 0.413767 0.435411 0.00130192
