1 0.491188 0.455746 0.826958 0.888856 0.339417
1 0.683463 0.446629 0.368455 0.791793 0.08863
1 0.314916 0.466083 0.409247 0.794263 0.0753824
1 0.540596 0.466417 0.481789 0.744531 0.0275469
1 0.248264 0.497892 0.249762 0.63094 0.0227001
1 0.531105 0.677948 0.611077 0.437649 0.0205136
1 0.653766 0.660502 0.347806 0.353484 0.0182085
1 0.318318 0.680094 0.372081 0.344683 0.0147941
1 0.178045 0.51799 0.356091 0.816273 0.00546888
1 0.350852 0.748234 0.551523 0.414078 0.00521998
1 0.222174 0.0754156 0.384831 0.147736 0.0035981
1 0.207941 0.687858 0.267007 0.38794 0.00343742
1 0.286611 0.151618 0.341639 0.24315 0.00224136
1 0.311445 0.34936 0.250578 0.371831 0.00223983
1 0.696197 0.856369 0.475446 0.274957 0.00218415
1 0.401576 0.118489 0.6465 0.222819 0.00155177
1 0.771323 0.475842 0.278539 0.658948 0.00152869
1 0.234904 0.841118 0.376078 0.273818 0.00146552
1 0.456175 0.832979 0.800205 0.294598 0.00128908
1 0.331956 0.288049 0.197534 0.230587 0.00104326
