1 0.227861 0.669478 0.367923 0.647481 0.0619448
1 0.663255 0.661395 0.427731 0.667378 0.0535601
1 0.79911 0.689694 0.320878 0.618328 0.0377995
1 0.228073 0.415692 0.302362 0.574955 0.0300578
1 0.461831 0.64445 0.800221 0.692559 0.0249493
1 0.209825 0.5802 0.275324 0.403891 0.0177344
1 0.705757 0.515617 0.304662 0.448298 0.0176008
1 0.729811 0.7862 0.350158 0.426556 0.0167462
1 0.301952 0.466541 0.530652 0.738612 0.0156411
1 0.651225 0.413643 0.392933 0.508278 0.00779187
1 0.13041 0.667664 0.193387 0.646438 0.00727969
1 0.196236 0.809148 0.349183 0.372942 0.00598698
1 0.150448 0.45976 0.187201 0.554464 0.00432589
1 0.134283 0.518377 0.131032 0.388618 0.0040627
1 0.633221 0.0898368 0.326349 0.15225 0.00350151
1 0.612929 0.137433 0.308452 0.16734 0.00319388
1 0.243347 0.108302 0.465752 0.195974 0.00310052
1 0.632033 0.283981 0.331456 0.406332 0.00296557
1 0.825087 0.86141 0.286789 0.261211 0.0029491
1 0.741244 0.927844 0.301823 0.138716 0.00280299
1 0.107613 0.797569 0.165374 0.391203 0.00245479
1 0.862236 0.782054 0.249796 0.403764 0.00240794
1 0.571595 0.80439 0.68208 0.390683 0.00215967
1 0.426181 0.0903869 0.722647 0.175017 0.0020369
1 0.891834 0.943303 0.216333 0.10741 0.00140182
1 0.728802 0.103678 0.489368 0.195883 0.00134834
1 0.257591 0.913849 0.42323 0.165713 0.00104948
