1 0.525532 0.393418 0.701574 0.600459 0.0286321
1 0.338853 0.389339 0.428516 0.498312 0.0194629
1 0.311272 0.483471 0.350711 0.27992 0.0188045
1 0.624948 0.50317 0.502862 0.306201 0.00622897
1 0.76961 0.499524 0.25128 0.222719 0.00387191
1 0.717667 0.401406 0.348455 0.398803 0.00241013
1 0.890223 0.912092 0.191149 0.169149 0.00217974
1 0.212344 0.339462 0.352838 0.537574 0.00194996
1 0.578688 0.617648 0.687765 0.566678 0.001858
1 0.829387 0.946013 0.299626 0.10357 0.00181773
1 0.788109 0.910093 0.388823 0.175649 0.00138481
1 0.273975 0.0732011 0.485326 0.141768 0.00127159
1 0.80261 0.444309 0.300675 0.358739 0.00119622
1 0.712452 0.0876275 0.556331 0.172519 0.00109756
1 0.372173 0.106612 0.582682 0.188513 0.00106301
1 0.35787 0.0585285 0.258431 0.108763 0.00103292
