1 0.524081 0.439716 0.919648 0.872673 0.17826
1 0.312995 0.395344 0.524571 0.78294 0.060014
1 0.295194 0.595258 0.300542 0.264723 0.0556936
1 0.475948 0.126763 0.702262 0.251364 0.0485635
1 0.314747 0.607699 0.40799 0.42206 0.0235958
1 0.495209 0.397333 0.486009 0.794666 0.0174107
1 0.267423 0.127072 0.505387 0.241935 0.017006
1 0.335761 0.198863 0.584891 0.387951 0.0169537
1 0.587992 0.0764479 0.582227 0.151693 0.0129447
1 0.240908 0.37904 0.294754 0.677395 0.0125125
1 0.217042 0.537457 0.249925 0.379254 0.00737879
1 0.58201 0.242634 0.694884 0.484682 0.00722548
1 0.549155 0.670497 0.626587 0.47219 0.00490407
1 0.249924 0.700991 0.390354 0.377989 0.00443327
1 0.766229 0.412933 0.461038 0.775976 0.0043555
1 0.71532 0.12305 0.565857 0.2461 0.00236507
1 0.697995 0.731205 0.525441 0.453013 0.00124001
1 0.690095 0.628712 0.32934 0.363463 0.00117328
