1 0.450152 0.42263 0.894689 0.84526 0.0474569
1 0.264795 0.39103 0.380482 0.656864 0.0468064
1 0.273849 0.493395 0.290383 0.369578 0.0165581
1 0.295182 0.638418 0.290727 0.215603 0.0121276
1 0.265862 0.294405 0.236967 0.289606 0.0120216
1 0.766868 0.862836 0.44647 0.267042 0.0101764
1 0.541738 0.828574 0.916524 0.342852 0.00873703
1 0.867023 0.876488 0.245033 0.242785 0.008268
1 0.78537 0.936411 0.397065 0.12538 0.00754237
1 0.339722 0.711524 0.405691 0.395362 0.00749111
1 0.419683 0.699958 0.633197 0.581736 0.00650817
1 0.245622 0.221152 0.422787 0.417672 0.00601033
1 0.306101 0.837269 0.494636 0.319523 0.0041631
1 0.598773 0.90351 0.775367 0.192816 0.00403787
1 0.213755 0.667873 0.346981 0.182386 0.00302048
1 0.262196 0.411676 0.524392 0.817357 0.00296553
1 0.792558 0.751758 0.382437 0.48006 0.00238758
1 0.239262 0.908547 0.429506 0.180685 0.00189637
1 0.2337 0.120697 0.4674 0.22807 0.00157882
1 0.210433 0.744771 0.367129 0.276423 0.00157043
1 0.338285 0.938433 0.504523 0.120114 0.00156573
1 0.682442 0.0855646 0.422269 0.16219 0.00146511
1 0.408125 0.284371 0.584304 0.567444 0.00129278
1 0.649311 0.676271 0.671885 0.633272 0.00122752
1 0.672717 0.334092 0.621269 0.652668 0.00115335
1 0.153724 0.870523 0.275717 0.238496 0.00113136
