1 0.465388 0.48864 0.693528 0.696838 0.204773
1 0.288628 0.66718 0.275946 0.287951 0.0673302
1 0.595513 0.476887 0.374262 0.596815 0.0619549
1 0.478092 0.670288 0.69749 0.432674 0.0426529
1 0.288564 0.50184 0.315208 0.638811 0.0328493
1 0.680775 0.491638 0.245865 0.516703 0.0188095
1 0.690748 0.620302 0.22052 0.27187 0.0161872
1 0.599618 0.628635 0.421388 0.33624 0.00845997
1 0.239732 0.734665 0.34893 0.341302 0.00486046
1 0.35487 0.324676 0.199139 0.297668 0.00456567
1 0.785576 0.490503 0.299035 0.568633 0.0032128
1 0.607929 0.328993 0.227552 0.313467 0.00286652
1 0.446447 0.435421 0.340437 0.552973 0.00241122
1 0.441823 0.301256 0.296608 0.314619 0.00171591
1 0.591364 0.26008 0.189133 0.168045 0.00166964
1 0.740192 0.437181 0.454786 0.766853 0.00148651
1 0.148859 0.546285 0.257632 0.651196 0.00147124
