1 0.556677 0.454206 0.671705 0.723927 0.149047
1 0.317985 0.42945 0.303981 0.561825 0.115798
1 0.729187 0.449232 0.370423 0.629908 0.012774
1 0.214177 0.440186 0.318617 0.567355 0.00930121
1 0.713843 0.239428 0.277613 0.356034 0.0065258
1 0.371826 0.245403 0.192817 0.281481 0.00553225
1 0.362433 0.541365 0.234633 0.374944 0.00499403
1 0.800836 0.34759 0.306715 0.576211 0.0039385
1 0.685136 0.231938 0.214067 0.19832 0.00270826
1 0.107955 0.461916 0.152974 0.62532 0.00225907
1 0.414587 0.254915 0.295708 0.401721 0.00200841
1 0.722736 0.691172 0.216217 0.222724 0.00161077
1 0.702796 0.576095 0.26513 0.381288 0.00158952
1 0.482187 0.198591 0.38495 0.237034 0.00145673
1 0.822666 0.438371 0.222335 0.397636 0.00140968
1 0.540881 0.670733 0.629018 0.57017 0.0012456
1 0.440202 0.584201 0.365459 0.425317 0.00119515
