1 0.513105 0.689799 0.691437 0.616819 0.0511368
1 0.533718 0.37869 0.553675 0.657565 0.0378156
1 0.302193 0.536536 0.258565 0.215928 0.0189542
1 0.323547 0.350704 0.467228 0.622022 0.0158191
1 0.436271 0.529608 0.64163 0.373816 0.0121885
1 0.322456 0.500425 0.353844 0.347411 0.0121607
1 0.575569 0.820024 0.567933 0.353366 0.0116511
1 0.536789 0.428674 0.91169 0.844954 0.0111304
1 0.247272 0.456391 0.225297 0.375924 0.00614436
1 0.753863 0.879786 0.299572 0.236209 0.00465849
1 0.589314 0.942405 0.548809 0.111857 0.00447995
1 0.730084 0.952638 0.303707 0.0947232 0.00444029
1 0.792451 0.92656 0.24007 0.144974 0.00364643
1 0.181198 0.393801 0.301821 0.519792 0.00321277
1 0.760892 0.364484 0.290828 0.630546 0.00301409
1 0.655767 0.345082 0.297797 0.632628 0.00279336
1 0.613656 0.517459 0.386703 0.338689 0.00227656
1 0.738789 0.737961 0.29332 0.506641 0.00171491
1 0.276544 0.602686 0.328721 0.295669 0.00149093
1 0.721467 0.540207 0.212385 0.31013 0.00148292
1 0.560272 0.0578895 0.39679 0.114458 0.00131055
1 0.858312 0.871244 0.206032 0.252977 0.00130777
1 0.767861 0.558497 0.307319 0.558712 0.0012668
1 0.626612 0.0847511 0.287775 0.157212 0.00103378
1 0.381632 0.058768 0.341616 0.116035 0.00100246
