1 0.383986 0.817456 0.594902 0.358763 0.0569806
1 0.311115 0.702523 0.430595 0.513401 0.0323615
1 0.589448 0.462688 0.398577 0.909584 0.0152176
1 0.280815 0.509667 0.501503 0.853312 0.0111211
1 0.223054 0.835585 0.298744 0.251445 0.00794055
1 0.455213 0.906115 0.619888 0.179732 0.00539215
1 0.18247 0.652023 0.263439 0.539901 0.00344037
1 0.588688 0.880247 0.375576 0.219477 0.00336896
1 0.511986 0.709343 0.40584 0.540162 0.00323581
1 0.644163 0.117254 0.297865 0.212523 0.00279238
1 0.145461 0.304821 0.280535 0.562535 0.00239157
1 0.732704 0.0867791 0.472923 0.168111 0.00222794
1 0.528496 0.94865 0.474175 0.1027 0.0021616
1 0.540008 0.812343 0.372157 0.288861 0.00199677
1 0.596265 0.18445 0.272004 0.351194 0.0015234
1 0.115676 0.763857 0.108831 0.299915 0.00146331
1 0.300677 0.925872 0.417787 0.144516 0.00140049
1 0.122391 0.560098 0.231956 0.749851 0.00132435
