1 0.575183 0.563267 0.781406 0.831408 0.333225
1 0.76843 0.586554 0.400966 0.798331 0.221425
1 0.316648 0.657567 0.24926 0.375587 0.0792152
1 0.43711 0.480351 0.447565 0.764467 0.0717458
1 0.32957 0.655683 0.344647 0.583935 0.0328804
1 0.338861 0.526582 0.265242 0.537773 0.0174794
1 0.825431 0.758108 0.269939 0.466557 0.0156786
1 0.474004 0.754502 0.622257 0.490162 0.00529635
1 0.392935 0.423893 0.255279 0.719401 0.00446104
1 0.737518 0.8353 0.476017 0.325245 0.00378132
1 0.240048 0.596684 0.263314 0.531959 0.00335202
1 0.283934 0.495975 0.469547 0.755715 0.00297786
1 0.740982 0.48186 0.233075 0.493128 0.001833
1 0.322919 0.770622 0.491111 0.406813 0.00171298
1 0.782667 0.90378 0.364069 0.18563 0.00157963
1 0.845068 0.54349 0.26526 0.595573 0.00134237
1 0.409085 0.684314 0.40475 0.383842 0.00114597
1 0.373771 0.21463 0.28041 0.31041 0.0011131
