1 0.453717 0.424124 0.833218 0.846346 0.309747
1 0.602212 0.673802 0.556504 0.645581 0.167044
1 0.29769 0.351526 0.421924 0.702803 0.0387557
1 0.679831 0.627837 0.346199 0.466855 0.0310432
1 0.733276 0.506837 0.391255 0.773884 0.011622
1 0.756182 0.700682 0.290994 0.573911 0.0115855
1 0.637974 0.371689 0.410852 0.717338 0.00642589
1 0.327004 0.141541 0.523419 0.281219 0.00496662
1 0.288683 0.0873291 0.405114 0.170771 0.00333046
1 0.382198 0.060989 0.397944 0.119435 0.00204899
1 0.471207 0.103283 0.679026 0.203489 0.0019475
1 0.251855 0.562266 0.296533 0.275734 0.00134595
1 0.579662 0.162082 0.500725 0.3104 0.00127195
