1 0.45503 0.408164 0.716745 0.808942 0.155527
1 0.380806 0.353146 0.412697 0.699372 0.0746628
1 0.236178 0.377133 0.298556 0.692649 0.0299793
1 0.641395 0.35785 0.33529 0.700356 0.0247548
1 0.245693 0.474765 0.205414 0.434854 0.0146631
1 0.776572 0.400129 0.409652 0.785112 0.00503033
1 0.723244 0.456343 0.197342 0.408853 0.00494173
1 0.646405 0.610803 0.322736 0.407521 0.00325688
1 0.620625 0.522215 0.574005 0.660237 0.00260063
1 0.145769 0.398881 0.276185 0.768788 0.00251226
1 0.621444 0.0602511 0.318307 0.118786 0.00187053
1 0.492744 0.0907599 0.53342 0.178857 0.00184302
1 0.622026 0.141791 0.329785 0.268859 0.00177737
1 0.337623 0.0787583 0.268134 0.150942 0.00168757
1 0.318239 0.491735 0.253605 0.380736 0.00160922
1 0.31075 0.490886 0.396435 0.523974 0.00118746
1 0.41558 0.143936 0.475647 0.28513 0.0010995
1 0.274324 0.412308 0.548647 0.811682 0.00102413
