1 0.364426 0.842605 0.460417 0.304052 0.00888935
1 0.357047 0.724101 0.392759 0.402518 0.00609375
1 0.418223 0.418669 0.461787 0.837339 0.00367511
1 0.821059 0.875196 0.305946 0.234027 0.00212879
1 0.353077 0.129267 0.275855 0.210774 0.00193876
1 0.69945 0.853892 0.487774 0.270143 0.00193643
1 0.865236 0.920868 0.216095 0.149156 0.00191777
1 0.764291 0.919271 0.384752 0.153869 0.00152633
1 0.318352 0.923112 0.406452 0.146186 0.00134053
1 0.81449 0.950868 0.290609 0.0937908 0.00118193
1 0.608981 0.944235 0.57065 0.107704 0.0011373
