1 0.445775 0.542135 0.654523 0.849749 0.112921
1 0.513557 0.813081 0.6545 0.373838 0.0505891
1 0.597398 0.741025 0.38617 0.505467 0.0091826
1 0.409833 0.709186 0.491642 0.343387 0.00685765
1 0.253276 0.588121 0.238285 0.493825 0.00522517
1 0.328201 0.468151 0.352686 0.728303 0.00471039
1 0.289192 0.693377 0.215434 0.229623 0.00458136
1 0.658373 0.855103 0.37355 0.285033 0.00416341
1 0.646794 0.553334 0.58254 0.864115 0.00290623
1 0.311727 0.66144 0.288578 0.350631 0.00240161
1 0.540541 0.478247 0.382584 0.662726 0.00137543
1 0.614706 0.630938 0.282234 0.390482 0.00117149
1 0.472806 0.9033 0.719378 0.1934 0.00110291
