1 0.170148 0.670127 0.279365 0.576399 0.274615
1 0.810888 0.836271 0.247335 0.322957 0.0957762
1 0.207801 0.794831 0.327391 0.377609 0.0706703
1 0.844908 0.677993 0.290912 0.644015 0.0623865
1 0.666721 0.643625 0.577473 0.696764 0.0499302
1 0.698617 0.827287 0.516503 0.342686 0.0371213
1 0.38078 0.627616 0.730046 0.719853 0.0336965
1 0.368351 0.806524 0.704216 0.375227 0.0168565
1 0.202828 0.920581 0.344825 0.111054 0.0126176
1 0.827756 0.907989 0.242353 0.174535 0.00982834
1 0.256344 0.576718 0.388691 0.69094 0.00976793
1 0.599375 0.903419 0.686463 0.19145 0.00580635
1 0.315917 0.105275 0.45196 0.192996 0.00505253
1 0.851226 0.927791 0.238971 0.0874392 0.00503285
1 0.614416 0.775102 0.771168 0.420167 0.00428202
1 0.116452 0.790157 0.21502 0.325734 0.00211241
1 0.377624 0.922483 0.64156 0.154227 0.00194525
1 0.293169 0.075318 0.305812 0.138457 0.00188008
1 0.920196 0.631111 0.157224 0.673136 0.00162475
1 0.758975 0.925262 0.312037 0.104536 0.00156041
1 0.148141 0.891109 0.238821 0.209372 0.00154815
1 0.0860884 0.590329 0.157783 0.67776 0.00138606
1 0.922529 0.937831 0.1257 0.104525 0.00136193
