1 0.500006 0.448194 0.999988 0.893332 0.132545
1 0.675436 0.398781 0.460455 0.697435 0.0297139
1 0.49317 0.593107 0.569075 0.455255 0.0242742
1 0.667805 0.585783 0.4459 0.408972 0.0234156
1 0.251699 0.424281 0.503397 0.77171 0.0179344
1 0.461751 0.393546 0.578464 0.74746 0.0140363
1 0.259348 0.0747812 0.518696 0.148153 0.00939532
1 0.382748 0.105358 0.747551 0.204066 0.00886521
1 0.281598 0.568235 0.506731 0.410117 0.00815104
1 0.215825 0.548433 0.33382 0.304126 0.0043895
1 0.600416 0.0910622 0.665888 0.172993 0.00398115
1 0.151502 0.413226 0.286131 0.641936 0.00335889
1 0.216354 0.145131 0.423154 0.274182 0.00257419
1 0.168464 0.631185 0.29761 0.3745 0.00240425
1 0.354222 0.220911 0.655521 0.440962 0.00237464
1 0.802432 0.509432 0.325662 0.516676 0.00230712
1 0.671705 0.133381 0.418501 0.217699 0.00207261
1 0.808701 0.534295 0.221802 0.315895 0.0017408
1 0.645773 0.249125 0.376597 0.421843 0.00152772
