1 0.437561 0.422357 0.76252 0.749789 0.201809
1 0.22784 0.42039 0.365906 0.630527 0.0407671
1 0.552807 0.630873 0.574398 0.392574 0.0277191
1 0.643006 0.615594 0.332845 0.306874 0.0172823
1 0.688744 0.449758 0.42338 0.724263 0.0141887
1 0.232839 0.599549 0.308951 0.287603 0.00806743
1 0.365477 0.595276 0.561855 0.3262 0.00341816
1 0.296598 0.232237 0.302749 0.313034 0.00316515
1 0.293487 0.215539 0.228687 0.191582 0.00192275
1 0.655103 0.253586 0.274009 0.35453 0.00186038
1 0.763371 0.32549 0.348698 0.447136 0.00157656
1 0.133947 0.648068 0.157399 0.184077 0.00157316
1 0.367093 0.248023 0.399492 0.43177 0.00108063
