1 0.505389 0.455007 0.989222 0.909356 0.0666118
1 0.296081 0.45013 0.493844 0.879445 0.0181015
1 0.537536 0.0971617 0.61408 0.194323 0.00947676
1 0.425882 0.352172 0.448751 0.700457 0.00773874
1 0.660758 0.205238 0.564461 0.410477 0.00717418
1 0.259695 0.284613 0.323825 0.525355 0.00689436
1 0.64176 0.0677629 0.40984 0.135473 0.00596175
1 0.344809 0.161806 0.405866 0.31504 0.00508333
1 0.178846 0.402893 0.287759 0.778265 0.00449443
1 0.379193 0.0718897 0.332624 0.142223 0.00432037
1 0.732793 0.721391 0.472753 0.514958 0.00347806
1 0.710682 0.126944 0.445433 0.250989 0.00294066
1 0.820734 0.886171 0.336891 0.227658 0.00272536
1 0.852516 0.759383 0.243486 0.431902 0.00253286
1 0.899964 0.820518 0.155324 0.309895 0.00240747
1 0.900123 0.896351 0.182614 0.190804 0.00220525
1 0.722458 0.374135 0.506135 0.733198 0.00220474
1 0.896366 0.64076 0.156788 0.649443 0.00201186
1 0.495721 0.49941 0.412709 0.583608 0.00188732
1 0.84589 0.491748 0.294425 0.944901 0.00176516
1 0.859626 0.934866 0.241889 0.0968699 0.00157329
1 0.170679 0.633809 0.258823 0.562208 0.00155196
1 0.185204 0.78994 0.27063 0.37448 0.00142902
1 0.714923 0.842336 0.55212 0.295649 0.00105205
1 0.207717 0.875667 0.330372 0.247915 0.00104225
