1 0.595751 0.502107 0.804375 0.879389 0.162855
1 0.760162 0.505467 0.420042 0.654241 0.0495432
1 0.768084 0.689641 0.360715 0.381967 0.0229719
1 0.258844 0.645119 0.210823 0.581313 0.0180995
1 0.39072 0.532425 0.431518 0.747902 0.0166481
1 0.37186 0.733856 0.428758 0.436606 0.0139612
1 0.661066 0.78865 0.673516 0.414114 0.00969833
1 0.448192 0.849679 0.527261 0.277596 0.00749544
1 0.267677 0.598049 0.357652 0.717016 0.00634901
1 0.800572 0.840204 0.391402 0.299096 0.00400579
1 0.264726 0.765532 0.178332 0.332981 0.00357193
1 0.767897 0.240916 0.413306 0.33856 0.00326469
1 0.547416 0.529982 0.456767 0.754868 0.00320141
1 0.380224 0.281099 0.241257 0.197516 0.00289394
1 0.766579 0.929167 0.440594 0.110065 0.00279629
1 0.425831 0.925951 0.458862 0.128093 0.00250666
1 0.420485 0.243876 0.451473 0.332201 0.00218861
1 0.755203 0.135349 0.373374 0.216144 0.00208553
1 0.351573 0.422119 0.283576 0.44012 0.00189318
1 0.682467 0.914996 0.612312 0.170007 0.00164767
1 0.128164 0.604892 0.220852 0.75397 0.00123304
1 0.301653 0.830922 0.290511 0.317242 0.00118582
