1 0.587439 0.576979 0.775632 0.75339 0.0157876
1 0.297854 0.559105 0.197571 0.524979 0.0132608
1 0.38999 0.524277 0.38278 0.640777 0.0113632
1 0.65862 0.808215 0.626612 0.370353 0.00879675
1 0.340882 0.672908 0.301176 0.35573 0.00668807
1 0.778198 0.685109 0.428935 0.608872 0.00550231
1 0.431354 0.717818 0.280724 0.245358 0.00510532
1 0.790242 0.842169 0.388611 0.300813 0.00506782
1 0.429996 0.695188 0.530759 0.474867 0.00302981
1 0.88097 0.507756 0.225203 0.480773 0.00258366
1 0.85762 0.872314 0.240474 0.242163 0.00255713
1 0.210906 0.568838 0.323003 0.646034 0.00234583
1 0.751078 0.911531 0.441525 0.175987 0.0020887
1 0.524385 0.727532 0.357396 0.350032 0.00188016
1 0.546976 0.525643 0.42137 0.718646 0.00181823
1 0.892151 0.775513 0.177487 0.410594 0.00180518
1 0.262713 0.695363 0.203157 0.38552 0.00161343
1 0.428391 0.250234 0.238551 0.262532 0.00148051
1 0.736535 0.449664 0.518221 0.87401 0.00142719
1 0.519185 0.223479 0.552603 0.365438 0.00114169
