1 0.540548 0.645737 0.544658 0.688912 0.033114
1 0.374361 0.646786 0.277486 0.631838 0.0262576
1 0.558379 0.812282 0.618616 0.369004 0.021045
1 0.387864 0.893205 0.602824 0.21359 0.0137716
1 0.350011 0.819336 0.189226 0.248101 0.01269
1 0.697752 0.87479 0.494578 0.249547 0.0116131
1 0.739995 0.797594 0.26114 0.293427 0.0107577
1 0.320185 0.758092 0.261628 0.420049 0.0104785
1 0.45554 0.92957 0.696918 0.106657 0.0093951
1 0.310705 0.825525 0.439812 0.302835 0.00858128
1 0.744227 0.670316 0.413505 0.623025 0.00754041
1 0.265026 0.93648 0.318029 0.103619 0.00725796
1 0.261688 0.677769 0.404576 0.622726 0.00621587
1 0.811344 0.893579 0.33437 0.189818 0.0059619
1 0.805916 0.933362 0.320207 0.0800405 0.00296626
1 0.56353 0.917253 0.606795 0.165285 0.00235267
1 0.23101 0.904583 0.39394 0.183045 0.00208887
1 0.676872 0.928457 0.414366 0.10032 0.0018447
1 0.708055 0.33203 0.572007 0.221817 0.00152678
1 0.375553 0.513083 0.219032 0.384913 0.00132068
1 0.747004 0.446833 0.493805 0.536497 0.00108412
