1 0.539092 0.387572 0.921817 0.775144 0.0710036
1 0.313467 0.359737 0.500626 0.686131 0.0308269
1 0.321894 0.547526 0.366777 0.332694 0.00730348
1 0.566373 0.748169 0.867254 0.503663 0.00648488
1 0.788205 0.460251 0.422703 0.885857 0.00494973
1 0.873686 0.798612 0.252628 0.400621 0.00443995
1 0.704083 0.227725 0.550918 0.454857 0.00311241
1 0.786482 0.121122 0.400959 0.233146 0.0026993
1 0.730358 0.808648 0.539283 0.377766 0.00231181
1 0.924761 0.699159 0.150116 0.560565 0.00223629
1 0.858711 0.905675 0.274644 0.183974 0.00183381
1 0.417319 0.214922 0.579762 0.420628 0.00173333
1 0.561581 0.913504 0.876838 0.172993 0.00161285
1 0.376798 0.536516 0.647596 0.58162 0.00160062
1 0.706599 0.0720416 0.564548 0.1434 0.00147725
1 0.942463 0.460985 0.113906 0.838216 0.00123785
1 0.731597 0.943339 0.524134 0.113321 0.0012291
