1 0.153269 0.342314 0.292702 0.48439 0.156288
1 0.429538 0.388239 0.843285 0.731821 0.0824598
1 0.256529 0.327424 0.513058 0.612277 0.0314537
1 0.661216 0.388109 0.356795 0.635957 0.0260071
1 0.693604 0.568612 0.257407 0.237729 0.0235316
1 0.64539 0.576225 0.376258 0.335589 0.011936
1 0.741515 0.525861 0.212788 0.35105 0.011813
1 0.7751 0.447161 0.194688 0.578578 0.00655495
1 0.681141 0.533428 0.47967 0.576389 0.00382011
1 0.534458 0.594057 0.630677 0.453967 0.00319082
1 0.320941 0.212998 0.48253 0.388158 0.00307956
1 0.222906 0.492132 0.415943 0.655736 0.00289543
1 0.757462 0.642532 0.231503 0.336997 0.00243422
1 0.778704 0.671884 0.347686 0.551897 0.00146319
1 0.685877 0.693617 0.366843 0.414838 0.00143875
1 0.250028 0.112829 0.445198 0.210795 0.00134838
1 0.16728 0.201139 0.314951 0.370906 0.00128882
1 0.68432 0.724867 0.621122 0.498743 0.00104521
