1 0.105296 0.642756 0.196489 0.496985 0.0593679
1 0.173696 0.622739 0.341037 0.679815 0.0259839
1 0.48885 0.596777 0.585869 0.737683 0.0174219
1 0.654706 0.600745 0.330006 0.703231 0.0124191
1 0.211108 0.77714 0.418718 0.426783 0.00786018
1 0.727485 0.671475 0.225363 0.587236 0.00585716
1 0.275707 0.871985 0.551414 0.244761 0.00323181
1 0.712047 0.789476 0.158563 0.258981 0.00289364
1 0.241563 0.926592 0.483126 0.12706 0.00228076
1 0.581385 0.813805 0.403888 0.325032 0.00220081
1 0.131417 0.818897 0.262834 0.301259 0.00171639
1 0.117031 0.445381 0.22578 0.74959 0.00143225
1 0.297154 0.596792 0.461685 0.677101 0.00139377
1 0.0746421 0.800124 0.146162 0.377789 0.00132141
1 0.604387 0.447245 0.241363 0.423925 0.00122911
1 0.745806 0.805731 0.278362 0.372739 0.0010192
1 0.375997 0.750194 0.751993 0.495087 0.00100792
