1 0.474005 0.486526 0.880081 0.929732 0.296105
1 0.701422 0.39519 0.359616 0.731435 0.171869
1 0.278661 0.518104 0.448055 0.8048 0.126545
1 0.200353 0.722007 0.187484 0.289535 0.0790503
1 0.72419 0.458305 0.232202 0.466168 0.0472882
1 0.24917 0.798576 0.393812 0.329256 0.0449488
1 0.165467 0.70159 0.241856 0.491873 0.0380533
1 0.7344 0.531308 0.182159 0.275549 0.0298944
1 0.195251 0.517274 0.239289 0.709801 0.0209382
1 0.747344 0.595069 0.332344 0.554981 0.0168479
1 0.807791 0.400368 0.307031 0.797428 0.0148591
1 0.137253 0.552665 0.274506 0.870604 0.00927354
1 0.255279 0.92533 0.421308 0.11247 0.00874643
1 0.334246 0.857441 0.621636 0.254742 0.00792953
1 0.460227 0.748012 0.790301 0.472461 0.00665618
1 0.567305 0.44754 0.510858 0.679757 0.00657721
1 0.23664 0.713634 0.29565 0.391701 0.00522871
1 0.181425 0.780574 0.362849 0.414191 0.00367286
1 0.112524 0.648419 0.214782 0.703161 0.00299376
1 0.638171 0.604692 0.425544 0.451424 0.00234358
1 0.24332 0.312528 0.236592 0.310841 0.00187847
1 0.880605 0.378138 0.148898 0.689148 0.00176682
1 0.140549 0.833492 0.201492 0.303276 0.00176299
1 0.626891 0.22226 0.418209 0.386873 0.00167908
1 0.127191 0.932777 0.254383 0.134445 0.00164925
1 0.281438 0.267117 0.161393 0.225709 0.00128922
1 0.180008 0.187078 0.273179 0.209549 0.00121405
1 0.0649542 0.553253 0.124266 0.818597 0.00120648
