1 0.575532 0.445004 0.839875 0.807813 0.0349258
1 0.347257 0.627917 0.422634 0.300332 0.015479
1 0.611396 0.674158 0.591881 0.424862 0.00905776
1 0.26446 0.626551 0.210981 0.280044 0.0082573
1 0.410199 0.515078 0.441599 0.583432 0.00663868
1 0.24091 0.51272 0.223487 0.527618 0.00622462
1 0.833716 0.580458 0.185028 0.465924 0.00598864
1 0.834746 0.694193 0.163576 0.220794 0.00540449
1 0.567995 0.523889 0.487828 0.586065 0.00393182
1 0.787615 0.755341 0.243263 0.214504 0.00364831
1 0.737232 0.704059 0.323142 0.257528 0.00361412
1 0.750114 0.567713 0.341897 0.554099 0.00297494
1 0.74347 0.811951 0.358477 0.252908 0.00257814
1 0.852701 0.766376 0.165203 0.235706 0.00226498
1 0.495835 0.616316 0.339028 0.322376 0.00177462
1 0.84838 0.539867 0.263396 0.731997 0.00174419
1 0.855174 0.838154 0.179698 0.223252 0.00148589
1 0.624781 0.806609 0.579431 0.31465 0.00122623
1 0.736484 0.867096 0.486269 0.199132 0.00105114
1 0.30162 0.7393 0.376821 0.314596 0.00104588
