1 0.395277 0.434735 0.421498 0.627415 0.0378962
1 0.353046 0.569893 0.331692 0.272997 0.0346815
1 0.395965 0.589858 0.486208 0.39442 0.023271
1 0.278562 0.512723 0.210979 0.333306 0.0113507
1 0.619299 0.628141 0.60635 0.411147 0.00865267
1 0.464264 0.535846 0.74247 0.572322 0.00813739
1 0.640283 0.457025 0.482094 0.681343 0.00724918
1 0.704636 0.654428 0.472693 0.265457 0.00464549
1 0.467161 0.595612 0.284065 0.318975 0.00406686
1 0.80559 0.662631 0.291488 0.169929 0.00406263
1 0.400138 0.308084 0.344618 0.329652 0.0036164
1 0.236824 0.43574 0.280864 0.538687 0.00302923
1 0.803713 0.107218 0.364978 0.181718 0.00298969
1 0.450105 0.266681 0.201871 0.196719 0.00285321
1 0.86642 0.721666 0.208627 0.181584 0.00261724
1 0.880462 0.619171 0.147599 0.211486 0.00205721
1 0.257523 0.627776 0.342329 0.333122 0.00183106
1 0.37568 0.715242 0.586471 0.449618 0.00148703
1 0.887706 0.439544 0.17719 0.761756 0.00136183
1 0.471515 0.367844 0.234252 0.497167 0.00127921
1 0.461088 0.105315 0.638063 0.1966 0.00124486
1 0.740762 0.738129 0.486981 0.276441 0.00121853
1 0.313128 0.0749647 0.521863 0.149918 0.00111818
1 0.839619 0.630519 0.268435 0.369223 0.00106867
