1 0.390677 0.426809 0.780624 0.824725 0.480202
1 0.229769 0.389684 0.407445 0.691054 0.122778
1 0.55648 0.506897 0.444799 0.62364 0.0586659
1 0.705256 0.524977 0.261065 0.613909 0.0175946
1 0.488392 0.595544 0.707587 0.653334 0.00985199
1 0.636844 0.649975 0.264517 0.29235 0.00605705
1 0.243733 0.561183 0.375118 0.401577 0.00576319
1 0.20593 0.173546 0.401088 0.347093 0.00514412
1 0.129798 0.453469 0.20947 0.525559 0.00441995
1 0.222359 0.476502 0.444718 0.915308 0.00314839
1 0.666092 0.434258 0.444489 0.840288 0.0031038
1 0.190699 0.0776322 0.369828 0.149839 0.0018136
1 0.10547 0.382055 0.21094 0.761423 0.00164569
