1 0.539739 0.351774 0.841597 0.703548 0.0728892
1 0.442209 0.517826 0.642302 0.395619 0.0168891
1 0.650053 0.327557 0.382534 0.630031 0.0139149
1 0.274097 0.541775 0.213037 0.285464 0.00960233
1 0.521173 0.0912769 0.514876 0.181221 0.00849665
1 0.619637 0.494323 0.435065 0.310501 0.00817786
1 0.366763 0.358591 0.431883 0.645771 0.00756322
1 0.766359 0.494927 0.167854 0.254554 0.00539691
1 0.76242 0.329323 0.214761 0.603357 0.00529111
1 0.638762 0.0673695 0.369072 0.132516 0.00486362
1 0.474938 0.224788 0.56342 0.448725 0.0048394
1 0.258 0.387835 0.245194 0.597907 0.00402778
1 0.687653 0.205471 0.555658 0.406373 0.00392267
1 0.325616 0.56159 0.350487 0.372743 0.00356304
1 0.428405 0.0666875 0.428926 0.129278 0.0029687
1 0.710159 0.110197 0.533171 0.199912 0.00238159
1 0.582934 0.156752 0.40233 0.292495 0.00235263
1 0.37406 0.11694 0.422491 0.214997 0.00140354
1 0.834592 0.206849 0.281684 0.359974 0.00116664
