1 0.537605 0.514074 0.891998 0.853492 0.21354
1 0.329044 0.403643 0.372878 0.656156 0.0896422
1 0.744057 0.472032 0.278306 0.581089 0.0783017
1 0.308824 0.563086 0.519545 0.774795 0.0633261
1 0.621406 0.445113 0.520789 0.669297 0.0242154
1 0.299079 0.543587 0.313943 0.421765 0.0197046
1 0.819107 0.594994 0.341285 0.745685 0.0157782
1 0.786137 0.567889 0.213987 0.353417 0.0144538
1 0.250195 0.535966 0.193321 0.336453 0.0116717
1 0.216496 0.445362 0.291809 0.572804 0.0104731
1 0.743454 0.823068 0.470383 0.349455 0.00241959
1 0.218797 0.0674227 0.437595 0.133294 0.00138126
1 0.665799 0.936018 0.581275 0.127963 0.00129828
1 0.762431 0.394265 0.454149 0.653479 0.00119634
1 0.276238 0.935894 0.48958 0.128211 0.00118353
1 0.44197 0.837626 0.6674 0.324749 0.00112075
1 0.606033 0.873945 0.691162 0.252109 0.00111975
1 0.790102 0.895079 0.378255 0.208146 0.00108383
