1 0.385669 0.421865 0.399647 0.784421 0.163642
1 0.547083 0.485619 0.760269 0.759458 0.0965576
1 0.362579 0.647093 0.385375 0.383882 0.0111995
1 0.26828 0.491567 0.264986 0.6324 0.00881267
1 0.269215 0.634551 0.199185 0.327771 0.00672929
1 0.806449 0.567771 0.248415 0.530789 0.00633263
1 0.712734 0.472116 0.345331 0.697296 0.00445054
1 0.80299 0.661854 0.188583 0.322126 0.00260632
1 0.183258 0.433475 0.33307 0.701964 0.00174551
1 0.62281 0.585687 0.505745 0.520453 0.00156927
1 0.433293 0.64432 0.556272 0.586522 0.00142515
