1 0.450228 0.430737 0.844538 0.854125 0.250499
1 0.265942 0.390043 0.413914 0.746194 0.14175
1 0.192703 0.683792 0.35032 0.479973 0.0706371
1 0.66161 0.510001 0.445489 0.873581 0.0638067
1 0.413626 0.715524 0.814522 0.563 0.0426647
1 0.172926 0.380051 0.308985 0.573401 0.0422489
1 0.771922 0.784071 0.294734 0.404463 0.0112213
1 0.207341 0.245552 0.301804 0.465232 0.0101577
1 0.640672 0.392747 0.32803 0.541577 0.00976682
1 0.620585 0.807249 0.6241 0.380313 0.00656702
1 0.273179 0.811383 0.522491 0.370689 0.00455044
1 0.712111 0.451334 0.232759 0.493416 0.00404244
1 0.718079 0.692102 0.327055 0.562137 0.00385338
1 0.760713 0.385997 0.412492 0.715964 0.00346545
1 0.456863 0.220197 0.681963 0.418453 0.0019786
1 0.126972 0.545458 0.245498 0.506214 0.00192675
1 0.696572 0.515612 0.20796 0.245798 0.00182248
1 0.894002 0.333478 0.148923 0.583307 0.00164119
1 0.440029 0.910013 0.880058 0.179974 0.00157002
1 0.882486 0.121179 0.176959 0.204856 0.00150376
1 0.655699 0.158741 0.406977 0.244276 0.00120602
1 0.811458 0.863492 0.337481 0.230792 0.00112045
