1 0.736926 0.610154 0.50876 0.775411 0.348978
1 0.440755 0.600143 0.424513 0.745216 0.121074
1 0.383884 0.794877 0.327714 0.382969 0.0986625
1 0.866671 0.639304 0.265185 0.721392 0.0471067
1 0.37213 0.656822 0.276168 0.507541 0.0301995
1 0.884274 0.811962 0.230067 0.376075 0.0199128
1 0.823668 0.487992 0.322853 0.50531 0.0181878
1 0.848997 0.919368 0.291028 0.158242 0.00834367
1 0.502981 0.764617 0.60614 0.470187 0.00828237
1 0.696559 0.84443 0.606883 0.307104 0.00550765
1 0.783623 0.392823 0.266191 0.336033 0.00512488
1 0.302491 0.633693 0.293515 0.675928 0.00344492
1 0.432522 0.888016 0.419289 0.222629 0.00281835
1 0.612471 0.91393 0.705423 0.170771 0.00212418
1 0.839946 0.103173 0.316625 0.192609 0.00199684
1 0.433751 0.504156 0.272651 0.494278 0.00136125
