1 0.464922 0.479025 0.869832 0.88938 0.152621
1 0.240088 0.477774 0.480176 0.862829 0.0279519
1 0.631592 0.46445 0.473199 0.718157 0.0105802
1 0.308233 0.649181 0.346512 0.472843 0.00532445
1 0.443294 0.641474 0.594838 0.592052 0.00515016
1 0.370873 0.491087 0.427519 0.728185 0.00385979
1 0.351915 0.818063 0.527549 0.363874 0.00319411
1 0.658191 0.680469 0.558333 0.539412 0.00245155
1 0.701725 0.824177 0.539415 0.351646 0.00126292
1 0.780337 0.665544 0.296552 0.430115 0.00114525
1 0.593973 0.290275 0.735126 0.578981 0.00112846
