1 0.402253 0.601978 0.699792 0.721402 0.00893542
1 0.253929 0.663805 0.33657 0.407491 0.00747796
1 0.642999 0.626513 0.561171 0.686923 0.0048848
1 0.229945 0.57248 0.41159 0.677959 0.00384792
1 0.410585 0.853386 0.722663 0.292325 0.00369388
1 0.675088 0.9265 0.462107 0.141034 0.00333678
1 0.381506 0.930552 0.628142 0.126264 0.00211472
1 0.130092 0.680367 0.219008 0.521849 0.00194211
1 0.633267 0.877709 0.447215 0.208745 0.00193554
1 0.776389 0.813451 0.395604 0.321194 0.00179196
1 0.802665 0.936522 0.342418 0.0929735 0.00159472
1 0.835058 0.555099 0.266504 0.676153 0.00155903
1 0.298916 0.751373 0.505275 0.436951 0.00155479
1 0.862057 0.900601 0.245698 0.185536 0.00150644
1 0.6058 0.79389 0.314793 0.338604 0.00147513
1 0.756971 0.482981 0.413556 0.849099 0.0014094
1 0.844342 0.746611 0.249435 0.425132 0.00132447
1 0.88317 0.813703 0.181669 0.30686 0.00127429
1 0.628446 0.925435 0.297202 0.0895038 0.00121764
1 0.884907 0.941437 0.190655 0.106553 0.00116508
1 0.843507 0.495175 0.202827 0.351396 0.00115027
1 0.517848 0.925917 0.368836 0.0960488 0.00112664
