1 0.532854 0.40765 0.861506 0.811255 0.248802
1 0.499868 0.157389 0.67402 0.314777 0.0408178
1 0.283194 0.585354 0.235789 0.292801 0.0304172
1 0.37192 0.385439 0.460546 0.748999 0.0302139
1 0.324134 0.119559 0.359271 0.227179 0.0220083
1 0.706787 0.194449 0.295327 0.340175 0.0203261
1 0.431933 0.614812 0.593808 0.424046 0.0168053
1 0.316662 0.636543 0.37325 0.340866 0.0142311
1 0.691998 0.11235 0.385417 0.216182 0.0123085
1 0.259309 0.384401 0.253277 0.654053 0.00978164
1 0.356723 0.220578 0.377825 0.412549 0.00861662
1 0.733758 0.392611 0.435135 0.750783 0.0054987
1 0.531018 0.0848176 0.658502 0.168848 0.00530496
1 0.619243 0.248328 0.595159 0.48588 0.00402851
1 0.223839 0.458029 0.447678 0.872183 0.00268934
1 0.522087 0.733191 0.864785 0.527983 0.00262537
1 0.220072 0.67518 0.373769 0.405252 0.00173525
1 0.297794 0.0753452 0.49635 0.147729 0.00150582
