1 0.513638 0.357326 0.693727 0.70404 0.410751
1 0.373808 0.344461 0.35802 0.679979 0.139447
1 0.65231 0.338351 0.351663 0.664092 0.109169
1 0.322059 0.433799 0.25201 0.449555 0.0123997
1 0.721246 0.497111 0.184427 0.296643 0.0044744
1 0.55252 0.515432 0.541988 0.435823 0.00382501
1 0.773071 0.367265 0.354696 0.686281 0.00349453
1 0.254538 0.29287 0.381892 0.537926 0.00213295
1 0.667521 0.15773 0.312715 0.305298 0.00190682
1 0.663503 0.0626181 0.296757 0.118184 0.00132199
1 0.49346 0.198574 0.50639 0.390743 0.0012266
