1 0.793604 0.783127 0.387609 0.39066 0.170707
1 0.691521 0.545651 0.609617 0.819086 0.0897859
1 0.177375 0.785365 0.224575 0.376105 0.0872619
1 0.167298 0.61151 0.250166 0.714587 0.0395376
1 0.761504 0.602972 0.361346 0.655919 0.0373245
1 0.644719 0.819834 0.662484 0.356366 0.034907
1 0.809277 0.913615 0.375599 0.115782 0.0241541
1 0.308766 0.649807 0.574149 0.680918 0.0189449
1 0.794675 0.885305 0.372724 0.22661 0.0159142
1 0.462406 0.485311 0.916572 0.933943 0.0151463
1 0.189636 0.915393 0.257127 0.110738 0.0125918
1 0.507519 0.744297 0.984963 0.502037 0.0102933
1 0.24649 0.544815 0.342592 0.790315 0.00890422
1 0.881993 0.650053 0.231306 0.667509 0.00758849
1 0.297496 0.835072 0.472178 0.30743 0.00651272
1 0.113912 0.724272 0.219057 0.551456 0.00524949
1 0.342142 0.287031 0.668364 0.574063 0.00392482
1 0.700531 0.915496 0.598938 0.148092 0.0036467
1 0.551902 0.901974 0.825338 0.196051 0.00251011
1 0.144435 0.871339 0.288871 0.238238 0.00242008
1 0.101981 0.887901 0.193863 0.201628 0.00231253
1 0.315956 0.295555 0.190438 0.265246 0.00222748
1 0.296225 0.160696 0.284824 0.203765 0.0019294
1 0.217656 0.100557 0.397604 0.194436 0.00189265
1 0.293656 0.933804 0.431725 0.119375 0.00176677
1 0.649276 0.299676 0.225616 0.254682 0.00148751
1 0.310449 0.217561 0.199184 0.170002 0.00120814
1 0.143772 0.0770837 0.276577 0.147899 0.00117487
1 0.672089 0.46108 0.303639 0.659111 0.00108149
1 0.0820863 0.937076 0.158908 0.119038 0.00102599
1 0.269428 0.341693 0.259425 0.246827 0.00101498
