1 0.406513 0.86639 0.461918 0.256909 0.018054
1 0.443187 0.774541 0.545 0.404447 0.0134108
1 0.399518 0.920615 0.440931 0.131429 0.00883223
1 0.31928 0.731504 0.279721 0.456295 0.00379211
1 0.42604 0.589811 0.439281 0.757056 0.00377748
1 0.872222 0.742161 0.208439 0.425595 0.00324107
1 0.778694 0.687779 0.394729 0.568312 0.00296196
1 0.430668 0.173208 0.28973 0.205416 0.00245398
1 0.27024 0.745705 0.199759 0.333586 0.00227775
1 0.583238 0.685906 0.771743 0.574433 0.00214906
1 0.78706 0.874205 0.397561 0.233643 0.00210416
1 0.609802 0.852068 0.75533 0.284851 0.00187152
1 0.881881 0.880782 0.205965 0.200774 0.00178356
1 0.560495 0.161592 0.506015 0.225058 0.00156368
1 0.272956 0.562433 0.239056 0.655014 0.00142512
1 0.822227 0.934244 0.304971 0.0861415 0.00138805
1 0.757612 0.147752 0.445516 0.235673 0.00135059
1 0.771244 0.0732447 0.350334 0.140508 0.00126701
1 0.894334 0.938489 0.173968 0.0985826 0.00120661
1 0.861997 0.573648 0.250434 0.774403 0.00119183
1 0.292129 0.938161 0.504346 0.123678 0.00114006
1 0.265245 0.838234 0.20352 0.247764 0.00100744
