1 0.232526 0.283514 0.330089 0.559854 0.0216923
1 0.44856 0.296049 0.682432 0.592098 0.0144969
1 0.279347 0.460604 0.192875 0.192762 0.00654553
1 0.273021 0.358627 0.216437 0.390204 0.00609829
1 0.577518 0.458385 0.707547 0.902845 0.00504613
1 0.338683 0.230458 0.391286 0.454351 0.00363834
1 0.270312 0.512443 0.29999 0.318488 0.00185611
1 0.396424 0.693565 0.616486 0.59884 0.00184382
1 0.567506 0.147795 0.547711 0.289086 0.0016184
1 0.273505 0.653278 0.35411 0.444771 0.00130914
1 0.583933 0.0705901 0.658409 0.14118 0.00121071
1 0.414598 0.0605038 0.376912 0.119832 0.00115635
1 0.351499 0.114151 0.409248 0.22294 0.00114064
