1 0.31822 0.516746 0.237512 0.214469 0.0233188
1 0.329192 0.338343 0.362767 0.613849 0.00956378
1 0.287327 0.509894 0.32945 0.346312 0.00868233
1 0.478422 0.36365 0.538625 0.668858 0.00291747
1 0.330799 0.128592 0.331925 0.206277 0.00268538
1 0.240576 0.411361 0.379714 0.512617 0.0022531
1 0.435915 0.0959406 0.584118 0.185023 0.00207
1 0.715824 0.0876286 0.545764 0.175257 0.00190162
1 0.248669 0.0889634 0.497339 0.174215 0.00180548
1 0.616893 0.131926 0.358055 0.191538 0.00178671
1 0.349242 0.0744982 0.303298 0.14148 0.00159281
1 0.753458 0.921404 0.400413 0.1509 0.0013273
1 0.343643 0.816299 0.563767 0.357428 0.00126327
1 0.793404 0.870502 0.359745 0.230018 0.00111852
1 0.866725 0.923084 0.239674 0.141121 0.00107767
1 0.647427 0.946051 0.494687 0.107898 0.00106455
