1 0.227791 0.725361 0.374067 0.391412 0.268378
1 0.478463 0.463388 0.955799 0.924281 0.173549
1 0.277964 0.511947 0.471322 0.86666 0.0591016
1 0.845812 0.634157 0.302766 0.692427 0.0468263
1 0.288763 0.829751 0.419081 0.340333 0.0376142
1 0.576658 0.732011 0.789082 0.527833 0.0369867
1 0.182328 0.526889 0.308387 0.667643 0.0331111
1 0.306695 0.737513 0.601193 0.516717 0.0312086
1 0.79194 0.771199 0.370311 0.450776 0.0178283
1 0.769454 0.524466 0.425175 0.888183 0.0172404
1 0.2305 0.921522 0.423648 0.115471 0.016045
1 0.867394 0.821207 0.265212 0.357586 0.0147736
1 0.896056 0.929347 0.200853 0.113905 0.00717456
1 0.129171 0.707531 0.246631 0.438721 0.00483117
1 0.332487 0.190316 0.209255 0.300868 0.00428655
1 0.283085 0.559158 0.328762 0.594726 0.00389328
1 0.516952 0.860097 0.806007 0.26834 0.00339476
1 0.28427 0.381397 0.31197 0.526604 0.00339197
1 0.337316 0.92753 0.367177 0.0959496 0.00258553
1 0.172784 0.844553 0.345567 0.289356 0.00219829
1 0.815089 0.926062 0.329722 0.124545 0.00214328
1 0.298889 0.258958 0.290639 0.275088 0.0011607
1 0.759717 0.901801 0.416192 0.191048 0.00101516
