1 0.581718 0.63529 0.493865 0.297982 0.0528391
1 0.314424 0.625048 0.270125 0.267616 0.0272489
1 0.590085 0.393205 0.468653 0.766211 0.0235328
1 0.700958 0.637987 0.273767 0.213268 0.0190257
1 0.354578 0.441014 0.445796 0.669679 0.00857172
1 0.26715 0.140663 0.408567 0.218335 0.00660184
1 0.485805 0.609688 0.717047 0.428554 0.00478489
1 0.271863 0.52324 0.238967 0.469142 0.00344216
1 0.293431 0.607857 0.388395 0.431101 0.00311911
1 0.437179 0.606261 0.411166 0.355348 0.00304585
1 0.732152 0.512049 0.30175 0.514089 0.00266673
1 0.326941 0.188753 0.393035 0.341988 0.0023449
1 0.282595 0.0818176 0.367693 0.14207 0.0017581
1 0.491684 0.135937 0.568685 0.214704 0.00165066
