1 0.53695 0.412529 0.681223 0.79808 0.27227
1 0.526982 0.608568 0.644407 0.461558 0.151867
1 0.353434 0.586877 0.312052 0.387752 0.0771194
1 0.357693 0.389596 0.332447 0.718657 0.0377593
1 0.643658 0.387535 0.360334 0.74755 0.0201574
1 0.293767 0.665767 0.409596 0.596628 0.0086355
1 0.768495 0.0862798 0.447933 0.163458 0.00605315
1 0.658617 0.59991 0.351188 0.345978 0.00473148
1 0.676097 0.122718 0.30961 0.217539 0.0034057
1 0.812811 0.40445 0.366327 0.741746 0.00305264
1 0.482833 0.0883393 0.658584 0.170078 0.002926
1 0.638896 0.0615843 0.501161 0.118228 0.0018645
1 0.529429 0.744133 0.76486 0.511733 0.00182854
1 0.34517 0.0865898 0.347045 0.15704 0.00175236
1 0.35921 0.195967 0.278649 0.278786 0.00131696
1 0.412505 0.122458 0.405338 0.213782 0.00129973
1 0.613102 0.174725 0.334409 0.301057 0.00126395
