1 0.360853 0.487373 0.348625 0.410845 0.0347107
1 0.548679 0.409655 0.771373 0.732218 0.0323574
1 0.41071 0.331579 0.414957 0.561762 0.0249394
1 0.348203 0.437064 0.249947 0.263148 0.02426
1 0.455024 0.557092 0.57691 0.516704 0.0154612
1 0.532651 0.687332 0.822542 0.59705 0.0140347
1 0.319868 0.0700117 0.639737 0.13949 0.00919697
1 0.666067 0.321756 0.468592 0.626112 0.00840209
1 0.399269 0.103081 0.579301 0.193948 0.00671789
1 0.313625 0.57646 0.494864 0.726901 0.00480991
1 0.777959 0.427862 0.430124 0.72063 0.00260443
1 0.520279 0.0739256 0.623932 0.145203 0.00255085
1 0.820955 0.13066 0.303715 0.227555 0.00226344
1 0.375701 0.220375 0.34439 0.298289 0.00211517
1 0.647104 0.103714 0.683835 0.201328 0.00178932
1 0.873381 0.803093 0.237881 0.393814 0.00171214
1 0.736044 0.810765 0.511218 0.372026 0.00155208
1 0.740245 0.93825 0.442823 0.12205 0.00139308
1 0.754762 0.190311 0.37715 0.351103 0.00135491
1 0.276284 0.134136 0.552568 0.264376 0.00123159
1 0.862762 0.931368 0.220392 0.131942 0.00106407
