1 0.570207 0.513346 0.68224 0.686994 0.106547
1 0.324205 0.490619 0.349611 0.654529 0.0682814
1 0.722526 0.54917 0.343697 0.579577 0.0282712
1 0.717882 0.0558043 0.51009 0.111609 0.00759175
1 0.180939 0.541662 0.289736 0.631187 0.00677965
1 0.818061 0.565737 0.238125 0.554268 0.00666155
1 0.671126 0.390239 0.308414 0.400431 0.0056265
1 0.23009 0.637507 0.193159 0.397211 0.00496869
1 0.328473 0.672305 0.287996 0.307758 0.00433827
1 0.60395 0.0823399 0.414838 0.161365 0.00384504
1 0.615276 0.731053 0.577111 0.416873 0.00333776
1 0.82646 0.699508 0.154875 0.218215 0.00326709
1 0.734673 0.41914 0.468158 0.682785 0.00317711
1 0.820317 0.0832632 0.356064 0.166526 0.00244783
1 0.340538 0.66143 0.466512 0.508904 0.00241079
1 0.559509 0.34706 0.436075 0.615217 0.00182591
1 0.469106 0.707992 0.30399 0.340577 0.00181155
1 0.778836 0.854992 0.401493 0.274781 0.00177049
1 0.28518 0.14791 0.383991 0.215929 0.00173956
1 0.723626 0.132969 0.500476 0.243837 0.00162121
1 0.82104 0.752635 0.275402 0.378934 0.00151616
1 0.359369 0.838142 0.569363 0.295068 0.00145544
1 0.664813 0.218197 0.35478 0.397754 0.00142422
1 0.869093 0.881862 0.21228 0.201129 0.00130561
1 0.492396 0.107695 0.808542 0.208213 0.0012713
1 0.23321 0.0825008 0.382543 0.156849 0.00107462
1 0.445447 0.379353 0.395168 0.734976 0.00106503
1 0.886211 0.0645257 0.227578 0.129051 0.00105674
1 0.231468 0.762286 0.195221 0.343453 0.00104347
