1 0.314728 0.546089 0.464952 0.767774 0.0286192
1 0.24167 0.832149 0.308545 0.223815 0.0272507
1 0.234113 0.888945 0.407927 0.201844 0.0269881
1 0.641395 0.517592 0.408583 0.807698 0.0165829
1 0.457669 0.552834 0.829233 0.872228 0.0116267
1 0.258364 0.765851 0.223961 0.274503 0.0111993
1 0.172622 0.567308 0.279539 0.728471 0.0106435
1 0.259043 0.810192 0.518086 0.324444 0.00904605
1 0.245658 0.713529 0.366161 0.481524 0.00631437
1 0.274382 0.891257 0.325872 0.122648 0.00591505
1 0.211092 0.933078 0.336476 0.119714 0.00541465
1 0.497041 0.76204 0.671484 0.347484 0.00492146
1 0.552781 0.83684 0.569658 0.21559 0.00478673
1 0.742803 0.856755 0.202129 0.17448 0.00406172
1 0.744819 0.903783 0.195923 0.114334 0.00374549
1 0.755066 0.536687 0.239228 0.782397 0.00346189
1 0.814042 0.89228 0.359563 0.20763 0.00336521
1 0.641013 0.25672 0.243189 0.324609 0.00258005
1 0.852019 0.93433 0.295961 0.0995013 0.00246952
1 0.39526 0.867928 0.743717 0.207142 0.0023424
1 0.671621 0.788643 0.32244 0.283323 0.00213735
1 0.748973 0.707907 0.199639 0.412551 0.00195197
1 0.590953 0.905097 0.453223 0.114376 0.00154771
1 0.217162 0.0665126 0.434324 0.130806 0.00130086
