1 0.470254 0.461262 0.940508 0.917536 0.280549
1 0.152799 0.583483 0.283872 0.314717 0.122738
1 0.194336 0.417601 0.381628 0.689619 0.0679136
1 0.502254 0.443698 0.51371 0.812477 0.0340151
1 0.317039 0.622037 0.559685 0.492049 0.0331859
1 0.747354 0.580551 0.206415 0.587615 0.0160942
1 0.700393 0.623985 0.381071 0.638588 0.0132076
1 0.110832 0.452099 0.213911 0.571116 0.0114001
1 0.490325 0.638456 0.742582 0.618081 0.00800655
1 0.183515 0.652727 0.367029 0.506041 0.00699747
1 0.615541 0.530046 0.378834 0.684488 0.00656947
1 0.673634 0.686374 0.291397 0.384924 0.00598133
1 0.728475 0.744796 0.187489 0.251892 0.00595015
1 0.701342 0.860152 0.428075 0.267684 0.00483472
1 0.762418 0.488985 0.357115 0.710057 0.00423179
1 0.298251 0.201896 0.429724 0.297737 0.00400097
1 0.767544 0.818069 0.267932 0.268781 0.00338485
1 0.642293 0.764638 0.470633 0.394891 0.00312667
1 0.841908 0.57144 0.2802 0.633641 0.00253355
1 0.0779792 0.590113 0.155958 0.411735 0.00219369
1 0.430177 0.114181 0.6433 0.198437 0.00208434
1 0.2572 0.199484 0.289568 0.219805 0.00188153
1 0.799112 0.937069 0.318216 0.0893404 0.00180392
1 0.813573 0.898659 0.315392 0.190251 0.00147471
1 0.190274 0.204948 0.333924 0.37724 0.00139321
1 0.09868 0.666185 0.192009 0.454423 0.00126427
1 0.59499 0.31259 0.404838 0.474753 0.00114834
1 0.638919 0.925373 0.452378 0.108315 0.00105887
1 0.543404 0.827603 0.796329 0.327733 0.00105698
1 0.298659 0.0824737 0.424939 0.158211 0.00105377
