1 0.381741 0.478742 0.759504 0.932093 0.107801
1 0.396089 0.75394 0.755972 0.49212 0.0443097
1 0.230485 0.411376 0.418053 0.593541 0.0176555
1 0.535035 0.516478 0.456621 0.772979 0.0158244
1 0.225877 0.794364 0.434983 0.404687 0.00552007
1 0.28317 0.651173 0.516672 0.515165 0.00479715
1 0.347488 0.515292 0.525461 0.615648 0.00176395
1 0.656165 0.531005 0.291823 0.638455 0.00166077
1 0.528449 0.724216 0.468886 0.363939 0.0016604
1 0.414393 0.901011 0.828786 0.197978 0.00154844
1 0.228581 0.2057 0.445506 0.406322 0.00147555
1 0.650133 0.847505 0.353584 0.265851 0.00140861
