1 0.34989 0.419909 0.65247 0.782605 0.146034
1 0.245298 0.480417 0.38151 0.609938 0.00576849
1 0.395183 0.685249 0.70315 0.489519 0.00464125
1 0.354574 0.25204 0.421611 0.493651 0.00420996
1 0.573814 0.647699 0.446417 0.434977 0.00338788
1 0.213735 0.669894 0.319128 0.257613 0.00321969
1 0.497225 0.274063 0.192406 0.217 0.00291179
1 0.244762 0.331168 0.306939 0.568533 0.00239346
1 0.518363 0.455151 0.313884 0.554223 0.00228638
1 0.486218 0.26116 0.246391 0.342668 0.00144134
1 0.168388 0.672229 0.215348 0.187181 0.00136614
