1 0.324637 0.533879 0.282743 0.296083 0.0479269
1 0.496861 0.558253 0.649499 0.360541 0.0305046
1 0.572552 0.362763 0.727968 0.681428 0.0139895
1 0.326404 0.360037 0.311473 0.597486 0.0112232
1 0.770485 0.0872975 0.445045 0.167867 0.00695634
1 0.636301 0.566223 0.368872 0.237249 0.00620732
1 0.553465 0.0883373 0.767809 0.173638 0.00578848
1 0.268784 0.504246 0.310446 0.419828 0.00393712
1 0.832764 0.375086 0.322791 0.645804 0.00348388
1 0.738117 0.54735 0.2024 0.236145 0.00251436
1 0.776127 0.509427 0.229417 0.347185 0.00205148
1 0.707787 0.348803 0.355304 0.659694 0.0020203
1 0.746962 0.20762 0.481843 0.413084 0.00197834
1 0.354585 0.609959 0.408821 0.454384 0.00196888
1 0.222955 0.363041 0.350167 0.643884 0.0013457
1 0.294866 0.0865953 0.561415 0.165692 0.00108728
1 0.361491 0.20549 0.400508 0.37411 0.00107255
