1 0.583426 0.476628 0.5531 0.949719 0.132937
1 0.563914 0.769704 0.562747 0.449539 0.0621563
1 0.64577 0.181029 0.287393 0.354743 0.0501198
1 0.309488 0.141417 0.468917 0.282293 0.0197185
1 0.498287 0.158695 0.597268 0.31739 0.0170919
1 0.37895 0.785712 0.561073 0.418115 0.0133533
1 0.214186 0.512332 0.374559 0.876923 0.011876
1 0.363496 0.479139 0.424978 0.912419 0.0103684
1 0.33793 0.0661706 0.430156 0.131349 0.00863294
1 0.251861 0.816283 0.340147 0.335886 0.00545812
1 0.642218 0.797767 0.415074 0.304463 0.00477311
1 0.763203 0.110129 0.401095 0.209618 0.00441254
1 0.171718 0.831332 0.189092 0.273859 0.00416652
1 0.404321 0.624585 0.65545 0.744138 0.00365311
1 0.218798 0.681132 0.287312 0.572029 0.00306365
1 0.737131 0.802737 0.214225 0.25012 0.00146952
1 0.78855 0.736355 0.269594 0.478668 0.0011517
