1 0.32525 0.369236 0.388677 0.666029 0.120539
1 0.551195 0.423771 0.893717 0.833508 0.116209
1 0.32383 0.535093 0.318578 0.358936 0.0322185
1 0.664026 0.363342 0.496556 0.713883 0.0151148
1 0.687674 0.614234 0.50821 0.557406 0.0127533
1 0.44177 0.544867 0.538738 0.465863 0.0107028
1 0.196095 0.352624 0.34847 0.691692 0.00910434
1 0.488661 0.115876 0.771009 0.231751 0.00716672
1 0.741024 0.109724 0.495173 0.216214 0.00434986
1 0.478485 0.349625 0.527828 0.688168 0.00426947
1 0.786913 0.433052 0.355324 0.588779 0.00420196
1 0.365917 0.148764 0.382741 0.263655 0.00419826
1 0.823992 0.690116 0.297646 0.618304 0.00383162
1 0.275913 0.0963056 0.517489 0.184613 0.00347782
1 0.811847 0.518642 0.263072 0.287105 0.00307779
1 0.217932 0.483633 0.231594 0.4328 0.00209297
1 0.60254 0.177929 0.478045 0.349641 0.0013797
