1 0.55481 0.389739 0.80742 0.697134 0.278058
1 0.382365 0.311782 0.353681 0.544364 0.114593
1 0.35703 0.449824 0.35164 0.41493 0.0502343
1 0.703863 0.361873 0.437513 0.621912 0.0305306
1 0.32574 0.385928 0.548337 0.71598 0.0113824
1 0.641076 0.518349 0.536223 0.413694 0.00902998
1 0.49188 0.593638 0.699617 0.535481 0.00618864
1 0.251879 0.451678 0.374148 0.522765 0.00180159
1 0.421178 0.177444 0.36714 0.314784 0.0016803
1 0.648271 0.0932213 0.703459 0.178506 0.00158128
1 0.424267 0.0881797 0.416848 0.163262 0.00151548
1 0.341731 0.584011 0.44118 0.433935 0.00112912
1 0.744914 0.21338 0.452893 0.319244 0.00112673
