1 0.544514 0.432431 0.88316 0.724796 0.104226
1 0.3059 0.558823 0.288439 0.24538 0.0416758
1 0.2965 0.452022 0.317858 0.452912 0.0224827
1 0.593152 0.584246 0.572033 0.388621 0.0193877
1 0.367964 0.406918 0.419867 0.656026 0.012991
1 0.730979 0.477103 0.464093 0.556254 0.0118927
1 0.309286 0.566366 0.389393 0.385406 0.0113454
1 0.484211 0.152459 0.746125 0.279895 0.0111176
1 0.30245 0.133494 0.438487 0.239519 0.00704635
1 0.733416 0.599328 0.357187 0.313992 0.00646551
1 0.581004 0.258091 0.668395 0.478391 0.00646475
1 0.726832 0.162505 0.481791 0.262518 0.00632736
1 0.707435 0.823794 0.525991 0.348906 0.00608799
1 0.345561 0.228227 0.48982 0.408362 0.00490642
1 0.58849 0.706715 0.690155 0.513063 0.0036282
1 0.257023 0.653812 0.373262 0.317285 0.00323457
1 0.421634 0.616814 0.635066 0.501866 0.00300607
1 0.660403 0.928703 0.568483 0.142595 0.00272614
1 0.800785 0.72651 0.327865 0.411863 0.00269048
1 0.838736 0.846225 0.267659 0.304052 0.00229946
1 0.848179 0.464017 0.282463 0.526218 0.00177811
1 0.744653 0.098129 0.383012 0.173119 0.00166124
1 0.759506 0.277209 0.455751 0.418284 0.0015942
1 0.276079 0.469206 0.552157 0.813583 0.00158512
1 0.788368 0.939295 0.329117 0.118121 0.00131505
1 0.307509 0.740708 0.454963 0.428135 0.00109033
1 0.523037 0.0822251 0.623003 0.16445 0.00103404
