1 0.312184 0.385347 0.441331 0.730211 0.0215469
1 0.560475 0.476044 0.873532 0.87556 0.0196037
1 0.327935 0.594453 0.308841 0.2992 0.0176155
1 0.260825 0.488921 0.248597 0.457844 0.0082117
1 0.274885 0.564651 0.440609 0.488094 0.00662653
1 0.75081 0.876102 0.476128 0.234395 0.00653079
1 0.780281 0.624567 0.224192 0.278998 0.00647476
1 0.609053 0.673538 0.557138 0.430563 0.00569231
1 0.772377 0.678676 0.365308 0.390024 0.00472242
1 0.597382 0.537953 0.656619 0.536702 0.00407884
1 0.811826 0.519735 0.269229 0.512332 0.00308276
1 0.770331 0.441962 0.440993 0.794002 0.00276245
1 0.713469 0.56814 0.341698 0.462154 0.0027452
1 0.619026 0.838105 0.589947 0.283532 0.00248296
1 0.715511 0.919385 0.53141 0.108443 0.00197271
1 0.20291 0.409202 0.29572 0.6136 0.00183288
1 0.632334 0.895793 0.484343 0.178087 0.00169496
1 0.857058 0.855957 0.261224 0.277283 0.00165249
1 0.206207 0.585906 0.266838 0.384041 0.00143875
1 0.296994 0.195126 0.426007 0.365511 0.00128821
1 0.268641 0.0885668 0.357859 0.160535 0.0011633
1 0.844581 0.940039 0.270445 0.114119 0.00112842
1 0.401251 0.499197 0.357736 0.572187 0.00112068
