1 0.550162 0.559796 0.879909 0.76405 0.138147
1 0.408738 0.601195 0.414542 0.695753 0.0338928
1 0.707134 0.573011 0.479729 0.66976 0.0264047
1 0.765687 0.689297 0.365496 0.413013 0.0238015
1 0.263565 0.883487 0.355736 0.22386 0.0232941
1 0.391548 0.865636 0.628437 0.268728 0.0206736
1 0.815163 0.599822 0.235479 0.404731 0.0153209
1 0.611233 0.713032 0.655302 0.528669 0.0118166
1 0.356249 0.92772 0.544529 0.131853 0.0116767
1 0.210517 0.827527 0.224895 0.265719 0.0100012
1 0.764405 0.806694 0.453411 0.346814 0.00753951
1 0.21736 0.811792 0.399971 0.343809 0.00752881
1 0.308417 0.702801 0.499726 0.55601 0.00709909
1 0.167114 0.71244 0.245685 0.491662 0.00689283
1 0.168707 0.875145 0.193775 0.223972 0.00510643
1 0.204655 0.931126 0.358154 0.137748 0.00504571
1 0.621057 0.859773 0.698154 0.280278 0.00491011
1 0.209552 0.595162 0.278622 0.647851 0.00360164
1 0.826006 0.487982 0.307139 0.597707 0.00356317
1 0.73431 0.107024 0.508836 0.200706 0.00339499
1 0.627714 0.927344 0.663822 0.145312 0.00313134
1 0.568904 0.523677 0.425681 0.565872 0.00232982
1 0.839607 0.864799 0.302624 0.261677 0.0017064
1 0.441574 0.813542 0.328963 0.347665 0.00165425
1 0.163874 0.936161 0.184496 0.117359 0.00147427
1 0.747634 0.301718 0.485717 0.572006 0.00104003
