1 0.589753 0.438823 0.816008 0.841572 0.337314
1 0.78166 0.42092 0.35426 0.587126 0.125321
1 0.410683 0.430066 0.427497 0.801669 0.1027
1 0.325949 0.677271 0.257548 0.319878 0.0588853
1 0.82465 0.541902 0.287156 0.35969 0.0350449
1 0.574442 0.699801 0.820714 0.538301 0.0242092
1 0.313877 0.520384 0.265241 0.622686 0.0191067
1 0.346281 0.737749 0.363163 0.463206 0.0159286
1 0.299714 0.515481 0.40604 0.842113 0.0081948
1 0.711977 0.566588 0.532593 0.467512 0.00622484
1 0.888276 0.447843 0.220173 0.568908 0.00505496
1 0.363288 0.276103 0.247424 0.380451 0.00436607
1 0.759772 0.203255 0.457569 0.383956 0.00220949
1 0.731755 0.0697393 0.384386 0.135812 0.00217519
1 0.789765 0.109596 0.405424 0.199377 0.00153747
1 0.826991 0.694995 0.342185 0.51634 0.00128988
1 0.637682 0.402254 0.443708 0.636396 0.00106551
