1 0.719014 0.415896 0.426681 0.791036 0.0976629
1 0.532882 0.435772 0.82558 0.855157 0.072686
1 0.723114 0.63499 0.497877 0.726833 0.0482964
1 0.78952 0.369718 0.231653 0.664672 0.0414019
1 0.222399 0.362205 0.28483 0.45006 0.04103
1 0.725452 0.51209 0.331897 0.452016 0.02114
1 0.32988 0.400869 0.588407 0.753046 0.0131061
1 0.314539 0.288836 0.39712 0.554186 0.00853965
1 0.697807 0.828905 0.57403 0.338808 0.00597266
1 0.57649 0.751618 0.757372 0.496742 0.00407292
1 0.611647 0.541704 0.467711 0.499883 0.00336742
1 0.735202 0.261349 0.296516 0.479724 0.00223947
1 0.712308 0.909525 0.536551 0.179684 0.00217976
1 0.705064 0.109742 0.416082 0.208434 0.00175323
1 0.616582 0.219035 0.495469 0.43049 0.00163704
1 0.837686 0.225386 0.282093 0.421236 0.00147511
1 0.839183 0.883362 0.309903 0.225365 0.0013984
1 0.63012 0.0698999 0.275321 0.137942 0.00139794
1 0.316083 0.439997 0.372312 0.323963 0.00132265
