1 0.304189 0.36626 0.564772 0.687579 0.0107686
1 0.20115 0.59054 0.243537 0.254416 0.00873478
1 0.236968 0.612527 0.361578 0.355958 0.00696277
1 0.517075 0.43997 0.912401 0.864439 0.00678009
1 0.174276 0.455136 0.27495 0.524717 0.00411828
1 0.677004 0.882348 0.389325 0.229465 0.00202188
1 0.740212 0.922554 0.311319 0.148918 0.00190743
1 0.271509 0.767758 0.458871 0.464485 0.00187499
1 0.42754 0.0909866 0.561631 0.17851 0.00153826
1 0.555429 0.115076 0.335448 0.21827 0.0014768
1 0.680497 0.951167 0.346152 0.0976663 0.00146887
1 0.309901 0.602038 0.573417 0.607925 0.00130894
1 0.157668 0.686522 0.266841 0.187099 0.00123955
1 0.518854 0.388891 0.495039 0.777783 0.0011657
1 0.915248 0.907704 0.110037 0.168998 0.00112506
