1 0.452669 0.530855 0.825685 0.926131 0.284896
1 0.62354 0.667846 0.475393 0.639568 0.122897
1 0.181606 0.692335 0.277833 0.564096 0.0894551
1 0.235925 0.544929 0.329287 0.839165 0.0481844
1 0.216609 0.831847 0.352779 0.33458 0.0319593
1 0.712172 0.740292 0.354558 0.458693 0.0273456
1 0.521251 0.746389 0.908365 0.472134 0.0240503
1 0.777956 0.819192 0.294792 0.293222 0.0188972
1 0.398789 0.840357 0.70465 0.313786 0.0158158
1 0.680236 0.823352 0.522133 0.351574 0.0152037
1 0.776153 0.615184 0.288617 0.731982 0.00926578
1 0.808768 0.889502 0.317482 0.209962 0.00851806
1 0.730554 0.444519 0.464309 0.889039 0.00695083
1 0.226018 0.925256 0.338821 0.112342 0.00647401
1 0.14846 0.578459 0.29692 0.816579 0.00458026
1 0.716509 0.57557 0.248074 0.487628 0.00411151
1 0.807031 0.929245 0.314424 0.0790545 0.00395663
1 0.729303 0.168895 0.494067 0.321166 0.00377026
1 0.13063 0.798996 0.1748 0.3658 0.00368371
1 0.577198 0.435141 0.494261 0.826218 0.00299875
1 0.684096 0.921834 0.430284 0.104542 0.0022658
1 0.125797 0.913632 0.174102 0.160733 0.00215798
1 0.672497 0.288804 0.439649 0.542702 0.00190776
1 0.516794 0.920883 0.867136 0.123342 0.00171698
1 0.125167 0.936346 0.250334 0.127309 0.00107139
1 0.60665 0.892429 0.595214 0.213314 0.0010142
