1 0.484194 0.432999 0.844776 0.851955 0.33123
1 0.285231 0.419337 0.452544 0.759875 0.315569
1 0.199185 0.468551 0.275965 0.616444 0.0486416
1 0.679321 0.504703 0.477479 0.88809 0.0427778
1 0.68086 0.482414 0.29374 0.546116 0.0169686
1 0.218483 0.600118 0.251213 0.35187 0.00757545
1 0.231663 0.691591 0.391841 0.592901 0.00367349
1 0.73926 0.708942 0.301661 0.558068 0.00324747
1 0.149865 0.586424 0.21212 0.466621 0.00242302
1 0.580221 0.754452 0.612841 0.488959 0.00178089
1 0.77804 0.856345 0.409443 0.287309 0.00146886
1 0.774827 0.473787 0.304488 0.660774 0.00144825
1 0.38668 0.585982 0.637212 0.585919 0.00108677
1 0.849287 0.89109 0.276154 0.215126 0.00101478
