1 0.273167 0.263613 0.420605 0.527226 0.0545166
1 0.403561 0.295105 0.797601 0.590209 0.023216
1 0.291911 0.129357 0.574044 0.258714 0.0179405
1 0.269246 0.0658696 0.471329 0.131739 0.00913382
1 0.481417 0.175365 0.550033 0.350123 0.00757697
1 0.310719 0.414845 0.621438 0.828269 0.00604481
1 0.432395 0.0907166 0.578809 0.181433 0.00525116
1 0.228475 0.181946 0.456949 0.363893 0.00427604
1 0.593732 0.108896 0.547624 0.217793 0.00298005
1 0.167176 0.0904615 0.334109 0.171162 0.00212009
1 0.237472 0.41083 0.32439 0.330828 0.00197651
1 0.501548 0.501869 0.996905 0.996262 0.00188585
1 0.159945 0.285989 0.302615 0.571977 0.00150667
