1 0.480378 0.421976 0.495075 0.820409 0.0124415
1 0.657719 0.423134 0.503065 0.824858 0.0111109
1 0.744902 0.157967 0.479129 0.311897 0.00433528
1 0.766337 0.0618947 0.449305 0.123789 0.00260349
1 0.328008 0.403142 0.489423 0.756038 0.00208705
1 0.627375 0.188753 0.282003 0.372326 0.00146866
1 0.676283 0.100076 0.324959 0.19383 0.00141643
1 0.729669 0.884414 0.501387 0.222633 0.00140917
1 0.5701 0.119699 0.505219 0.236102 0.001375
1 0.294252 0.404523 0.258147 0.695907 0.00132023
1 0.865677 0.258027 0.267135 0.436453 0.00120588
1 0.372457 0.589543 0.438162 0.56837 0.00117233
1 0.939078 0.279246 0.121845 0.387192 0.00113146
