1 0.531394 0.34527 0.780014 0.684822 0.371144
1 0.376471 0.312649 0.412169 0.596141 0.14182
1 0.669142 0.320737 0.416132 0.629134 0.0541147
1 0.327014 0.411866 0.304244 0.354162 0.012287
1 0.750846 0.500777 0.220056 0.2515 0.00658795
1 0.433582 0.438744 0.567154 0.420861 0.00595337
1 0.791082 0.355404 0.369823 0.692467 0.00526979
1 0.662153 0.482116 0.415971 0.359684 0.0046433
1 0.291572 0.402677 0.583144 0.775797 0.00379776
1 0.24841 0.350157 0.351457 0.565547 0.00358977
1 0.651265 0.202795 0.584568 0.403763 0.00339749
1 0.486865 0.504259 0.972282 0.991482 0.00336672
1 0.375967 0.155703 0.451702 0.307415 0.00283043
1 0.547289 0.111446 0.722352 0.218962 0.00281825
1 0.794563 0.474268 0.296021 0.431671 0.00273686
1 0.699314 0.0726543 0.487633 0.143711 0.00191029
1 0.353552 0.0878459 0.411199 0.16386 0.00159337
1 0.800006 0.104241 0.392236 0.19724 0.00151686
1 0.442865 0.0626838 0.4594 0.124577 0.00107061
