1 0.34877 0.761451 0.436272 0.370469 0.0796142
1 0.276992 0.732399 0.216014 0.307498 0.0664349
1 0.374574 0.594977 0.452056 0.638145 0.0621693
1 0.567847 0.539074 0.864305 0.801701 0.0386948
1 0.306193 0.627243 0.278363 0.493721 0.027149
1 0.225901 0.752192 0.310162 0.424013 0.0246671
1 0.909214 0.69451 0.153964 0.266973 0.0215039
1 0.751333 0.595704 0.492535 0.712265 0.0180243
1 0.895809 0.552958 0.202963 0.542834 0.0175265
1 0.780325 0.753113 0.425839 0.427487 0.0134849
1 0.84598 0.670607 0.270381 0.319439 0.00488007
1 0.739352 0.855597 0.518998 0.259814 0.00468639
1 0.538972 0.834426 0.803316 0.31692 0.00432562
1 0.892059 0.804844 0.215881 0.36962 0.00315638
1 0.440009 0.856577 0.454065 0.277323 0.00277365
1 0.235605 0.622087 0.459365 0.65969 0.00256711
1 0.503737 0.561781 0.377382 0.697616 0.00205827
1 0.505298 0.914976 0.710932 0.139041 0.00203542
1 0.764479 0.916311 0.421957 0.12197 0.00201091
1 0.161091 0.830867 0.282002 0.314171 0.00193963
1 0.515276 0.781982 0.396342 0.373905 0.00127264
1 0.312203 0.874471 0.411446 0.249348 0.00100484
