1 0.680743 0.195679 0.318023 0.384179 0.0613941
1 0.436204 0.486712 0.544177 0.786181 0.0292553
1 0.264467 0.592169 0.225307 0.524065 0.0155605
1 0.773339 0.466801 0.345809 0.849475 0.0155071
1 0.555022 0.192559 0.416291 0.366008 0.015499
1 0.658594 0.473352 0.66567 0.897544 0.0145843
1 0.658179 0.791359 0.550192 0.394399 0.0112574
1 0.361637 0.838338 0.522442 0.309845 0.0104345
1 0.308324 0.702434 0.253392 0.272981 0.00879842
1 0.289866 0.785383 0.33739 0.306216 0.00867301
1 0.286108 0.532571 0.384956 0.698759 0.00854957
1 0.369707 0.737859 0.406875 0.333964 0.00700236
1 0.836514 0.611349 0.260538 0.651788 0.00623492
1 0.466618 0.207875 0.217152 0.275235 0.00368709
1 0.732975 0.661719 0.397897 0.584617 0.00362318
1 0.533784 0.668526 0.806406 0.577577 0.00345539
1 0.776548 0.154133 0.406874 0.294724 0.00299962
1 0.784834 0.767908 0.280679 0.301694 0.00291432
1 0.843803 0.761364 0.161927 0.236077 0.0027428
1 0.248775 0.863747 0.346932 0.254857 0.00263438
1 0.234922 0.707485 0.234613 0.345979 0.00258257
1 0.329741 0.929255 0.440379 0.11069 0.00249125
1 0.356297 0.411352 0.3137 0.59818 0.00235992
1 0.871405 0.709867 0.180028 0.413578 0.00185553
1 0.801464 0.843917 0.362531 0.251475 0.00146763
1 0.407597 0.115306 0.334218 0.200621 0.00137989
1 0.791634 0.0793626 0.416732 0.158725 0.00135355
1 0.478847 0.739755 0.293161 0.397897 0.00128718
1 0.46399 0.160727 0.33794 0.255788 0.00125958
1 0.876916 0.87129 0.205174 0.182889 0.00107085
