1 0.603893 0.454285 0.779241 0.756418 0.261638
1 0.558377 0.692468 0.794982 0.448204 0.0987853
1 0.728998 0.64119 0.415548 0.313236 0.0613241
1 0.300771 0.642707 0.312626 0.254097 0.0396678
1 0.791289 0.625991 0.281057 0.218751 0.0309609
1 0.377875 0.4152 0.460581 0.682775 0.0207325
1 0.701342 0.55473 0.53566 0.509353 0.0185139
1 0.403767 0.642196 0.582407 0.353434 0.0164932
1 0.822863 0.513611 0.329226 0.486538 0.00797514
1 0.290709 0.552531 0.469835 0.504509 0.00719798
1 0.395542 0.174741 0.518899 0.266489 0.00557345
1 0.346165 0.262652 0.410656 0.356916 0.00419751
1 0.600289 0.179679 0.799421 0.318979 0.00406324
1 0.784253 0.28824 0.415914 0.424486 0.00228516
1 0.786059 0.16156 0.412393 0.226353 0.00196009
1 0.747017 0.764853 0.444609 0.42316 0.00193592
1 0.196894 0.496001 0.278583 0.491757 0.0013259
1 0.289768 0.75213 0.437978 0.379662 0.00108381
