1 0.502483 0.404545 0.5654 0.795397 0.13577
1 0.467134 0.638614 0.580011 0.464268 0.0964169
1 0.373558 0.615574 0.329125 0.363591 0.0474948
1 0.351128 0.391931 0.347646 0.764827 0.0140526
1 0.692349 0.415206 0.568432 0.791674 0.0135393
1 0.307893 0.545327 0.218737 0.434759 0.0101748
1 0.782368 0.0887313 0.430017 0.172692 0.00857485
1 0.39563 0.163621 0.384162 0.316773 0.00222989
1 0.242886 0.451579 0.421267 0.891506 0.00147426
1 0.549947 0.13564 0.632547 0.268243 0.00138331
1 0.6363 0.629043 0.463572 0.326693 0.00136176
1 0.836178 0.414237 0.298662 0.799623 0.00123668
