1 0.557657 0.4364 0.865823 0.848228 0.174426
1 0.461331 0.371294 0.520245 0.683255 0.0120889
1 0.376374 0.448398 0.311587 0.424006 0.00957728
1 0.727122 0.367403 0.543289 0.623198 0.0061222
1 0.352903 0.512183 0.639765 0.886477 0.00513226
1 0.538159 0.683818 0.895363 0.627318 0.00447635
1 0.367377 0.637225 0.420654 0.54087 0.00446623
1 0.351984 0.284352 0.450961 0.552141 0.0021053
1 0.869117 0.412361 0.261767 0.548071 0.00136097
1 0.27453 0.741953 0.485598 0.493976 0.00126207
1 0.57593 0.177387 0.822466 0.350916 0.00124054
1 0.816243 0.53248 0.367514 0.824343 0.00103747
