1 0.303612 0.792651 0.217373 0.291545 0.0209384
1 0.901169 0.649881 0.163782 0.317852 0.0162184
1 0.395914 0.565455 0.396356 0.713759 0.0137771
1 0.898178 0.774545 0.202776 0.411171 0.0105293
1 0.404029 0.796711 0.451695 0.370228 0.0102911
1 0.870812 0.564035 0.246735 0.632379 0.00966699
1 0.638383 0.786248 0.720077 0.422026 0.00667483
1 0.302573 0.598673 0.228275 0.630739 0.00600576
1 0.751891 0.517067 0.435264 0.675719 0.00594282
1 0.758077 0.718591 0.461246 0.414833 0.00526589
1 0.270034 0.853398 0.205417 0.262699 0.00420442
1 0.544733 0.645388 0.700605 0.608817 0.00393937
1 0.828697 0.831057 0.340656 0.324331 0.0034206
1 0.28744 0.72525 0.343274 0.481961 0.00221556
1 0.44159 0.366681 0.187012 0.234377 0.00154751
1 0.910684 0.873673 0.178633 0.250517 0.00137217
1 0.421203 0.398715 0.278573 0.354506 0.0013529
1 0.323115 0.930996 0.301546 0.115108 0.00117163
1 0.727682 0.910844 0.52781 0.177881 0.00109037
