1 0.6519 0.44318 0.577889 0.710894 0.0537331
1 0.7599 0.490488 0.366249 0.523327 0.0453899
1 0.481508 0.48477 0.749305 0.915035 0.0259114
1 0.298575 0.413563 0.400099 0.727124 0.0201656
1 0.2444 0.457932 0.247089 0.497538 0.0131467
1 0.313717 0.572387 0.304027 0.337436 0.00976195
1 0.26681 0.558643 0.205487 0.242725 0.00637947
1 0.791736 0.382787 0.234403 0.480017 0.00476236
1 0.662403 0.563602 0.351386 0.473675 0.0033048
1 0.711964 0.771766 0.454009 0.412686 0.00311499
1 0.755086 0.875464 0.438517 0.244786 0.00276235
1 0.437971 0.374201 0.484386 0.723801 0.00276057
1 0.767493 0.929359 0.406278 0.102291 0.0023178
1 0.173421 0.375108 0.317337 0.566283 0.0019683
1 0.373854 0.565488 0.487467 0.469209 0.00169595
1 0.834494 0.556262 0.273475 0.831577 0.00124594
1 0.665866 0.94617 0.511983 0.107659 0.00122599
1 0.546415 0.598614 0.348931 0.448133 0.00120408
1 0.109888 0.4485 0.182798 0.494625 0.0010297
