1 0.599243 0.461643 0.435432 0.904404 0.0693445
1 0.643193 0.719366 0.418966 0.522117 0.0256655
1 0.72201 0.733309 0.237357 0.448971 0.0170377
1 0.41474 0.509598 0.631988 0.90341 0.0094708
1 0.202901 0.508465 0.2229 0.725317 0.0068565
1 0.54842 0.727352 0.406854 0.396154 0.00384594
1 0.749816 0.603971 0.210802 0.539063 0.0035846
1 0.58729 0.201063 0.270945 0.287093 0.00330217
1 0.316805 0.470917 0.37424 0.721445 0.00286562
1 0.296336 0.0898383 0.546294 0.178018 0.00241612
1 0.491102 0.175066 0.414055 0.323241 0.00227204
1 0.35254 0.0640669 0.382978 0.12523 0.00179292
1 0.393562 0.130708 0.454036 0.232829 0.00129397
1 0.204582 0.674527 0.184918 0.381217 0.00127995
1 0.371622 0.8009 0.572714 0.360938 0.00118938
1 0.795351 0.651971 0.371371 0.643336 0.00107897
1 0.249342 0.626267 0.358535 0.66392 0.00106725
1 0.327053 0.694868 0.378395 0.354958 0.00102053
