1 0.359782 0.476513 0.4618 0.652993 0.0625538
1 0.44732 0.451902 0.769637 0.858183 0.0416204
1 0.663792 0.467134 0.369393 0.678155 0.0144766
1 0.758764 0.474866 0.214045 0.647895 0.0117648
1 0.318907 0.594369 0.356542 0.376663 0.00820634
1 0.277116 0.43159 0.253395 0.563892 0.00803831
1 0.319493 0.629009 0.245057 0.250848 0.00671248
1 0.216077 0.525912 0.353974 0.566954 0.00499322
1 0.768323 0.464057 0.434637 0.83208 0.00447561
1 0.547084 0.277675 0.358466 0.525342 0.00383473
1 0.773774 0.636537 0.17125 0.336308 0.00341276
1 0.377172 0.33608 0.319571 0.556171 0.00288689
1 0.626903 0.284818 0.250911 0.397343 0.00259221
1 0.667037 0.0886635 0.370047 0.159994 0.00252712
1 0.614885 0.132037 0.272088 0.212007 0.00214073
1 0.478249 0.632244 0.440751 0.489764 0.00197706
1 0.440843 0.162258 0.467478 0.301276 0.00170854
1 0.515147 0.0896918 0.53378 0.171796 0.00167231
1 0.577296 0.562427 0.314497 0.564874 0.00141081
1 0.860841 0.557301 0.231634 0.728485 0.00123021
1 0.345121 0.255278 0.235222 0.269032 0.00113809
1 0.11429 0.556296 0.181416 0.593601 0.00100274
