1 0.548019 0.476176 0.856798 0.925324 0.110012
1 0.403602 0.691688 0.583853 0.504932 0.0344973
1 0.596976 0.432956 0.461772 0.853728 0.024081
1 0.382782 0.43928 0.474181 0.816128 0.0208288
1 0.605583 0.69721 0.459806 0.448252 0.0134184
1 0.239339 0.532937 0.202457 0.546321 0.0116296
1 0.760069 0.45158 0.458045 0.886721 0.00743568
1 0.796246 0.467692 0.260274 0.715111 0.00536272
1 0.348938 0.673329 0.421385 0.348926 0.00381285
1 0.278987 0.52906 0.386394 0.703164 0.00369488
1 0.667957 0.0987054 0.288389 0.178855 0.00309068
1 0.529166 0.11303 0.55209 0.217486 0.00239537
1 0.719959 0.642465 0.265956 0.43082 0.00213174
1 0.189678 0.409772 0.298041 0.764739 0.00209438
1 0.736623 0.665418 0.420661 0.572493 0.0017913
1 0.694562 0.801405 0.523879 0.377073 0.00168114
1 0.246326 0.677004 0.224398 0.275363 0.0013723
1 0.759638 0.0694494 0.383707 0.133696 0.00132837
1 0.308481 0.353291 0.28376 0.575847 0.0011262
