1 0.424749 0.611816 0.711602 0.705266 0.253045
1 0.263991 0.603816 0.288182 0.541804 0.243783
1 0.623359 0.613783 0.427765 0.698477 0.122406
1 0.708698 0.686454 0.224502 0.44198 0.0350852
1 0.308878 0.699508 0.469705 0.525797 0.0313948
1 0.235497 0.81868 0.413144 0.348665 0.0113671
1 0.748964 0.770154 0.378874 0.416659 0.00765865
1 0.176 0.57622 0.273247 0.594124 0.00665043
1 0.685077 0.551067 0.206868 0.423861 0.00578157
1 0.779276 0.887751 0.418766 0.224497 0.00540382
1 0.741811 0.82296 0.199885 0.295522 0.00502185
1 0.609797 0.747852 0.726653 0.463357 0.00473898
1 0.838754 0.93579 0.322224 0.10135 0.00286239
1 0.784202 0.605891 0.332844 0.566803 0.00165646
1 0.688096 0.919773 0.322075 0.154418 0.00134428
1 0.651156 0.848757 0.385833 0.290862 0.00121397
1 0.250654 0.929367 0.395438 0.099468 0.00103179
