1 0.226967 0.5029 0.431415 0.564839 0.271808
1 0.707814 0.45477 0.556731 0.695271 0.240437
1 0.481899 0.47136 0.96253 0.774079 0.144212
1 0.785036 0.430129 0.334965 0.51984 0.13729
1 0.241832 0.678606 0.472367 0.501442 0.0615784
1 0.143281 0.513943 0.26293 0.458673 0.00659272
1 0.203607 0.30603 0.384221 0.353213 0.00240155
1 0.776835 0.288957 0.428911 0.489904 0.00184591
1 0.108601 0.349808 0.217202 0.682589 0.00153335
1 0.403453 0.487879 0.425895 0.65349 0.00150006
1 0.847741 0.576258 0.293292 0.504398 0.00131696
