1 0.522941 0.487945 0.924355 0.960762 0.107342
1 0.314304 0.678415 0.346665 0.39196 0.0462915
1 0.293645 0.4469 0.52021 0.88569 0.0421521
1 0.511191 0.458503 0.423871 0.889631 0.0277659
1 0.293769 0.124718 0.371552 0.237226 0.0251158
1 0.389949 0.735415 0.241172 0.331167 0.0215514
1 0.193483 0.538958 0.262499 0.640343 0.0209951
1 0.271082 0.479649 0.305843 0.719947 0.0143449
1 0.494747 0.138727 0.701112 0.27241 0.0117685
1 0.400182 0.704927 0.588861 0.503609 0.010648
1 0.32788 0.804231 0.496531 0.373154 0.00997396
1 0.704636 0.493514 0.44567 0.794311 0.00828494
1 0.826015 0.620851 0.303236 0.644525 0.00741721
1 0.666559 0.698709 0.561948 0.513006 0.0063981
1 0.272435 0.246139 0.49351 0.473909 0.00614294
1 0.465839 0.731783 0.282595 0.424293 0.00518806
1 0.220313 0.634896 0.416673 0.634939 0.00493695
1 0.658049 0.138814 0.238171 0.199244 0.00426454
1 0.313232 0.918248 0.463968 0.132951 0.00307193
1 0.418939 0.545684 0.328729 0.710752 0.00254602
1 0.781689 0.473603 0.251205 0.663795 0.00245511
1 0.517059 0.795533 0.63393 0.36975 0.00240143
1 0.771609 0.597149 0.184602 0.450176 0.00216076
1 0.646764 0.0824154 0.479337 0.157981 0.00215215
1 0.160425 0.673369 0.244486 0.487512 0.0020265
1 0.8086 0.856743 0.335071 0.26439 0.00126129
1 0.694048 0.930622 0.460968 0.10721 0.00120567
1 0.818976 0.932789 0.300903 0.096343 0.00119161
1 0.339791 0.192883 0.301281 0.315343 0.00105361
1 0.847574 0.759875 0.223954 0.407766 0.00101877
