1 0.469465 0.427846 0.847757 0.817807 0.289074
1 0.298643 0.254287 0.266715 0.360636 0.150684
1 0.312423 0.389205 0.486176 0.69509 0.117641
1 0.633957 0.351924 0.371903 0.653372 0.0129063
1 0.364432 0.233419 0.468792 0.412738 0.00563393
1 0.255573 0.185042 0.457102 0.33893 0.00560063
1 0.473503 0.319924 0.532432 0.58486 0.0051686
1 0.797756 0.354113 0.357504 0.679472 0.00347541
1 0.525635 0.687631 0.73377 0.55371 0.00267831
1 0.19238 0.345929 0.384761 0.67966 0.00261372
1 0.736935 0.237877 0.384959 0.437812 0.00159737
1 0.671136 0.544862 0.3592 0.628476 0.00114876
