1 0.312193 0.421407 0.300354 0.471965 0.199097
1 0.331205 0.535756 0.524952 0.731426 0.0804888
1 0.513263 0.595538 0.683852 0.807427 0.0184845
1 0.471354 0.439601 0.529044 0.544153 0.00739232
1 0.260227 0.821787 0.477178 0.356426 0.00693813
1 0.734967 0.672742 0.38356 0.653366 0.00351836
1 0.795835 0.848822 0.265197 0.293266 0.00292364
1 0.675782 0.808467 0.417654 0.381707 0.00224519
1 0.870796 0.937486 0.24431 0.108113 0.00222954
1 0.265114 0.932805 0.463142 0.131529 0.00213778
1 0.367789 0.750499 0.705595 0.498671 0.00206757
1 0.385073 0.893922 0.619108 0.211913 0.00191468
1 0.783618 0.948409 0.275592 0.101287 0.00174244
1 0.757754 0.875068 0.469603 0.249863 0.00152566
1 0.446049 0.940979 0.610865 0.1179 0.00152337
1 0.901057 0.87048 0.128624 0.232159 0.00150574
1 0.24913 0.349432 0.467467 0.558669 0.00141357
1 0.153766 0.838094 0.286868 0.31236 0.00138079
1 0.669867 0.940637 0.406508 0.118078 0.00118807
1 0.215646 0.626194 0.410141 0.692054 0.00107226
