1 0.785462 0.584629 0.383984 0.691989 0.0311095
1 0.339266 0.453839 0.329455 0.418356 0.0261505
1 0.608297 0.550985 0.713674 0.704338 0.0230122
1 0.427253 0.445156 0.545713 0.564363 0.0184876
1 0.789378 0.799394 0.402785 0.375636 0.0163643
1 0.861831 0.577934 0.229848 0.528752 0.0163092
1 0.291994 0.513151 0.249579 0.272577 0.0118847
1 0.392585 0.33154 0.362582 0.588774 0.00707583
1 0.635751 0.803156 0.416972 0.376611 0.00469156
1 0.325075 0.601869 0.375348 0.301605 0.00428754
1 0.763932 0.91022 0.448412 0.156094 0.00355393
1 0.794884 0.491322 0.255143 0.486407 0.00353428
1 0.232591 0.569787 0.232821 0.233863 0.00347505
1 0.714823 0.716823 0.290046 0.462456 0.00322477
1 0.237743 0.460537 0.274914 0.449795 0.00301498
1 0.527577 0.311113 0.446771 0.592618 0.00294292
1 0.492612 0.789295 0.524472 0.409407 0.00194883
1 0.800903 0.371079 0.366167 0.534165 0.0017178
1 0.762805 0.107999 0.448601 0.196745 0.0014062
1 0.27643 0.110618 0.528851 0.208141 0.00126524
1 0.709802 0.334128 0.275438 0.306149 0.00126481
1 0.389235 0.187038 0.352017 0.287984 0.00121575
1 0.471171 0.117219 0.659211 0.221648 0.00115395
1 0.62963 0.939 0.413947 0.118299 0.00111609
