1 0.207857 0.530931 0.33346 0.582137 0.131346
1 0.537787 0.545828 0.768732 0.765591 0.0910624
1 0.686749 0.567319 0.367316 0.660968 0.0771062
1 0.182837 0.673305 0.260063 0.286351 0.0500837
1 0.245511 0.710244 0.410949 0.410613 0.0307218
1 0.704393 0.648363 0.25096 0.342157 0.0288399
1 0.668908 0.764046 0.489948 0.413499 0.0129881
1 0.744582 0.545235 0.212692 0.553064 0.0108082
1 0.719613 0.791223 0.287632 0.351964 0.00778078
1 0.220314 0.834046 0.406554 0.310566 0.00626831
1 0.409007 0.807123 0.740686 0.361416 0.00524431
1 0.729171 0.877855 0.501912 0.238391 0.00376299
1 0.318755 0.584959 0.487935 0.640659 0.00320558
1 0.102347 0.658393 0.18467 0.355428 0.0029757
1 0.816766 0.505668 0.281114 0.578225 0.00266675
1 0.608657 0.274788 0.269953 0.190264 0.00261009
1 0.120889 0.789249 0.200183 0.323215 0.00246216
1 0.260508 0.928976 0.451175 0.122885 0.00218688
1 0.271466 0.337845 0.432248 0.624589 0.00165816
1 0.647432 0.412627 0.307707 0.423306 0.00161079
1 0.690454 0.930602 0.459983 0.0951257 0.00128218
1 0.788904 0.713648 0.334577 0.480249 0.00125886
1 0.669643 0.15735 0.417579 0.231007 0.00103807
