1 0.316388 0.546341 0.351921 0.288021 0.0590549
1 0.302095 0.436357 0.43223 0.558777 0.0336935
1 0.536619 0.466411 0.740695 0.524095 0.0161395
1 0.267142 0.460302 0.270197 0.37675 0.0120493
1 0.192638 0.380987 0.292808 0.575332 0.00934751
1 0.797942 0.538558 0.17468 0.273023 0.00819099
1 0.425524 0.563827 0.550978 0.41927 0.00447067
1 0.761443 0.582647 0.283676 0.340343 0.00279568
1 0.310648 0.637074 0.417862 0.363945 0.00264008
1 0.357514 0.304478 0.484696 0.51586 0.00258361
1 0.129558 0.428259 0.160972 0.534988 0.0021128
1 0.86429 0.59634 0.173869 0.573423 0.00136465
1 0.752935 0.449321 0.242216 0.442319 0.00125676
