1 0.564902 0.416984 0.740649 0.688979 0.0519086
1 0.61866 0.435271 0.475708 0.509879 0.039679
1 0.348115 0.446666 0.347302 0.394868 0.0157061
1 0.70416 0.336869 0.359176 0.618946 0.0138884
1 0.69688 0.0709272 0.574309 0.139062 0.00851914
1 0.673873 0.252062 0.580334 0.503378 0.00516146
1 0.688468 0.578394 0.537673 0.802202 0.00483397
1 0.349036 0.528661 0.570804 0.679276 0.0035474
1 0.302605 0.324973 0.415916 0.593753 0.00217308
1 0.684667 0.177361 0.418256 0.324087 0.00177867
1 0.575895 0.103367 0.848211 0.206733 0.00170252
1 0.322632 0.0704257 0.619491 0.140851 0.00144262
1 0.795388 0.690641 0.3746 0.618719 0.00132878
1 0.382632 0.24764 0.383145 0.315819 0.00111872
