1 0.425488 0.430145 0.545002 0.762921 0.115389
1 0.314525 0.609186 0.283424 0.341159 0.0665581
1 0.276587 0.454479 0.553174 0.895599 0.0597198
1 0.320349 0.454067 0.300538 0.613787 0.0429904
1 0.302739 0.600549 0.407495 0.550027 0.0172379
1 0.593694 0.414056 0.485612 0.778968 0.013877
1 0.337457 0.240548 0.441682 0.438334 0.00984107
1 0.509071 0.693408 0.640419 0.531327 0.0088216
1 0.34351 0.16215 0.340725 0.268025 0.00823747
1 0.53398 0.179371 0.510218 0.287773 0.00454458
1 0.427478 0.210271 0.25378 0.2115 0.00323619
1 0.253245 0.0962366 0.447754 0.18756 0.00242447
1 0.226045 0.402859 0.288281 0.745006 0.0021388
1 0.639334 0.87629 0.61494 0.239311 0.00177581
1 0.688062 0.627595 0.31394 0.37707 0.00172993
1 0.325706 0.769168 0.530236 0.461665 0.00164188
1 0.665792 0.922595 0.495293 0.121128 0.00157469
1 0.530569 0.533242 0.868847 0.829171 0.00147088
1 0.633371 0.163261 0.303438 0.199628 0.00104239
