1 0.531214 0.5473 0.743145 0.446341 0.0794596
1 0.5576 0.353764 0.570876 0.683221 0.0158639
1 0.387156 0.523821 0.532935 0.32625 0.0140341
1 0.637352 0.543631 0.456983 0.27595 0.013494
1 0.75619 0.0631787 0.466194 0.126098 0.0084101
1 0.704702 0.415672 0.521597 0.633664 0.00832369
1 0.605216 0.086434 0.621696 0.167241 0.00792144
1 0.302601 0.527264 0.315794 0.255442 0.0053791
1 0.44788 0.0614642 0.50779 0.122922 0.00511241
1 0.285856 0.339194 0.394466 0.639942 0.0037525
1 0.768953 0.582127 0.300627 0.226871 0.00365671
1 0.334293 0.0834052 0.371353 0.157873 0.00352479
1 0.483274 0.1211 0.653411 0.226868 0.00344764
1 0.648088 0.213967 0.535673 0.425913 0.00319343
1 0.739418 0.116754 0.511782 0.227637 0.00304276
1 0.364885 0.172455 0.520974 0.344909 0.00130904
1 0.519748 0.689522 0.88329 0.56397 0.00118665
