1 0.552626 0.434233 0.844874 0.864401 0.304223
1 0.501005 0.627256 0.735701 0.469431 0.0542826
1 0.395213 0.395271 0.440271 0.778888 0.0405773
1 0.638417 0.404797 0.451859 0.786167 0.030843
1 0.221396 0.382009 0.374644 0.754414 0.0176996
1 0.389413 0.619671 0.437128 0.374982 0.0172613
1 0.283723 0.6259 0.182144 0.219649 0.015062
1 0.623912 0.639619 0.468896 0.318952 0.0148458
1 0.736357 0.659261 0.246712 0.239374 0.0127331
1 0.29533 0.633096 0.258055 0.318787 0.0109458
1 0.360595 0.130362 0.281009 0.248088 0.00855636
1 0.261551 0.513298 0.22324 0.51643 0.00797547
1 0.270483 0.180172 0.49448 0.356184 0.00531903
1 0.796857 0.409092 0.359682 0.778903 0.00522016
1 0.48913 0.130648 0.599218 0.261297 0.00504233
1 0.386047 0.0706286 0.281525 0.137049 0.00304672
1 0.733897 0.511821 0.315205 0.546473 0.002325
1 0.163487 0.240488 0.314938 0.465903 0.00225804
1 0.730704 0.0984789 0.534352 0.192117 0.00206892
1 0.754647 0.217866 0.448967 0.426157 0.00193787
1 0.785518 0.0628273 0.420002 0.125655 0.00134106
1 0.838226 0.639361 0.170853 0.252546 0.0012836
1 0.313142 0.0879362 0.567074 0.175872 0.00102214
