1 0.284115 0.568421 0.318163 0.29178 0.0102642
1 0.447311 0.471418 0.748233 0.760017 0.00939246
1 0.286916 0.508405 0.470447 0.51399 0.00917418
1 0.43652 0.13529 0.544138 0.266688 0.00715542
1 0.646175 0.417279 0.548401 0.689078 0.00656218
1 0.543882 0.0950955 0.387423 0.186603 0.00642545
1 0.612911 0.104324 0.774179 0.206795 0.00610248
1 0.410055 0.573443 0.555446 0.457061 0.00543324
1 0.839299 0.518874 0.236754 0.581589 0.00431863
1 0.393547 0.356079 0.480108 0.705095 0.00403428
1 0.682034 0.0930829 0.36209 0.178492 0.00342744
1 0.333906 0.0747836 0.430614 0.1482 0.00285922
1 0.1865 0.598424 0.246941 0.361341 0.00277666
1 0.586818 0.155557 0.278963 0.298643 0.00231133
1 0.828906 0.647495 0.155685 0.261528 0.00202519
1 0.610115 0.604096 0.361395 0.451227 0.00146238
1 0.758128 0.491602 0.295035 0.648989 0.00129542
1 0.37289 0.178426 0.323568 0.259369 0.00105741
1 0.514589 0.218634 0.413857 0.422254 0.00105667
