1 0.428376 0.396477 0.418445 0.713974 0.0741304
1 0.659274 0.392313 0.530347 0.740492 0.0436618
1 0.649394 0.617754 0.605157 0.496378 0.0417768
1 0.428913 0.619917 0.44545 0.392593 0.0269383
1 0.517869 0.50814 0.647612 0.691031 0.0102868
1 0.822989 0.563706 0.298581 0.365728 0.00804372
1 0.835498 0.369989 0.312848 0.675148 0.00550921
1 0.318838 0.601046 0.203562 0.328053 0.00496235
1 0.525192 0.588707 0.28403 0.339797 0.00471625
1 0.831227 0.551088 0.20914 0.254289 0.00285424
1 0.402224 0.158606 0.183422 0.155668 0.00252266
1 0.590674 0.796153 0.792714 0.398057 0.00241187
1 0.334462 0.612811 0.455776 0.555422 0.00192581
1 0.420588 0.162125 0.268041 0.249455 0.00144162
1 0.289008 0.519868 0.237844 0.570473 0.00139672
1 0.696026 0.0690074 0.566561 0.136644 0.00128847
1 0.790825 0.659455 0.402974 0.491465 0.00103043
1 0.480454 0.111205 0.601442 0.203165 0.00102554
