1 0.496409 0.613522 0.36128 0.395573 0.124687
1 0.435828 0.438384 0.676291 0.860337 0.0612356
1 0.409317 0.592942 0.262731 0.345388 0.0472312
1 0.560417 0.457334 0.404533 0.674827 0.0224418
1 0.340052 0.378708 0.361661 0.745377 0.0189983
1 0.455345 0.592037 0.582546 0.495116 0.0167151
1 0.287495 0.585639 0.285264 0.270398 0.00642809
1 0.209447 0.0946403 0.40708 0.185503 0.00464291
1 0.69357 0.430319 0.539355 0.810808 0.00447068
1 0.207552 0.596218 0.167573 0.228949 0.00318159
1 0.271846 0.432993 0.543692 0.852956 0.00295876
1 0.266569 0.0564553 0.388267 0.111976 0.00278773
1 0.275301 0.474331 0.284696 0.525573 0.00256149
1 0.116322 0.117215 0.226518 0.231193 0.00245482
1 0.289762 0.610749 0.380655 0.420214 0.00179973
1 0.198055 0.376043 0.294344 0.735402 0.00153923
1 0.237038 0.215878 0.450694 0.431756 0.00141324
1 0.63778 0.240214 0.188414 0.176825 0.00120696
1 0.342567 0.082556 0.401649 0.159637 0.00111789
1 0.344972 0.171051 0.368935 0.319615 0.00104978
