1 0.574873 0.363745 0.846626 0.72749 0.0336429
1 0.382247 0.348258 0.450745 0.679062 0.0182872
1 0.241832 0.381298 0.424574 0.67939 0.00438298
1 0.636656 0.185272 0.64208 0.369933 0.00358185
1 0.712378 0.0612942 0.535055 0.122588 0.00326545
1 0.606516 0.08616 0.482756 0.168398 0.00284343
1 0.77478 0.303729 0.40927 0.522438 0.00200812
1 0.337343 0.522765 0.392096 0.387533 0.00161769
1 0.631095 0.418426 0.417198 0.484411 0.00130653
1 0.294981 0.526764 0.233855 0.291972 0.00129818
1 0.506876 0.283688 0.502745 0.562189 0.00123663
1 0.449244 0.119092 0.373456 0.217192 0.00117374
1 0.778823 0.132271 0.437873 0.259091 0.00112639
