1 0.547737 0.443897 0.878886 0.854059 0.125375
1 0.510653 0.654724 0.672403 0.422458 0.0861789
1 0.340869 0.648267 0.315359 0.300062 0.0764004
1 0.306112 0.643797 0.216688 0.21188 0.0535125
1 0.539148 0.48273 0.572159 0.646182 0.0335848
1 0.325719 0.411197 0.505212 0.807438 0.0293368
1 0.682325 0.639666 0.329608 0.278876 0.0171904
1 0.37865 0.490577 0.350833 0.569399 0.013065
1 0.27734 0.450878 0.269066 0.649025 0.00909579
1 0.739843 0.485371 0.267917 0.584531 0.00496441
1 0.256728 0.132256 0.449835 0.251374 0.00453923
1 0.460533 0.166986 0.701394 0.322017 0.00331571
1 0.292289 0.208674 0.313828 0.333776 0.00329875
1 0.258148 0.677388 0.291091 0.296568 0.00318391
1 0.371435 0.773422 0.42939 0.358236 0.00305323
1 0.242829 0.272604 0.485659 0.538863 0.00182618
1 0.71859 0.112802 0.52265 0.199699 0.00164403
1 0.300306 0.110595 0.314375 0.175904 0.00160508
1 0.705065 0.446503 0.480459 0.686953 0.00116589
