1 0.267745 0.549071 0.467618 0.801628 0.035967
1 0.615396 0.589194 0.531126 0.793234 0.0286577
1 0.238867 0.779787 0.356564 0.3883 0.0236465
1 0.622666 0.352865 0.242646 0.398241 0.00657008
1 0.802155 0.648389 0.358303 0.700196 0.00555819
1 0.137728 0.774319 0.161548 0.321127 0.00537324
1 0.167863 0.649288 0.274109 0.573415 0.00336215
1 0.420381 0.611469 0.488 0.709417 0.00239349
1 0.142912 0.851446 0.219806 0.282748 0.00182364
1 0.32259 0.670505 0.32821 0.47268 0.00173988
1 0.395595 0.795798 0.472009 0.386759 0.00152564
1 0.296217 0.51223 0.26754 0.563818 0.00102207
