1 0.298731 0.388565 0.498502 0.686652 0.0305368
1 0.450682 0.456803 0.611245 0.678927 0.0194404
1 0.297794 0.412636 0.275126 0.53078 0.0184947
1 0.313061 0.514326 0.391778 0.430963 0.00872512
1 0.634342 0.439959 0.40232 0.670777 0.00665513
1 0.680904 0.518794 0.201356 0.397845 0.00619187
1 0.209073 0.494949 0.289039 0.523605 0.00405215
1 0.532207 0.58935 0.462103 0.485452 0.00394558
1 0.205704 0.0587935 0.394284 0.115712 0.00391717
1 0.468446 0.661923 0.678282 0.662028 0.00222147
1 0.786659 0.577456 0.407867 0.743079 0.00166618
1 0.608838 0.585646 0.334885 0.32148 0.00158006
1 0.693673 0.629684 0.24326 0.360289 0.0013686
1 0.177394 0.623584 0.256823 0.358686 0.00131599
1 0.198623 0.925638 0.329478 0.141027 0.00117185
1 0.149061 0.388922 0.284387 0.761399 0.00116899
1 0.269805 0.950528 0.363033 0.0977473 0.00112015
1 0.224486 0.205623 0.402818 0.411246 0.00111259
1 0.198607 0.11306 0.385137 0.214678 0.00109197
1 0.100604 0.925427 0.148972 0.137998 0.00100719
1 0.139331 0.577811 0.216226 0.563734 0.00100713
