1 0.564507 0.475891 0.868237 0.868344 0.295774
1 0.258492 0.461163 0.464468 0.766221 0.108077
1 0.43773 0.451879 0.471395 0.761705 0.0276956
1 0.744241 0.457533 0.415936 0.778218 0.0271636
1 0.635753 0.677552 0.721032 0.595047 0.0184084
1 0.815069 0.562624 0.282522 0.507488 0.0149265
1 0.238236 0.650472 0.413665 0.381904 0.00959135
1 0.808568 0.109353 0.380241 0.194341 0.00345901
1 0.364812 0.616981 0.234168 0.346113 0.00298255
1 0.354468 0.320159 0.443944 0.473278 0.00171096
1 0.87731 0.510417 0.232346 0.738203 0.00160323
1 0.848836 0.706517 0.277463 0.502089 0.0014947
1 0.756052 0.194616 0.273408 0.211064 0.00144488
1 0.286921 0.645229 0.274442 0.287614 0.00141499
1 0.797618 0.282949 0.39026 0.449712 0.00139296
1 0.293015 0.534168 0.322637 0.518923 0.00126892
1 0.12779 0.488324 0.204565 0.650031 0.00112554
