1 0.280547 0.822382 0.344521 0.279216 0.0853086
1 0.516249 0.762102 0.74953 0.458661 0.0700332
1 0.461159 0.484339 0.740662 0.949807 0.0491216
1 0.736341 0.184474 0.426504 0.355878 0.04123
1 0.670306 0.460072 0.478628 0.875753 0.0308909
1 0.301864 0.905181 0.465304 0.156858 0.0290876
1 0.301373 0.485986 0.415714 0.838952 0.0231792
1 0.282636 0.781199 0.235834 0.19638 0.0193348
1 0.584605 0.211516 0.609747 0.403294 0.0167196
1 0.557914 0.119394 0.80076 0.23822 0.011908
1 0.238741 0.732212 0.360827 0.478875 0.00914792
1 0.721958 0.709201 0.426542 0.426478 0.00871483
1 0.378481 0.164449 0.465179 0.311046 0.00579935
1 0.740874 0.834179 0.494408 0.291598 0.00567258
1 0.836822 0.435504 0.299573 0.825983 0.00550865
1 0.210341 0.92789 0.372952 0.14422 0.00457668
1 0.695837 0.0741752 0.539248 0.145809 0.00307012
1 0.385339 0.240104 0.307634 0.439796 0.0028677
1 0.855828 0.792863 0.246435 0.290605 0.00285671
1 0.430853 0.207595 0.238628 0.265329 0.00266189
1 0.518181 0.905739 0.812313 0.15615 0.00248656
1 0.805495 0.109775 0.368306 0.219549 0.00248032
1 0.463771 0.15351 0.339387 0.231658 0.00245911
1 0.856918 0.671798 0.235272 0.457221 0.00237315
1 0.327198 0.0869833 0.592189 0.17118 0.00215671
1 0.184626 0.535728 0.354564 0.890719 0.00212883
1 0.393734 0.388597 0.222751 0.587699 0.00189871
1 0.834732 0.869174 0.307865 0.201087 0.00189715
1 0.744288 0.922199 0.473053 0.109395 0.00139832
1 0.902378 0.570026 0.183303 0.71272 0.00115893
1 0.203354 0.874366 0.406708 0.251269 0.00115071
1 0.400969 0.283728 0.178839 0.355132 0.00114212
