1 0.336094 0.356952 0.362424 0.610658 0.132283
1 0.544249 0.389721 0.782415 0.751405 0.0817214
1 0.316107 0.509297 0.282197 0.283851 0.0566999
1 0.72652 0.444768 0.427118 0.79012 0.0271667
1 0.230977 0.425432 0.283988 0.561953 0.0141363
1 0.472519 0.151686 0.592397 0.297061 0.0112355
1 0.805094 0.356177 0.268144 0.605756 0.00909489
1 0.365415 0.208972 0.338902 0.369357 0.00861333
1 0.389698 0.510972 0.492438 0.7358 0.00825071
1 0.795428 0.673271 0.364339 0.646336 0.00676531
1 0.379123 0.581752 0.356547 0.403738 0.00650716
1 0.573275 0.307405 0.488259 0.597223 0.00531537
1 0.817828 0.484686 0.196109 0.294484 0.00492323
1 0.360272 0.107616 0.471076 0.204506 0.00464198
1 0.883516 0.718983 0.171355 0.527297 0.00431307
1 0.240393 0.531235 0.22384 0.309685 0.00408326
1 0.847826 0.621092 0.194558 0.611261 0.00350308
1 0.603618 0.127768 0.361747 0.216937 0.00314643
1 0.542451 0.0697681 0.598665 0.13787 0.00299918
1 0.55415 0.666011 0.742073 0.640797 0.00294368
1 0.842917 0.827419 0.290238 0.328259 0.00286541
1 0.88972 0.890496 0.169691 0.181213 0.00263206
1 0.618319 0.818357 0.698674 0.363287 0.00237419
1 0.750823 0.0698737 0.435673 0.137369 0.0019682
1 0.150562 0.442172 0.210683 0.629493 0.0017415
1 0.774402 0.157188 0.432904 0.296898 0.00160787
1 0.376857 0.721904 0.48047 0.519899 0.00145804
1 0.739399 0.441034 0.317296 0.432659 0.00113128
1 0.294866 0.065439 0.493968 0.129762 0.00102542
