1 0.549904 0.51519 0.894372 0.89819 0.204922
1 0.345412 0.743206 0.336347 0.433922 0.0811926
1 0.533312 0.771576 0.751793 0.452819 0.0550365
1 0.376408 0.597204 0.42574 0.73373 0.0328998
1 0.657252 0.563996 0.520388 0.72221 0.00889834
1 0.25015 0.704693 0.298522 0.538854 0.00708297
1 0.810189 0.782876 0.272067 0.29447 0.00645255
1 0.855258 0.554184 0.248009 0.7049 0.00593522
1 0.297033 0.837777 0.360066 0.303024 0.00533918
1 0.434938 0.883396 0.753651 0.210109 0.00523988
1 0.299411 0.91307 0.430747 0.151698 0.00288972
1 0.830259 0.761734 0.166401 0.220862 0.00273909
1 0.71521 0.824732 0.469249 0.330257 0.00207943
