1 0.795235 0.561753 0.240128 0.508241 0.125474
1 0.542497 0.487577 0.897068 0.835971 0.120039
1 0.253414 0.569521 0.350767 0.664618 0.082262
1 0.221782 0.762818 0.237511 0.283439 0.0790167
1 0.770342 0.668513 0.319183 0.327781 0.0406651
1 0.279621 0.787778 0.413834 0.381692 0.0323714
1 0.758925 0.102312 0.440808 0.197163 0.0259649
1 0.16631 0.681217 0.24614 0.536236 0.0229837
1 0.719376 0.493455 0.432732 0.691199 0.0196464
1 0.492357 0.761577 0.832858 0.420607 0.0183443
1 0.806501 0.650437 0.371745 0.541413 0.00945572
1 0.765549 0.799468 0.448012 0.357811 0.00838585
1 0.634843 0.656123 0.60945 0.493273 0.00617863
1 0.761145 0.305296 0.455051 0.602553 0.00550616
1 0.322785 0.256665 0.263685 0.17823 0.00409355
1 0.16651 0.817374 0.282216 0.342988 0.00375959
1 0.414669 0.577502 0.521576 0.745891 0.00368469
1 0.506743 0.118863 0.891392 0.218802 0.00368375
1 0.236796 0.914427 0.3592 0.126119 0.00345059
1 0.172387 0.46922 0.310728 0.881099 0.00319655
1 0.354028 0.209465 0.38471 0.154996 0.00278393
1 0.716908 0.186318 0.47455 0.340654 0.0023825
1 0.787097 0.0618252 0.352192 0.116966 0.00221881
1 0.286092 0.389218 0.283275 0.312635 0.00209938
1 0.383981 0.921008 0.589125 0.142122 0.00187632
1 0.841107 0.402157 0.274537 0.692969 0.00163161
1 0.762969 0.924887 0.436185 0.095377 0.00137665
1 0.0986186 0.626121 0.182387 0.643829 0.00126519
1 0.458392 0.237896 0.523622 0.240422 0.00122419
1 0.861355 0.0909078 0.271715 0.160744 0.00118984
1 0.239879 0.277811 0.408385 0.196183 0.00109578
1 0.323074 0.127416 0.463236 0.173828 0.00105422
1 0.846797 0.84476 0.293872 0.221085 0.00104509
