1 0.378548 0.325489 0.690352 0.650444 0.191349
1 0.445514 0.239828 0.426959 0.475457 0.00565261
1 0.195349 0.337952 0.372709 0.675903 0.00467797
1 0.438375 0.118401 0.380069 0.235256 0.00427895
1 0.720719 0.825054 0.550424 0.347661 0.00318581
1 0.550061 0.302768 0.411072 0.596628 0.00312841
1 0.37679 0.510768 0.5832 0.407875 0.002944
1 0.460341 0.0654237 0.290061 0.129296 0.0026828
1 0.740106 0.93911 0.506974 0.12178 0.00232895
1 0.536363 0.563467 0.426515 0.342783 0.00201947
1 0.126535 0.408949 0.199853 0.627884 0.00156309
1 0.224374 0.478708 0.30728 0.375822 0.00137669
1 0.568097 0.680429 0.529795 0.607977 0.00135146
1 0.564163 0.53208 0.310867 0.233635 0.00131654
