1 0.593205 0.436605 0.806612 0.870292 0.489069
1 0.43591 0.431466 0.453596 0.765019 0.0691096
1 0.779044 0.498502 0.397523 0.905627 0.0487068
1 0.316725 0.450808 0.234001 0.692719 0.0208193
1 0.783201 0.226465 0.309477 0.43692 0.00802118
1 0.863809 0.455111 0.227938 0.78312 0.00607689
1 0.338321 0.646765 0.310901 0.388758 0.00527002
1 0.82765 0.816884 0.330089 0.36538 0.00242272
1 0.314278 0.578202 0.415825 0.729558 0.00152039
1 0.282845 0.370862 0.389204 0.69703 0.00148317
1 0.414252 0.19529 0.391392 0.350999 0.00140025
1 0.880908 0.673037 0.191574 0.322748 0.00136422
1 0.720224 0.33043 0.38251 0.639596 0.00135514
1 0.391169 0.72308 0.498319 0.451411 0.00107932
1 0.418663 0.104003 0.379266 0.189164 0.00105682
1 0.819369 0.109563 0.356167 0.206603 0.00100603
