1 0.530485 0.476489 0.883183 0.898474 0.0818499
1 0.265196 0.467123 0.261713 0.409817 0.0499578
1 0.237507 0.511878 0.412991 0.527403 0.044189
1 0.291547 0.351266 0.44713 0.665368 0.0266663
1 0.73223 0.573872 0.403535 0.662386 0.0138488
1 0.334127 0.53179 0.444593 0.693287 0.00602609
1 0.838255 0.510972 0.239215 0.589725 0.00444365
1 0.40169 0.816062 0.705023 0.366943 0.00272895
1 0.229009 0.69608 0.384972 0.5293 0.00242523
1 0.701501 0.854629 0.499529 0.273093 0.00204716
1 0.52629 0.874137 0.671707 0.247159 0.00165368
1 0.763734 0.502146 0.253977 0.52883 0.00158928
1 0.243834 0.842262 0.432887 0.311924 0.00131517
1 0.157028 0.588813 0.251487 0.531779 0.00124742
1 0.136614 0.742323 0.227187 0.418474 0.00124648
1 0.452937 0.294407 0.660123 0.573256 0.00119934
1 0.465261 0.937538 0.652877 0.124923 0.00111131
1 0.663593 0.920737 0.49046 0.158526 0.00104921
