1 0.451301 0.407203 0.724391 0.808771 0.283823
1 0.307358 0.436445 0.382305 0.696826 0.126598
1 0.195806 0.396 0.318661 0.742989 0.0281885
1 0.264539 0.530825 0.288607 0.44919 0.0198635
1 0.708101 0.440059 0.528194 0.875354 0.0153674
1 0.748391 0.124337 0.474377 0.246285 0.00654808
1 0.375943 0.188239 0.522693 0.374379 0.00353978
1 0.62175 0.0940774 0.557377 0.184804 0.00308435
1 0.827934 0.463989 0.249035 0.837677 0.00283012
1 0.482227 0.651146 0.891983 0.631409 0.002627
1 0.778698 0.067993 0.427185 0.135986 0.00253792
1 0.105564 0.3938 0.166785 0.7876 0.00248318
1 0.46665 0.0725852 0.573218 0.14517 0.00193374
1 0.813477 0.598782 0.201904 0.452339 0.00158964
1 0.750992 0.305744 0.361446 0.600993 0.00102311
