1 0.611369 0.584952 0.684858 0.815434 0.0923539
1 0.374312 0.571499 0.499094 0.846088 0.0453901
1 0.77877 0.607853 0.378599 0.784294 0.0343393
1 0.232637 0.598591 0.412615 0.79964 0.0193392
1 0.394895 0.86324 0.602828 0.27352 0.0187425
1 0.846375 0.734136 0.242637 0.504747 0.013251
1 0.207889 0.720709 0.290068 0.537323 0.0117924
1 0.357359 0.929014 0.47251 0.106998 0.00916067
1 0.741719 0.803023 0.453361 0.389184 0.00889821
1 0.270855 0.812816 0.344485 0.360271 0.00729486
1 0.376187 0.295483 0.187809 0.261985 0.00614284
1 0.891144 0.867189 0.195866 0.249051 0.00439634
1 0.353869 0.503836 0.274799 0.750963 0.0032544
1 0.489743 0.768334 0.854772 0.457056 0.00295347
1 0.273481 0.896211 0.490139 0.207579 0.0024401
1 0.677637 0.247896 0.18585 0.155109 0.00242368
1 0.907769 0.938119 0.151354 0.104324 0.00203581
1 0.74804 0.903413 0.388587 0.185969 0.00190518
1 0.693936 0.374251 0.247512 0.36397 0.00179564
1 0.825205 0.920893 0.242759 0.148083 0.00174394
1 0.869006 0.556678 0.248994 0.618602 0.00166575
1 0.924159 0.762803 0.128767 0.401603 0.00105286
