1 0.167572 0.5516 0.279729 0.578831 0.177599
1 0.461369 0.457136 0.812046 0.878744 0.128165
1 0.267226 0.443996 0.404724 0.807885 0.0883786
1 0.258096 0.592044 0.331077 0.484363 0.0313772
1 0.691599 0.499926 0.430416 0.742534 0.0139873
1 0.813085 0.581101 0.233546 0.533301 0.0101249
1 0.33084 0.70607 0.515063 0.459423 0.00801802
1 0.71952 0.722594 0.397026 0.425751 0.00630875
1 0.545044 0.679723 0.830377 0.551999 0.00610433
1 0.273305 0.135968 0.361759 0.255918 0.00277312
1 0.224095 0.616647 0.44819 0.6652 0.00198886
1 0.825779 0.684811 0.177698 0.335691 0.00157216
1 0.460303 0.838924 0.728122 0.278389 0.00152234
1 0.82826 0.448472 0.308289 0.821616 0.00149665
1 0.122871 0.653332 0.19181 0.471424 0.00146189
1 0.472999 0.719365 0.473794 0.404409 0.00117272
1 0.616477 0.170383 0.218498 0.290911 0.00109632
1 0.619113 0.78876 0.466859 0.323967 0.00105243
1 0.0807432 0.49101 0.151732 0.649639 0.00102507
