1 0.290425 0.672117 0.326306 0.378634 0.150816
1 0.448721 0.677194 0.645256 0.450312 0.100758
1 0.598742 0.456276 0.440429 0.846048 0.0304767
1 0.590496 0.750642 0.445525 0.37691 0.0264435
1 0.321772 0.459298 0.445496 0.807953 0.0217841
1 0.497293 0.482186 0.801635 0.943066 0.0208085
1 0.668718 0.757919 0.289691 0.283193 0.0151083
1 0.738346 0.768995 0.266605 0.378394 0.00922248
1 0.194592 0.432381 0.344653 0.803996 0.00592087
1 0.188033 0.710109 0.225872 0.323408 0.00411209
1 0.742327 0.570404 0.218669 0.624266 0.00377584
1 0.461344 0.101237 0.633337 0.196035 0.00289312
1 0.737681 0.905676 0.370133 0.178368 0.00230472
1 0.520831 0.828665 0.611913 0.32951 0.00218629
1 0.259145 0.0873599 0.473863 0.169664 0.00194357
1 0.298511 0.0637359 0.30836 0.120332 0.00130122
1 0.343417 0.759976 0.496645 0.430938 0.00109175
1 0.583609 0.0630852 0.501405 0.122265 0.00108229
1 0.688256 0.944556 0.289298 0.107773 0.0010353
