1 0.26869 0.640255 0.21489 0.41501 0.00392066
1 0.412394 0.847764 0.540146 0.292554 0.00342668
1 0.358059 0.566038 0.36965 0.5452 0.00299938
1 0.386932 0.708275 0.451077 0.442549 0.00251156
1 0.267466 0.499212 0.261243 0.652065 0.00244648
1 0.652432 0.608491 0.482904 0.705039 0.00234815
1 0.753473 0.0875958 0.399521 0.161151 0.0016994
1 0.445579 0.490541 0.462916 0.811093 0.00154823
1 0.811957 0.818716 0.184739 0.331565 0.00139454
1 0.860175 0.667656 0.251271 0.581261 0.00131075
1 0.699906 0.825711 0.360346 0.31227 0.0012692
1 0.330103 0.107465 0.408186 0.187118 0.00113803
1 0.394731 0.931582 0.447142 0.110291 0.00110723
