1 0.741029 0.091427 0.460649 0.180563 0.0334889
1 0.542979 0.346304 0.807766 0.688187 0.0187406
1 0.614645 0.202676 0.687557 0.404708 0.0155036
1 0.564479 0.0766735 0.696114 0.153347 0.0152467
1 0.31666 0.383078 0.558583 0.741548 0.0134711
1 0.441856 0.059232 0.394462 0.117237 0.00890337
1 0.335042 0.511559 0.439709 0.345495 0.00817902
1 0.359586 0.0859051 0.415668 0.168161 0.00710222
1 0.770171 0.324093 0.439091 0.641206 0.00697998
1 0.69809 0.523693 0.516713 0.377304 0.0049758
1 0.784284 0.165305 0.419724 0.322522 0.00409052
1 0.364736 0.162774 0.481287 0.321673 0.00360945
1 0.505635 0.536816 0.63109 0.432431 0.00261249
1 0.298447 0.514863 0.300037 0.234361 0.00241577
1 0.866311 0.522721 0.202455 0.21876 0.00176203
1 0.818861 0.527537 0.319554 0.285902 0.00126167
