1 0.347017 0.345628 0.45107 0.683267 0.0248884
1 0.34795 0.537435 0.408867 0.327758 0.0143213
1 0.592422 0.352091 0.523201 0.695072 0.0132774
1 0.267592 0.0906998 0.48663 0.177987 0.0114728
1 0.549303 0.0894949 0.75452 0.17813 0.0112032
1 0.371486 0.0629171 0.374706 0.125834 0.00971556
1 0.476935 0.394469 0.948803 0.784662 0.00818588
1 0.393491 0.55251 0.272899 0.233534 0.00653865
1 0.267832 0.196336 0.493792 0.392671 0.00522447
1 0.695394 0.0650893 0.487105 0.129253 0.00365986
1 0.443144 0.232496 0.509388 0.4532 0.00330653
1 0.204122 0.333918 0.340312 0.66193 0.00304057
1 0.243767 0.499708 0.21766 0.280836 0.00256654
1 0.269954 0.400186 0.539908 0.795462 0.00252633
1 0.647563 0.168882 0.576373 0.329381 0.00246651
1 0.159614 0.174169 0.309291 0.308355 0.00181265
1 0.647824 0.524678 0.42186 0.505386 0.00165718
1 0.101951 0.146286 0.195471 0.214024 0.00136141
1 0.520757 0.537214 0.370956 0.381393 0.00133752
