1 0.287592 0.540715 0.334121 0.338325 0.0401133
1 0.596608 0.373305 0.677446 0.680877 0.0287546
1 0.292578 0.374303 0.441767 0.66254 0.0223364
1 0.564864 0.651372 0.793878 0.613079 0.0215174
1 0.687764 0.597025 0.492805 0.380114 0.00557841
1 0.432805 0.486377 0.724495 0.508336 0.00534636
1 0.815227 0.408282 0.167433 0.236938 0.00486199
1 0.82449 0.529525 0.194524 0.333005 0.00442276
1 0.206611 0.509342 0.249914 0.36149 0.00421973
1 0.81821 0.634488 0.23226 0.179525 0.00384758
1 0.329971 0.134446 0.363539 0.226551 0.00285173
1 0.811996 0.420206 0.350857 0.614225 0.00255968
1 0.423686 0.301206 0.564346 0.60147 0.00254977
1 0.835029 0.364299 0.241117 0.36605 0.00225254
1 0.61363 0.106174 0.424921 0.200685 0.00204965
1 0.567905 0.823935 0.800462 0.34833 0.00200786
1 0.754639 0.102384 0.398344 0.189304 0.00131909
1 0.566621 0.900416 0.626546 0.196697 0.00123125
1 0.148441 0.545247 0.201987 0.294891 0.00122705
1 0.882159 0.918428 0.188969 0.113328 0.00111195
1 0.53813 0.943682 0.525548 0.112635 0.00110122
