1 0.511161 0.43817 0.86311 0.685328 0.310092
1 0.232523 0.365128 0.415614 0.649678 0.185587
1 0.759801 0.48563 0.253786 0.389969 0.184693
1 0.197411 0.416011 0.30332 0.421715 0.131107
1 0.760498 0.49211 0.39096 0.528294 0.115363
1 0.197587 0.506134 0.275148 0.221297 0.072351
1 0.193176 0.57824 0.353422 0.335092 0.0106539
1 0.231529 0.193668 0.410545 0.316451 0.00658284
1 0.294012 0.503401 0.578781 0.543191 0.00585718
1 0.125234 0.410794 0.242832 0.526986 0.00372216
1 0.697434 0.38733 0.334269 0.48881 0.00173881
1 0.266583 0.649823 0.485355 0.38576 0.00131385
1 0.641475 0.566022 0.525952 0.44606 0.00120444
1 0.878823 0.482054 0.239739 0.536017 0.00118063
