1 0.25391 0.49378 0.389675 0.888939 0.189404
1 0.445565 0.473496 0.732847 0.940705 0.112256
1 0.218434 0.616708 0.260954 0.582008 0.0518729
1 0.641683 0.511114 0.362806 0.863756 0.0434128
1 0.45865 0.729266 0.721249 0.521584 0.0217296
1 0.711887 0.759942 0.203333 0.320614 0.0177364
1 0.720396 0.607268 0.242384 0.705346 0.0144573
1 0.621185 0.792504 0.410862 0.365615 0.0144391
1 0.202966 0.792727 0.264474 0.319908 0.0113511
1 0.159129 0.686419 0.241484 0.519809 0.00645807
1 0.225112 0.0886715 0.436991 0.170352 0.00407097
1 0.146432 0.472209 0.257565 0.886133 0.00311877
1 0.251244 0.762416 0.450833 0.475168 0.00215559
1 0.794716 0.469415 0.397934 0.923752 0.00203505
1 0.593567 0.222605 0.195018 0.306496 0.00177042
1 0.193708 0.890535 0.34039 0.213408 0.00152047
1 0.601442 0.189311 0.163816 0.163435 0.00115307
1 0.714987 0.825505 0.291576 0.334795 0.00111572
