1 0.456753 0.328427 0.503496 0.625395 0.122179
1 0.371397 0.468926 0.334803 0.367962 0.0329077
1 0.523533 0.490818 0.74081 0.878837 0.0172761
1 0.482179 0.523023 0.597751 0.515311 0.012416
1 0.627438 0.269589 0.324049 0.497101 0.00631096
1 0.31199 0.377482 0.339313 0.557592 0.00555706
1 0.338291 0.479384 0.571515 0.72806 0.00377684
1 0.677073 0.363619 0.305239 0.403376 0.0023568
1 0.661547 0.118077 0.298404 0.212106 0.00186454
1 0.529353 0.732297 0.715967 0.535291 0.00162746
1 0.35247 0.148966 0.344509 0.266993 0.00143764
1 0.763987 0.374031 0.442598 0.548329 0.00125458
1 0.505792 0.177274 0.479071 0.344172 0.00114375
