1 0.446922 0.733353 0.627091 0.501219 0.0286537
1 0.377452 0.44405 0.69919 0.708136 0.0246791
1 0.517036 0.19803 0.210756 0.201568 0.00880642
1 0.608265 0.707565 0.321496 0.477114 0.00603798
1 0.198326 0.488387 0.212998 0.275195 0.0045834
1 0.240434 0.338394 0.377618 0.610853 0.00410558
1 0.363543 0.278581 0.507529 0.488636 0.0037404
1 0.426015 0.200856 0.383709 0.261009 0.00361012
1 0.500067 0.852672 0.539488 0.287996 0.00288983
1 0.184033 0.481246 0.291434 0.41538 0.00254661
1 0.506993 0.250795 0.280228 0.341043 0.00245512
1 0.587168 0.492526 0.416555 0.830874 0.00184505
1 0.281686 0.786487 0.461794 0.415984 0.00163845
1 0.290866 0.193761 0.413797 0.263631 0.0014091
