1 0.646088 0.664732 0.585734 0.661198 0.0199363
1 0.769564 0.716324 0.314785 0.535366 0.0186529
1 0.692302 0.809291 0.391538 0.345476 0.0145058
1 0.18293 0.754607 0.262203 0.448552 0.003246
1 0.416745 0.620584 0.77116 0.738093 0.00252105
1 0.558638 0.859436 0.645066 0.279455 0.00199505
1 0.762281 0.928025 0.415992 0.0848958 0.00181146
1 0.806277 0.875715 0.3655 0.214694 0.00146749
1 0.319784 0.790139 0.541306 0.395582 0.00135609
1 0.844445 0.605569 0.295059 0.715754 0.00133726
1 0.177277 0.584555 0.32783 0.74653 0.00128023
1 0.565769 0.930219 0.599956 0.139562 0.00112546
1 0.272993 0.662386 0.397796 0.62486 0.00108474
