1 0.276942 0.364075 0.553884 0.720327 0.0301162
1 0.474324 0.431277 0.948647 0.850997 0.0184402
1 0.672515 0.834196 0.555987 0.3316 0.0109827
1 0.728561 0.459681 0.455421 0.630082 0.00779706
1 0.232987 0.154224 0.465974 0.288663 0.00671395
1 0.767877 0.244197 0.425746 0.375099 0.00510104
1 0.594107 0.454803 0.525253 0.73507 0.00416868
1 0.410419 0.437248 0.435723 0.634842 0.0022578
1 0.686342 0.924586 0.478636 0.146463 0.00196755
1 0.753872 0.876842 0.376694 0.237167 0.00171929
1 0.821086 0.376155 0.349142 0.571081 0.00156534
1 0.649139 0.688482 0.573316 0.611069 0.00139857
