1 0.590973 0.643626 0.586951 0.367927 0.198956
1 0.577459 0.45662 0.826505 0.893041 0.0620511
1 0.669288 0.626061 0.39772 0.265947 0.0593168
1 0.773821 0.625385 0.230396 0.240206 0.0284179
1 0.41087 0.635936 0.508505 0.386257 0.0205086
1 0.675246 0.464631 0.430885 0.619522 0.0110285
1 0.286559 0.641163 0.208552 0.309943 0.0107126
1 0.366555 0.475552 0.407508 0.652808 0.0064043
1 0.816363 0.478586 0.261712 0.569122 0.00561647
1 0.283175 0.509906 0.233956 0.555936 0.00445584
1 0.512918 0.455292 0.471133 0.706859 0.00421843
1 0.371198 0.173959 0.246751 0.246845 0.00359772
1 0.848269 0.631513 0.204994 0.249401 0.00216853
1 0.79231 0.107869 0.408551 0.202396 0.00213257
1 0.311718 0.125777 0.447739 0.228658 0.00179438
1 0.718064 0.74854 0.516797 0.428085 0.00163573
1 0.789274 0.68099 0.339021 0.358655 0.00155413
1 0.267003 0.725253 0.226542 0.243035 0.00139296
1 0.345895 0.111148 0.259164 0.140255 0.00137112
1 0.663195 0.866318 0.615599 0.252648 0.00132503
1 0.718531 0.152568 0.300609 0.135724 0.00117789
1 0.835969 0.763021 0.270225 0.313169 0.00101314
