1 0.446173 0.412271 0.366066 0.821058 0.0288552
1 0.57915 0.4779 0.592035 0.876534 0.0111556
1 0.440323 0.192777 0.290099 0.372546 0.00982942
1 0.564242 0.156423 0.505399 0.311118 0.00421713
1 0.63762 0.822316 0.552002 0.342827 0.00371547
1 0.771442 0.0596985 0.450063 0.119397 0.00364334
1 0.718448 0.55358 0.385485 0.777941 0.00360023
1 0.641055 0.0938756 0.540757 0.184127 0.00306337
1 0.798492 0.912312 0.241882 0.169405 0.0026572
1 0.750179 0.873078 0.31459 0.224938 0.00198523
1 0.681082 0.930962 0.474947 0.137751 0.00186374
1 0.369153 0.60884 0.409223 0.683209 0.0017297
1 0.873256 0.768288 0.174048 0.416105 0.00168898
1 0.561385 0.357806 0.386422 0.686881 0.0016802
1 0.390158 0.802459 0.522848 0.393805 0.00158275
1 0.235052 0.577195 0.187921 0.510768 0.00157454
1 0.789892 0.769698 0.346309 0.420673 0.00152973
1 0.602028 0.685152 0.514481 0.58712 0.00149898
1 0.791163 0.932608 0.347084 0.100172 0.00148896
1 0.445055 0.657585 0.346524 0.390903 0.00144828
1 0.86437 0.886804 0.210182 0.193672 0.00138695
1 0.310045 0.556423 0.25508 0.521567 0.00123914
1 0.386444 0.14374 0.244441 0.271577 0.00111239
