1 0.594828 0.407124 0.641451 0.79181 0.142519
1 0.654001 0.626257 0.452743 0.36833 0.052192
1 0.739666 0.618476 0.287714 0.292988 0.0365582
1 0.712841 0.424823 0.337749 0.67896 0.0355083
1 0.784907 0.537116 0.24759 0.449404 0.0167255
1 0.55515 0.677032 0.681616 0.527341 0.0119792
1 0.422541 0.347106 0.440174 0.681246 0.0101154
1 0.265163 0.461655 0.216978 0.483262 0.00922302
1 0.81294 0.410288 0.358265 0.798953 0.0087266
1 0.258309 0.345772 0.305561 0.688568 0.00754433
1 0.771843 0.624253 0.418939 0.579707 0.00529158
1 0.378469 0.523513 0.495169 0.483314 0.00509296
1 0.787483 0.216759 0.413809 0.421625 0.00365701
1 0.697148 0.763619 0.486216 0.472762 0.00274559
1 0.863423 0.676052 0.22069 0.498241 0.00236248
1 0.640284 0.156522 0.514804 0.305627 0.00178264
1 0.784749 0.109596 0.414094 0.208955 0.00168008
1 0.498392 0.14255 0.432647 0.274647 0.00122928
1 0.321708 0.0716139 0.568129 0.143228 0.00121642
1 0.588629 0.085521 0.572373 0.169508 0.00102167
1 0.874497 0.859056 0.223075 0.239826 0.00101978
1 0.31328 0.170861 0.563105 0.335955 0.00101537
