1 0.35678 0.480528 0.705042 0.951338 0.0354061
1 0.414865 0.556754 0.396669 0.832818 0.0240186
1 0.11368 0.595734 0.214818 0.616856 0.0235949
1 0.204841 0.524093 0.397029 0.790051 0.0222525
1 0.627268 0.545891 0.342856 0.780998 0.0118199
1 0.536172 0.805467 0.481148 0.351197 0.00684778
1 0.311531 0.714639 0.525694 0.516064 0.00677355
1 0.271959 0.857409 0.507367 0.277707 0.00648513
1 0.153375 0.762042 0.261358 0.384362 0.00569936
1 0.719869 0.595154 0.22458 0.731775 0.00471444
1 0.231229 0.931455 0.415463 0.114499 0.00310752
1 0.71207 0.769815 0.159097 0.250585 0.00240554
1 0.38216 0.927759 0.42467 0.106157 0.00216112
1 0.129665 0.435406 0.233425 0.499968 0.00201802
1 0.653623 0.333983 0.181699 0.307859 0.00155841
1 0.406576 0.820274 0.247158 0.288388 0.00132197
1 0.0578163 0.514464 0.107558 0.656739 0.00131874
1 0.12839 0.937013 0.234922 0.124186 0.00112233
