1 0.341743 0.456302 0.65233 0.724514 0.0276121
1 0.516406 0.483829 0.464007 0.745021 0.018949
1 0.196977 0.46311 0.345392 0.627834 0.00937573
1 0.546705 0.452703 0.833605 0.848298 0.00760578
1 0.280103 0.387371 0.350449 0.541306 0.00328833
1 0.700161 0.513762 0.367286 0.687592 0.003216
1 0.123284 0.580354 0.192434 0.376834 0.00266215
1 0.565274 0.208851 0.204889 0.227602 0.0026285
1 0.115843 0.683057 0.180144 0.234927 0.001936
1 0.584978 0.735494 0.391066 0.329608 0.00172854
1 0.224041 0.677096 0.384567 0.322413 0.00171586
1 0.726765 0.548298 0.218995 0.557372 0.00166214
1 0.70271 0.702228 0.195947 0.230396 0.00117701
1 0.597287 0.292538 0.276881 0.320573 0.00117581
1 0.42408 0.742603 0.310669 0.295976 0.00110728
1 0.238774 0.789408 0.453746 0.386238 0.0010053
