1 0.515236 0.422268 0.9063 0.778478 0.319495
1 0.315893 0.453368 0.430099 0.561435 0.0803665
1 0.64743 0.417724 0.3566 0.519095 0.0456425
1 0.282384 0.49415 0.314723 0.3603 0.018806
1 0.737927 0.392175 0.469937 0.693317 0.00609946
1 0.221883 0.343305 0.3368 0.610333 0.00492338
1 0.278035 0.631786 0.453112 0.440004 0.00291058
1 0.469387 0.418674 0.524877 0.607381 0.00193645
1 0.697062 0.266704 0.333457 0.500041 0.00173984
1 0.709509 0.470832 0.254307 0.384992 0.00146596
1 0.19025 0.477257 0.26739 0.43102 0.00110222
