1 0.435473 0.435697 0.830824 0.719402 0.444205
1 0.620991 0.419749 0.435552 0.627209 0.124321
1 0.279182 0.399999 0.426185 0.710567 0.101051
1 0.559873 0.615227 0.593535 0.391753 0.0250321
1 0.181607 0.409742 0.288775 0.585969 0.0189126
1 0.652938 0.529525 0.315505 0.32507 0.0132407
1 0.66302 0.632444 0.329944 0.241687 0.00890734
1 0.165621 0.54303 0.211992 0.269385 0.00425993
1 0.742708 0.442338 0.325266 0.635612 0.00407041
1 0.221858 0.568196 0.352054 0.36169 0.0039281
1 0.207496 0.172414 0.394016 0.296062 0.00149482
1 0.14734 0.411422 0.29468 0.806651 0.00146415
1 0.719538 0.636654 0.405216 0.431829 0.00121736
1 0.22811 0.266565 0.31347 0.362111 0.00116263
1 0.117971 0.480876 0.221474 0.540192 0.00106418
