1 0.569893 0.513628 0.796049 0.878099 0.0539944
1 0.258639 0.537198 0.419166 0.817953 0.0419645
1 0.808894 0.759355 0.225695 0.368234 0.0307513
1 0.260292 0.871304 0.412755 0.236161 0.0253891
1 0.737714 0.5335 0.384472 0.824905 0.0159833
1 0.35638 0.817714 0.6347 0.308033 0.0137655
1 0.689573 0.767399 0.569428 0.408102 0.0110598
1 0.159106 0.567575 0.229659 0.807735 0.0108432
1 0.348283 0.912255 0.621413 0.15901 0.010592
1 0.811384 0.624631 0.270938 0.60345 0.00955632
1 0.180712 0.775726 0.2725 0.391313 0.00949891
1 0.178172 0.926936 0.324018 0.146129 0.00676029
1 0.441141 0.717345 0.852207 0.544312 0.00467308
1 0.79025 0.735331 0.156913 0.264286 0.0042433
1 0.323824 0.206284 0.235145 0.187208 0.00410323
1 0.34277 0.192257 0.381103 0.2584 0.00346225
1 0.645062 0.205528 0.286053 0.342729 0.00324155
1 0.433097 0.189006 0.611832 0.35051 0.0031587
1 0.822276 0.930145 0.294794 0.0982687 0.00258068
1 0.149392 0.66019 0.298784 0.67962 0.00242784
1 0.723283 0.161186 0.553434 0.305192 0.00240697
1 0.640911 0.911015 0.639143 0.15517 0.00225954
1 0.178054 0.445727 0.199545 0.311372 0.0020746
1 0.777881 0.111003 0.4131 0.185959 0.00181544
1 0.693146 0.325866 0.567738 0.629185 0.00129661
1 0.135465 0.850983 0.209382 0.277116 0.00118312
1 0.859692 0.851624 0.263611 0.231094 0.00105962
1 0.69794 0.26595 0.50652 0.296109 0.00103648
