1 0.245413 0.246677 0.337174 0.468958 0.129244
1 0.446062 0.46231 0.778826 0.919998 0.125948
1 0.198974 0.447093 0.358809 0.814407 0.046741
1 0.613922 0.471588 0.395327 0.791349 0.0270315
1 0.369305 0.183059 0.496142 0.350767 0.0165478
1 0.317929 0.148592 0.293323 0.281833 0.00774736
1 0.122552 0.50328 0.223079 0.685378 0.00762395
1 0.564757 0.714656 0.454258 0.369497 0.00710914
1 0.467252 0.124983 0.328131 0.220511 0.00683882
1 0.19817 0.137907 0.318172 0.271544 0.00572178
1 0.121315 0.677843 0.181081 0.291286 0.00476034
1 0.355225 0.0928328 0.495038 0.17929 0.00473109
1 0.23021 0.70828 0.419069 0.388035 0.00388077
1 0.52123 0.102905 0.204833 0.154817 0.00383994
1 0.716573 0.5154 0.264299 0.713403 0.00358685
1 0.405547 0.742343 0.637222 0.446409 0.00331045
1 0.485155 0.268825 0.488487 0.460603 0.00243925
1 0.640886 0.667579 0.272243 0.333033 0.00193777
1 0.544175 0.168756 0.251275 0.258962 0.00175825
1 0.274448 0.0922056 0.227324 0.169206 0.00172497
1 0.591215 0.680323 0.681219 0.554361 0.00151866
1 0.669505 0.807487 0.529075 0.360776 0.00128406
1 0.127055 0.773675 0.230353 0.32942 0.00121782
1 0.206272 0.49583 0.412543 0.967318 0.00103621
