1 0.728771 0.509828 0.388511 0.571018 0.161924
1 0.683537 0.475078 0.571875 0.832056 0.134051
1 0.239831 0.496657 0.443088 0.829873 0.0781842
1 0.450084 0.48228 0.760895 0.829481 0.00848864
1 0.616181 0.495798 0.296691 0.606034 0.00450616
1 0.133653 0.551682 0.25041 0.819225 0.00342137
1 0.220626 0.733316 0.429517 0.498833 0.00334546
1 0.720245 0.764894 0.495438 0.383863 0.00271793
1 0.212507 0.417827 0.316776 0.539281 0.00178331
1 0.149668 0.768135 0.279798 0.363233 0.00125581
1 0.810908 0.654559 0.329234 0.508227 0.00112817
1 0.838758 0.480502 0.283193 0.641014 0.00110346
1 0.792685 0.78569 0.269325 0.218675 0.00107652
