1 0.404203 0.598963 0.2377 0.296934 0.0409465
1 0.396397 0.385187 0.322532 0.74611 0.0252636
1 0.555784 0.438173 0.863028 0.834403 0.0137047
1 0.321324 0.624626 0.410268 0.376393 0.0118108
1 0.512129 0.630024 0.446358 0.373373 0.00665645
1 0.284262 0.438881 0.453622 0.681581 0.00557454
1 0.575244 0.441665 0.51826 0.689608 0.00462916
1 0.370128 0.143044 0.233436 0.261654 0.00347701
1 0.476089 0.148915 0.401168 0.269554 0.00248661
1 0.201958 0.566058 0.260479 0.444679 0.00171849
1 0.387399 0.215979 0.365184 0.390015 0.00144101
1 0.575971 0.153614 0.223214 0.210547 0.00132359
1 0.288908 0.0882477 0.34043 0.169992 0.00131578
1 0.764871 0.50231 0.249801 0.632855 0.00126172
1 0.758645 0.59974 0.188772 0.404088 0.00108973
