1 0.289124 0.585364 0.56218 0.72101 0.0259058
1 0.151482 0.573852 0.269671 0.583073 0.021225
1 0.564859 0.833744 0.435168 0.320422 0.0205872
1 0.519999 0.600117 0.455373 0.773417 0.0138515
1 0.204753 0.706207 0.343884 0.411554 0.0107376
1 0.333043 0.796011 0.62744 0.395834 0.00813179
1 0.70859 0.634273 0.452912 0.708048 0.00534766
1 0.422895 0.732443 0.380805 0.459067 0.00458121
1 0.839612 0.647395 0.320775 0.70521 0.00332181
1 0.255684 0.52904 0.303848 0.589722 0.00317845
1 0.0936886 0.655528 0.17701 0.512568 0.00250604
1 0.677596 0.870009 0.231053 0.232884 0.00250362
1 0.206349 0.854885 0.366414 0.261034 0.00232222
1 0.476746 0.900847 0.595078 0.193868 0.00231614
1 0.758004 0.916727 0.271208 0.159542 0.00201903
1 0.126401 0.794255 0.220182 0.311023 0.00198769
1 0.249359 0.927596 0.448048 0.119038 0.00186176
1 0.576931 0.926832 0.437012 0.140262 0.00157574
1 0.704412 0.942299 0.268374 0.110159 0.00143134
