1 0.377828 0.376837 0.755026 0.753674 0.215457
1 0.224534 0.312324 0.441857 0.620709 0.0383493
1 0.217191 0.110354 0.389319 0.220707 0.0279966
1 0.331649 0.152963 0.627751 0.305925 0.0192742
1 0.565312 0.339896 0.550627 0.672234 0.0134614
1 0.354545 0.0800947 0.570775 0.160189 0.00823305
1 0.596731 0.143981 0.589303 0.286733 0.00608815
1 0.106574 0.341647 0.212284 0.65998 0.00490076
1 0.15977 0.507841 0.309854 0.393946 0.00466618
1 0.657254 0.380879 0.289172 0.715292 0.00405852
1 0.626127 0.073857 0.525954 0.146887 0.00362914
1 0.250994 0.542964 0.501988 0.50211 0.0031651
1 0.140156 0.180028 0.280313 0.356353 0.00296768
1 0.600616 0.204174 0.343994 0.387769 0.00238346
1 0.510482 0.0967456 0.422104 0.193491 0.00212061
1 0.230301 0.422527 0.460602 0.844595 0.00207359
1 0.425969 0.555816 0.604992 0.456587 0.0020009
1 0.089307 0.543424 0.174614 0.497918 0.00195183
