1 0.597532 0.657113 0.575688 0.555464 0.0499921
1 0.649091 0.443193 0.651686 0.819893 0.0109381
1 0.640763 0.622069 0.443062 0.309533 0.00997999
1 0.742658 0.448916 0.381991 0.66909 0.00527434
1 0.417885 0.40735 0.509065 0.77088 0.00387519
1 0.385623 0.619876 0.530973 0.354115 0.00343593
1 0.298874 0.63966 0.300648 0.269455 0.00239757
1 0.751568 0.627761 0.214958 0.230325 0.00202804
1 0.790388 0.580043 0.222233 0.363377 0.00195819
1 0.244792 0.501177 0.249436 0.506597 0.00150982
1 0.271301 0.468684 0.412618 0.622246 0.00107917
