1 0.509756 0.493394 0.845653 0.908087 0.404784
1 0.328993 0.644556 0.418785 0.555953 0.0869865
1 0.264348 0.588439 0.257029 0.467468 0.0689365
1 0.666592 0.450417 0.421321 0.841996 0.0427241
1 0.251669 0.48553 0.371618 0.770963 0.0396863
1 0.456975 0.704899 0.735148 0.539564 0.0188259
1 0.809736 0.529761 0.332843 0.678023 0.011841
1 0.701342 0.668323 0.331743 0.401781 0.0117035
1 0.366336 0.80225 0.542671 0.393857 0.0042151
1 0.28885 0.490441 0.5777 0.923496 0.00356429
1 0.225875 0.718738 0.243216 0.341504 0.0034488
1 0.66175 0.850829 0.543736 0.286241 0.00279481
1 0.701848 0.15752 0.446068 0.288612 0.00260515
1 0.153705 0.52211 0.265826 0.63523 0.00210779
1 0.737469 0.929385 0.451673 0.094476 0.00134869
1 0.233712 0.818436 0.296969 0.318042 0.00123447
