1 0.565704 0.379869 0.695723 0.623327 0.046157
1 0.33616 0.384367 0.584786 0.607853 0.0193829
1 0.304437 0.574712 0.326131 0.185823 0.00671019
1 0.29279 0.512114 0.363591 0.333651 0.00489273
1 0.659482 0.320275 0.374614 0.590799 0.00311522
1 0.459633 0.549098 0.591474 0.28333 0.00234418
1 0.211739 0.448287 0.346482 0.500777 0.00151887
1 0.857132 0.927383 0.255646 0.138833 0.00148771
1 0.672754 0.155317 0.210028 0.183391 0.00133644
1 0.761917 0.951345 0.431317 0.0973105 0.0012771
1 0.216173 0.559322 0.284802 0.279569 0.00106217
