1 0.334578 0.644643 0.371763 0.293918 0.0121219
1 0.330125 0.46331 0.469858 0.630003 0.0120415
1 0.567877 0.47016 0.440923 0.653458 0.00895525
1 0.631398 0.663455 0.542217 0.37984 0.00627136
1 0.267009 0.631554 0.210119 0.225319 0.00556472
1 0.467767 0.595238 0.758584 0.458764 0.00467203
1 0.93092 0.305966 0.138159 0.251626 0.00449168
1 0.377769 0.70594 0.543721 0.430802 0.00395199
1 0.60708 0.783379 0.606884 0.32249 0.00324008
1 0.240968 0.507202 0.226802 0.514272 0.0031086
1 0.438955 0.515781 0.374346 0.523444 0.00239186
1 0.253884 0.690122 0.327964 0.310596 0.00172068
1 0.443886 0.632591 0.244567 0.278229 0.00169669
1 0.721642 0.475783 0.525246 0.73269 0.00164208
1 0.620852 0.871073 0.553589 0.21474 0.00160887
1 0.220482 0.694068 0.216958 0.198604 0.00139836
1 0.155676 0.489029 0.278734 0.563401 0.00120427
