1 0.323572 0.424574 0.350165 0.538912 0.315137
1 0.322222 0.531478 0.292737 0.285973 0.092889
1 0.530803 0.41527 0.789737 0.696947 0.0234993
1 0.249034 0.505075 0.313446 0.427329 0.014564
1 0.338893 0.611652 0.391536 0.465873 0.00859333
1 0.280489 0.270966 0.416775 0.495303 0.00583819
1 0.246255 0.0986537 0.478873 0.187067 0.00560292
1 0.175776 0.49752 0.301367 0.560823 0.00267845
1 0.39318 0.652473 0.582486 0.658947 0.00247894
1 0.85806 0.317361 0.27701 0.543527 0.00154182
1 0.344875 0.163057 0.41285 0.30604 0.00139733
1 0.758757 0.0564158 0.46165 0.112832 0.00126018
1 0.494543 0.0973643 0.839307 0.190105 0.00110515
1 0.69878 0.32818 0.563286 0.635168 0.00102767
