1 0.206033 0.466979 0.384386 0.475154 0.0466018
1 0.345014 0.513073 0.686114 0.576326 0.00981563
1 0.112452 0.476931 0.199407 0.350599 0.00616987
1 0.405612 0.510024 0.376221 0.523435 0.00478312
1 0.288986 0.837923 0.56925 0.322634 0.00419167
1 0.28785 0.537648 0.261824 0.372813 0.00355181
1 0.302772 0.946083 0.533771 0.107835 0.00338251
1 0.520333 0.860943 0.422842 0.270153 0.00300866
1 0.494942 0.923453 0.419812 0.153095 0.00256813
1 0.561076 0.94957 0.312738 0.10086 0.00184401
1 0.571102 0.294133 0.205173 0.135689 0.00172766
1 0.1791 0.890478 0.353405 0.213611 0.00167534
1 0.495892 0.644589 0.489356 0.63474 0.00145442
1 0.0877113 0.595085 0.166245 0.529545 0.00137122
1 0.241506 0.328423 0.434634 0.515425 0.00122834
1 0.257772 0.696649 0.515545 0.571413 0.00109006
1 0.10239 0.844909 0.198183 0.277934 0.00106613
