1 0.5 0.459127 1 0.91725 0.0982817
1 0.325771 0.784229 0.598616 0.360298 0.0311592
1 0.251609 0.685504 0.479218 0.460202 0.026066
1 0.498046 0.737165 0.715281 0.455778 0.0154593
1 0.521756 0.454674 0.540825 0.833617 0.0125981
1 0.706856 0.479897 0.496123 0.736373 0.0116333
1 0.177431 0.744592 0.279482 0.256396 0.0103719
1 0.641112 0.251063 0.261699 0.380042 0.0101115
1 0.152509 0.538647 0.294919 0.673462 0.00976954
1 0.614164 0.159776 0.204383 0.172337 0.00601921
1 0.614776 0.826989 0.770449 0.345261 0.00566086
1 0.702702 0.701151 0.508039 0.435186 0.00562499
1 0.275263 0.917623 0.518772 0.139227 0.00547391
1 0.163481 0.835655 0.311954 0.292836 0.00451569
1 0.303132 0.4954 0.501419 0.776505 0.00388138
1 0.808331 0.566266 0.376845 0.633005 0.00350638
1 0.741942 0.870725 0.501294 0.249748 0.00300407
1 0.0877918 0.600707 0.170895 0.650079 0.00285031
1 0.497591 0.915607 0.693372 0.14594 0.00282787
1 0.0762234 0.728548 0.143456 0.384152 0.00212011
1 0.563687 0.193821 0.412043 0.308861 0.00205646
1 0.703058 0.333356 0.28116 0.33432 0.00196921
1 0.347855 0.307064 0.667179 0.527565 0.00165989
1 0.536814 0.682586 0.371191 0.403953 0.00162821
1 0.83531 0.78653 0.297376 0.354918 0.00161571
1 0.279481 0.260554 0.225983 0.214734 0.00149019
1 0.848701 0.929584 0.286061 0.0897051 0.0013563
1 0.213306 0.309512 0.386256 0.355337 0.00100779
