1 0.357325 0.546049 0.539009 0.788069 0.14355
1 0.592492 0.525646 0.489193 0.922097 0.0848079
1 0.479753 0.720139 0.742168 0.559395 0.0566367
1 0.212608 0.55328 0.34617 0.775046 0.011454
1 0.254956 0.760115 0.325906 0.385523 0.00711451
1 0.583373 0.81348 0.496696 0.36881 0.00612753
1 0.178073 0.822737 0.209217 0.250964 0.00512687
1 0.514606 0.487806 0.96116 0.953952 0.00453287
1 0.177828 0.686579 0.237363 0.571808 0.00342998
1 0.698505 0.199525 0.602989 0.374971 0.00342856
1 0.279577 0.924065 0.424222 0.116177 0.00245279
1 0.577166 0.128643 0.820485 0.250973 0.00216946
1 0.837478 0.246612 0.319884 0.357376 0.00206861
1 0.128237 0.821442 0.107524 0.231048 0.00193966
1 0.119666 0.519682 0.11289 0.880876 0.00160243
1 0.469756 0.900177 0.759008 0.199589 0.00150486
1 0.321002 0.836837 0.507055 0.316213 0.0012328
1 0.913386 0.258753 0.173229 0.335425 0.00121703
1 0.144854 0.888993 0.169086 0.200972 0.00111693
