1 0.28559 0.352927 0.464831 0.659643 0.0223996
1 0.271987 0.542236 0.276202 0.261334 0.0204706
1 0.245789 0.385633 0.28244 0.541516 0.00966518
1 0.500977 0.417757 0.55739 0.776143 0.00666038
1 0.664638 0.120731 0.313115 0.204192 0.00195721
1 0.505527 0.105583 0.718328 0.204728 0.00158743
1 0.250372 0.0908452 0.455638 0.178323 0.00158614
1 0.303187 0.176258 0.336016 0.304976 0.00155556
1 0.258782 0.562948 0.405887 0.545704 0.00150349
1 0.157376 0.353316 0.310129 0.672872 0.00147842
1 0.733476 0.0929433 0.49962 0.185887 0.00109175
