1 0.487678 0.431856 0.973168 0.862117 0.0755807
1 0.695669 0.404127 0.455002 0.763635 0.0367505
1 0.392437 0.377199 0.549743 0.754399 0.0327364
1 0.464773 0.110939 0.636905 0.221878 0.0289975
1 0.319657 0.105127 0.326908 0.201343 0.02865
1 0.630257 0.605518 0.475898 0.366194 0.019621
1 0.651255 0.105945 0.308584 0.200748 0.0171488
1 0.3571 0.595162 0.500117 0.349658 0.0112853
1 0.233932 0.390153 0.316211 0.698238 0.0102565
1 0.641963 0.169973 0.544057 0.338366 0.00974633
1 0.825073 0.396967 0.308873 0.719253 0.00862192
1 0.812135 0.548807 0.202958 0.372164 0.00803817
1 0.247218 0.542281 0.275037 0.39737 0.00792677
1 0.309681 0.233045 0.431251 0.432227 0.00791223
1 0.808771 0.58393 0.147251 0.225884 0.0059454
1 0.267561 0.572376 0.224926 0.235469 0.00452129
1 0.330748 0.0765409 0.602907 0.149207 0.00436302
1 0.489307 0.602367 0.871216 0.438487 0.00394995
1 0.730383 0.0716776 0.522697 0.143355 0.00314141
1 0.762665 0.263857 0.459272 0.502969 0.00244849
1 0.210046 0.656093 0.291596 0.319696 0.00239215
1 0.250601 0.414382 0.501202 0.814769 0.00181682
1 0.522769 0.280951 0.511897 0.548312 0.00142093
