1 0.332031 0.474917 0.396487 0.685589 0.0973577
1 0.52488 0.474016 0.946128 0.862275 0.0733422
1 0.715228 0.451216 0.505259 0.776885 0.0290066
1 0.330816 0.35167 0.316772 0.405682 0.00609342
1 0.799366 0.40108 0.352783 0.527466 0.00479469
1 0.736944 0.648359 0.47641 0.511493 0.00359038
1 0.730731 0.0547379 0.526694 0.109476 0.00308126
1 0.337804 0.282955 0.241393 0.236765 0.00233917
1 0.838564 0.0824412 0.320687 0.164882 0.00188937
1 0.347262 0.16767 0.275284 0.2097 0.00187133
1 0.147107 0.544574 0.294213 0.70943 0.00176226
1 0.879365 0.324885 0.23822 0.616012 0.00127315
1 0.928247 0.404197 0.143505 0.560663 0.00119779
1 0.749601 0.804132 0.489485 0.363618 0.0011748
1 0.478331 0.153636 0.61737 0.253356 0.00114506
1 0.329299 0.125162 0.389444 0.198651 0.00113703
