1 0.527982 0.464485 0.919785 0.816574 0.0879469
1 0.346014 0.472045 0.492995 0.711344 0.0408779
1 0.333426 0.675903 0.50792 0.364321 0.0252797
1 0.625096 0.687535 0.55204 0.443162 0.0195586
1 0.293829 0.168133 0.452625 0.26047 0.0186322
1 0.748014 0.5552 0.412029 0.572742 0.0085406
1 0.240992 0.721015 0.327047 0.304279 0.0083116
1 0.18278 0.577654 0.247104 0.470564 0.00745276
1 0.390357 0.203616 0.616551 0.370623 0.00723238
1 0.423378 0.651827 0.269783 0.29046 0.0071091
1 0.419341 0.612274 0.754899 0.491789 0.00667833
1 0.847929 0.52594 0.243431 0.552564 0.00596066
1 0.362259 0.793575 0.577666 0.398616 0.00524833
1 0.790612 0.637581 0.247766 0.353142 0.00470444
1 0.219585 0.541246 0.367423 0.63358 0.00431164
1 0.540076 0.131641 0.803567 0.249789 0.00383893
1 0.523167 0.472316 0.46616 0.687102 0.0034988
1 0.317493 0.103255 0.584246 0.201703 0.0021041
1 0.598553 0.0686806 0.613191 0.137361 0.00178544
1 0.0887226 0.92272 0.138247 0.137472 0.00177996
1 0.827517 0.6588 0.159313 0.239506 0.0017713
1 0.222801 0.86057 0.33774 0.253884 0.00149588
1 0.697729 0.861072 0.501151 0.245158 0.00134071
1 0.852085 0.743989 0.204908 0.278772 0.00114445
1 0.473374 0.628951 0.392673 0.405385 0.00101031
