1 0.321975 0.468396 0.259077 0.434535 0.0145895
1 0.421265 0.495707 0.601356 0.577723 0.00976569
1 0.276891 0.388198 0.370479 0.608812 0.00548455
1 0.186258 0.488072 0.334518 0.498473 0.0027259
1 0.891096 0.642225 0.217485 0.704488 0.00256163
1 0.658531 0.948884 0.439648 0.101384 0.00151712
1 0.772911 0.684197 0.411956 0.617784 0.0014881
1 0.80476 0.838441 0.364072 0.317108 0.00128015
1 0.272557 0.567446 0.446721 0.59574 0.00122931
1 0.765632 0.910663 0.386004 0.174329 0.00119239
1 0.376587 0.333091 0.315219 0.451917 0.0011743
1 0.892089 0.934637 0.212963 0.100072 0.00115325
1 0.581324 0.624284 0.774861 0.718744 0.00112181
1 0.594273 0.914734 0.606892 0.170187 0.00102828
