1 0.317585 0.623823 0.420731 0.559111 0.239778
1 0.392182 0.582253 0.668353 0.75911 0.150007
1 0.203996 0.67987 0.334129 0.539232 0.130466
1 0.610917 0.605329 0.467903 0.772318 0.0386884
1 0.817079 0.619432 0.358564 0.759715 0.00944044
1 0.835567 0.817826 0.26037 0.362398 0.00751892
1 0.125143 0.547249 0.229682 0.729349 0.00673755
1 0.798639 0.882114 0.232143 0.230503 0.00514113
1 0.284242 0.838512 0.489662 0.244495 0.00436926
1 0.686004 0.364777 0.197127 0.294802 0.00410644
1 0.78389 0.943706 0.230378 0.103655 0.00391278
1 0.88817 0.932707 0.185742 0.0937825 0.00334909
1 0.631179 0.778103 0.569409 0.443794 0.00327052
1 0.699323 0.566641 0.251111 0.787778 0.00310599
1 0.760843 0.786396 0.204751 0.421967 0.00260827
1 0.73836 0.890146 0.47977 0.219708 0.00252373
1 0.182919 0.870142 0.32972 0.183322 0.00214404
1 0.422681 0.762132 0.792543 0.472856 0.0020224
1 0.674612 0.944657 0.394868 0.105066 0.0018664
1 0.90408 0.814518 0.17837 0.315404 0.00169013
1 0.906456 0.645704 0.181528 0.708592 0.00158982
1 0.53831 0.855221 0.708686 0.265743 0.00114841
1 0.241106 0.932611 0.395688 0.0993593 0.00113891
1 0.159034 0.805576 0.302992 0.365319 0.00109173
1 0.924534 0.892597 0.148262 0.191703 0.00108384
