1 0.420333 0.422245 0.838708 0.84228 0.521361
1 0.213462 0.405465 0.401594 0.783636 0.22704
1 0.658235 0.398024 0.421493 0.784418 0.110006
1 0.190112 0.420839 0.244393 0.577656 0.0582128
1 0.646979 0.506062 0.289643 0.460521 0.0198836
1 0.14163 0.49691 0.183324 0.451841 0.0146046
1 0.157381 0.592864 0.281959 0.724397 0.00899427
1 0.684964 0.617936 0.271341 0.316708 0.0025161
1 0.262613 0.645478 0.508137 0.702451 0.00186242
1 0.565049 0.582952 0.487762 0.546399 0.00186118
1 0.250295 0.812365 0.480038 0.37527 0.0011119
