1 0.52264 0.439248 0.939773 0.875585 0.0938258
1 0.265203 0.621806 0.385909 0.389966 0.072649
1 0.703339 0.213304 0.563952 0.42651 0.0654933
1 0.28091 0.578906 0.293149 0.227728 0.0328403
1 0.306841 0.403691 0.406274 0.651056 0.0287425
1 0.474345 0.171134 0.867047 0.341743 0.0138626
1 0.261162 0.727207 0.491515 0.526787 0.0137381
1 0.244428 0.499179 0.339605 0.409561 0.0106697
1 0.36637 0.606131 0.579702 0.561445 0.00744683
1 0.67802 0.102539 0.581289 0.205078 0.00472596
1 0.42887 0.302485 0.625482 0.590975 0.00430775
1 0.465168 0.728999 0.739872 0.533522 0.00382096
1 0.400426 0.161084 0.423127 0.22279 0.0033242
1 0.350331 0.2465 0.443668 0.381368 0.00321244
1 0.483482 0.0806082 0.847578 0.161216 0.00197921
1 0.195915 0.359361 0.355374 0.679901 0.00169042
1 0.322764 0.110837 0.645528 0.215149 0.00167385
1 0.842986 0.0716777 0.299191 0.13808 0.00119605
1 0.290013 0.0658322 0.550576 0.131406 0.00112824
