1 0.300074 0.540346 0.335572 0.318152 0.0300206
1 0.499955 0.559931 0.532605 0.313486 0.0267849
1 0.314388 0.394817 0.453805 0.62694 0.0196147
1 0.601726 0.603974 0.340827 0.195434 0.0191467
1 0.4813 0.441897 0.790503 0.824999 0.0167197
1 0.612743 0.6728 0.318473 0.139023 0.0138661
1 0.585112 0.394441 0.476777 0.664795 0.0129584
1 0.655211 0.572066 0.268225 0.315936 0.00970879
1 0.199746 0.42045 0.255396 0.577321 0.0068566
1 0.214757 0.550624 0.213767 0.292785 0.00592118
1 0.701937 0.515343 0.176752 0.342876 0.00559863
1 0.531287 0.688302 0.507429 0.244945 0.00522004
1 0.512526 0.820728 0.613429 0.34321 0.00305476
1 0.698367 0.35957 0.217794 0.614857 0.00227467
1 0.684793 0.0932472 0.302284 0.148338 0.00206014
1 0.617221 0.764292 0.355396 0.245601 0.00194762
1 0.576192 0.65692 0.512433 0.635372 0.00137287
