1 0.537798 0.428645 0.889885 0.855113 0.367192
1 0.598585 0.369741 0.50192 0.734365 0.060809
1 0.332997 0.37084 0.419394 0.719286 0.0517607
1 0.52478 0.686497 0.819728 0.611216 0.0439792
1 0.744298 0.402561 0.445534 0.79364 0.0238556
1 0.298941 0.564065 0.276781 0.321691 0.0216856
1 0.404026 0.577385 0.541514 0.427284 0.0136484
1 0.775182 0.0971953 0.43679 0.185216 0.0116459
1 0.716038 0.186404 0.391525 0.356924 0.0094206
1 0.683123 0.131958 0.264884 0.238649 0.008782
1 0.541906 0.848554 0.843288 0.302498 0.00877075
1 0.728448 0.559916 0.250877 0.272619 0.00520738
1 0.249351 0.505405 0.272051 0.496559 0.00497316
1 0.661086 0.588692 0.425626 0.392579 0.00435523
1 0.307704 0.414368 0.615408 0.821311 0.00434136
1 0.722826 0.805729 0.490589 0.381531 0.00428943
1 0.570977 0.142211 0.562799 0.271899 0.00226668
1 0.781048 0.683557 0.336744 0.468833 0.00221622
1 0.210743 0.357475 0.337952 0.698995 0.00163434
1 0.567061 0.235255 0.404606 0.442834 0.00150276
1 0.339339 0.165796 0.467638 0.316485 0.00121777
1 0.706378 0.90977 0.512356 0.177474 0.00114774
