1 0.296992 0.411372 0.491054 0.62556 0.00422654
1 0.338675 0.545054 0.3918 0.339146 0.00291209
1 0.434817 0.54526 0.212807 0.289522 0.00255264
1 0.42673 0.387334 0.311855 0.64015 0.00247518
1 0.669951 0.12916 0.300214 0.185773 0.00241084
1 0.661795 0.851537 0.512257 0.293938 0.00178643
1 0.203957 0.461564 0.239609 0.46975 0.00148895
1 0.5604 0.39063 0.469013 0.764148 0.00140332
1 0.50306 0.578214 0.313655 0.404287 0.00135795
1 0.621317 0.942515 0.450673 0.114429 0.00133602
1 0.261641 0.949715 0.377359 0.0998173 0.00108777
1 0.629917 0.0955111 0.465016 0.176987 0.00107101
