1 0.560647 0.451788 0.490393 0.681759 0.0308748
1 0.338963 0.587125 0.409711 0.348111 0.0213777
1 0.412543 0.48058 0.275959 0.509768 0.0159581
1 0.40813 0.580069 0.231204 0.287553 0.0136086
1 0.391807 0.493352 0.527802 0.54204 0.00839387
1 0.555965 0.628492 0.530429 0.411979 0.0071127
1 0.292328 0.6148 0.312458 0.224222 0.00647574
1 0.761193 0.640129 0.164268 0.230373 0.00274154
1 0.280546 0.396621 0.351451 0.654608 0.0020989
1 0.358448 0.738163 0.447289 0.441022 0.00177896
1 0.223089 0.640886 0.253666 0.209246 0.00166399
1 0.756012 0.509238 0.208218 0.494906 0.00160248
1 0.536992 0.809212 0.610789 0.366615 0.00131185
1 0.207625 0.485315 0.308365 0.520941 0.00118551
1 0.349846 0.873132 0.454927 0.247732 0.0010132
