1 0.32141 0.475654 0.330375 0.281394 0.125563
1 0.35176 0.348234 0.400862 0.553813 0.0604476
1 0.567158 0.347596 0.642282 0.606527 0.0142733
1 0.418478 0.469131 0.475047 0.357612 0.00908763
1 0.226302 0.0765639 0.452604 0.152079 0.00798124
1 0.88554 0.915284 0.217851 0.166134 0.00579507
1 0.817089 0.856585 0.360371 0.274309 0.00510263
1 0.806851 0.943712 0.355589 0.111887 0.00428762
1 0.645942 0.468708 0.373131 0.322081 0.00379225
1 0.591079 0.793029 0.773169 0.413942 0.00364183
1 0.251785 0.131518 0.503569 0.258177 0.0033835
1 0.248996 0.284795 0.394872 0.513247 0.00319541
1 0.740905 0.476712 0.203002 0.272277 0.00295255
1 0.755929 0.36307 0.229284 0.496071 0.00260082
1 0.257065 0.0646936 0.288574 0.115244 0.00247929
1 0.543033 0.540787 0.586474 0.512424 0.00233255
1 0.667684 0.323652 0.341537 0.587987 0.00226457
1 0.298188 0.346243 0.596376 0.685086 0.00218318
1 0.304548 0.545126 0.481287 0.457727 0.00212505
1 0.352889 0.795662 0.536434 0.405539 0.00202611
1 0.459855 0.0865228 0.652006 0.16669 0.00190598
1 0.645368 0.0866906 0.382308 0.164344 0.0018075
1 0.908352 0.830541 0.174805 0.312408 0.00173944
1 0.676698 0.934054 0.566511 0.131163 0.0015047
1 0.253393 0.94984 0.35895 0.0995207 0.00142366
1 0.306494 0.911295 0.457112 0.173246 0.00135059
1 0.506061 0.164877 0.865316 0.32029 0.00115381
1 0.457146 0.936814 0.578759 0.12572 0.00102136
