1 0.495584 0.444134 0.534461 0.840514 0.0549664
1 0.308781 0.444973 0.503131 0.773043 0.0101574
1 0.503358 0.621361 0.397386 0.544916 0.00854385
1 0.52081 0.182376 0.637455 0.355401 0.00462394
1 0.712636 0.452284 0.483515 0.850406 0.00381957
1 0.602614 0.645213 0.706668 0.627198 0.00373033
1 0.240429 0.559666 0.29256 0.472107 0.0036351
1 0.482348 0.478616 0.964099 0.935422 0.00304303
1 0.679803 0.113983 0.474697 0.220247 0.00302261
1 0.31572 0.648447 0.48365 0.479516 0.00261683
1 0.870329 0.535354 0.219667 0.890823 0.00249602
1 0.374751 0.176804 0.27445 0.314725 0.00193276
1 0.183325 0.474027 0.254961 0.558526 0.00192418
1 0.136828 0.586699 0.209144 0.599711 0.00172383
1 0.825493 0.565846 0.225999 0.591712 0.00125053
1 0.644771 0.188539 0.330054 0.33002 0.00115686
1 0.394747 0.624567 0.317468 0.355365 0.00108826
1 0.339892 0.313908 0.311262 0.555968 0.00103296
