1 0.388499 0.434137 0.642469 0.846689 0.142313
1 0.62473 0.503276 0.388614 0.722463 0.0938001
1 0.253547 0.662322 0.281144 0.265407 0.0577235
1 0.252589 0.442262 0.370004 0.71615 0.0520843
1 0.694765 0.525956 0.232149 0.592277 0.0409187
1 0.210991 0.572978 0.236126 0.424336 0.0183231
1 0.784123 0.530893 0.348393 0.663105 0.0120636
1 0.491455 0.681615 0.612498 0.478009 0.00913038
1 0.324015 0.689576 0.426351 0.378831 0.00802627
1 0.64385 0.633567 0.305489 0.41637 0.00760926
1 0.712701 0.666391 0.310779 0.575272 0.00596181
1 0.310883 0.274332 0.291644 0.453765 0.00344006
1 0.154346 0.444826 0.252204 0.677184 0.0023564
1 0.710746 0.706084 0.215763 0.381043 0.00169604
1 0.208014 0.668321 0.390886 0.495579 0.00156015
1 0.250769 0.788257 0.431988 0.423485 0.00154348
1 0.884185 0.518906 0.210748 0.621145 0.00139436
1 0.155804 0.718286 0.235679 0.34786 0.00101657
1 0.266184 0.103397 0.487766 0.198924 0.001012
