1 0.281704 0.509108 0.367882 0.587481 0.0684278
1 0.39019 0.530236 0.686431 0.7027 0.0472851
1 0.602036 0.47498 0.430138 0.755617 0.0312696
1 0.191472 0.527309 0.236838 0.530905 0.0194551
1 0.56675 0.776789 0.528306 0.423028 0.0181134
1 0.260004 0.643239 0.342767 0.33584 0.0121706
1 0.423195 0.528326 0.318567 0.652959 0.0120897
1 0.150461 0.621618 0.207688 0.380054 0.00688649
1 0.745638 0.539214 0.382908 0.681086 0.00627801
1 0.280821 0.676834 0.492746 0.49609 0.00497699
1 0.204219 0.421803 0.35693 0.826379 0.00425843
1 0.680628 0.260574 0.230191 0.413042 0.00414421
1 0.421818 0.68188 0.278535 0.343433 0.00392173
1 0.675052 0.308115 0.173934 0.244253 0.00376766
1 0.63429 0.822044 0.400736 0.280469 0.00269843
1 0.6955 0.368541 0.172649 0.244268 0.00251127
1 0.671734 0.441439 0.254663 0.450757 0.0024261
1 0.731834 0.250089 0.42022 0.469047 0.00223304
1 0.334937 0.811816 0.640687 0.353527 0.00214807
1 0.726266 0.892098 0.520305 0.215805 0.00160435
1 0.625586 0.351926 0.29455 0.347624 0.00152366
1 0.20579 0.827 0.372176 0.303497 0.00146509
1 0.737239 0.934515 0.467326 0.0964684 0.00136744
1 0.310662 0.369029 0.365271 0.427988 0.00136115
1 0.738508 0.560925 0.228121 0.565271 0.00132726
1 0.53561 0.917054 0.569587 0.165024 0.00112773
1 0.166157 0.743581 0.278904 0.393331 0.00107368
1 0.716635 0.769409 0.24085 0.228347 0.00104008
