1 0.327281 0.504121 0.627325 0.916717 0.318123
1 0.622909 0.608439 0.398131 0.721062 0.2631
1 0.223632 0.508727 0.35802 0.800474 0.209026
1 0.23971 0.751435 0.250861 0.274802 0.0195493
1 0.637415 0.569713 0.228989 0.524981 0.0101978
1 0.487169 0.555071 0.509726 0.743166 0.0099423
1 0.264829 0.678322 0.33022 0.474646 0.00941015
1 0.136271 0.546376 0.230415 0.67697 0.00810315
1 0.261733 0.828208 0.439603 0.316077 0.00422173
1 0.141915 0.615001 0.283831 0.738189 0.00166076
1 0.394128 0.7464 0.640038 0.443465 0.00149482
1 0.783785 0.66127 0.408272 0.661891 0.00146655
1 0.190793 0.205299 0.344729 0.282031 0.00123467
1 0.705825 0.775243 0.410088 0.436472 0.0012118
1 0.177171 0.794342 0.244277 0.317336 0.00105153
