1 0.592709 0.355265 0.453498 0.696737 0.139628
1 0.513497 0.577797 0.643284 0.417765 0.0815115
1 0.314105 0.552603 0.275797 0.278881 0.0571823
1 0.412815 0.345384 0.508736 0.676083 0.0354878
1 0.359568 0.0856474 0.318126 0.171295 0.0190654
1 0.267294 0.33395 0.293719 0.64124 0.0168827
1 0.562183 0.409061 0.865408 0.818123 0.0137749
1 0.28475 0.471706 0.245657 0.356153 0.0120835
1 0.516098 0.102474 0.659436 0.204947 0.010579
1 0.361411 0.167524 0.376539 0.322999 0.00939056
1 0.734681 0.343914 0.300385 0.65924 0.00681159
1 0.333644 0.624154 0.362281 0.365451 0.0054087
1 0.644496 0.569743 0.356587 0.317155 0.0044259
1 0.743572 0.0606528 0.448364 0.121306 0.00309305
1 0.502561 0.185749 0.519069 0.364349 0.00289636
1 0.765393 0.495547 0.242946 0.457951 0.00271751
1 0.665161 0.222416 0.33817 0.413148 0.00192892
1 0.860868 0.366646 0.275363 0.696654 0.00172625
1 0.423891 0.699476 0.573152 0.542917 0.00137212
1 0.847737 0.0863488 0.297449 0.172698 0.00117261
1 0.356932 0.496634 0.372187 0.477618 0.00102068
