1 0.561404 0.509033 0.877192 0.802409 0.0578039
1 0.317812 0.531333 0.408565 0.622127 0.0433272
1 0.307828 0.654981 0.255053 0.302443 0.0410806
1 0.309458 0.689006 0.369732 0.428381 0.0232175
1 0.846008 0.639041 0.229627 0.356853 0.0151267
1 0.222575 0.620344 0.304766 0.526199 0.0136795
1 0.794194 0.588526 0.338854 0.572322 0.0108352
1 0.557076 0.732386 0.845994 0.479183 0.00678027
1 0.765005 0.871373 0.448175 0.215173 0.00525427
1 0.344839 0.256487 0.293379 0.290507 0.00444253
1 0.756435 0.75157 0.424062 0.371437 0.00433506
1 0.877398 0.721678 0.175627 0.287101 0.00417656
1 0.295097 0.774793 0.532403 0.443724 0.00280655
1 0.890197 0.548322 0.212466 0.605134 0.00210336
1 0.638384 0.852643 0.723232 0.276778 0.00205823
1 0.871156 0.852622 0.241472 0.274698 0.00202048
1 0.78226 0.409927 0.417605 0.716645 0.00196998
1 0.757718 0.925087 0.443283 0.0991802 0.00181606
1 0.366199 0.285616 0.183175 0.156364 0.0016431
1 0.321855 0.162435 0.341295 0.287889 0.00163568
1 0.174333 0.73274 0.26536 0.384864 0.00158489
1 0.251307 0.781918 0.354393 0.325656 0.00151188
1 0.681908 0.290401 0.186102 0.140837 0.00139617
1 0.849493 0.922067 0.282676 0.150747 0.00111662
1 0.27162 0.474305 0.54324 0.86613 0.00107846
