1 0.399108 0.373057 0.71946 0.605923 0.0696329
1 0.208842 0.46713 0.248376 0.278958 0.0178897
1 0.600914 0.460674 0.522663 0.523335 0.0168184
1 0.255887 0.364623 0.377434 0.508081 0.0163554
1 0.672609 0.401488 0.273108 0.410441 0.0123992
1 0.697257 0.476064 0.208253 0.255484 0.0067723
1 0.614711 0.816248 0.637335 0.366425 0.00627988
1 0.674791 0.512415 0.317428 0.346451 0.00462533
1 0.440089 0.567613 0.823936 0.605346 0.00422933
1 0.782571 0.374516 0.377971 0.638726 0.00414411
1 0.747472 0.558824 0.2625 0.390879 0.00265979
1 0.736569 0.68249 0.390314 0.603966 0.00227289
1 0.612238 0.304115 0.356797 0.52877 0.00220571
1 0.476374 0.503131 0.952748 0.993739 0.00176358
1 0.621175 0.916744 0.589377 0.163043 0.00150609
1 0.771702 0.824732 0.349495 0.346316 0.00122001
1 0.252842 0.800287 0.493691 0.397502 0.0011466
1 0.0908637 0.491835 0.169498 0.479807 0.00106731
