1 0.329593 0.403368 0.297809 0.645759 0.241114
1 0.475507 0.390779 0.613017 0.676366 0.211742
1 0.696604 0.39502 0.318371 0.59063 0.0472802
1 0.295871 0.50129 0.220137 0.390828 0.0153922
1 0.195484 0.439551 0.353521 0.589168 0.00649398
1 0.121973 0.396381 0.230046 0.451989 0.00498196
1 0.722433 0.498436 0.186463 0.347353 0.00302357
1 0.0995417 0.317926 0.184124 0.275574 0.00202059
1 0.340668 0.585242 0.313149 0.355696 0.00174581
1 0.915447 0.281206 0.163998 0.170975 0.00156604
1 0.798907 0.364734 0.395288 0.484451 0.00153806
1 0.727194 0.655062 0.225681 0.496155 0.00146248
1 0.831159 0.280441 0.32936 0.238351 0.00133081
1 0.0723648 0.295884 0.141546 0.186881 0.00121243
1 0.670527 0.223676 0.260458 0.197585 0.00113706
