1 0.589851 0.619802 0.756081 0.72737 0.225469
1 0.399806 0.516398 0.588699 0.750128 0.194435
1 0.777217 0.635096 0.389113 0.703663 0.184474
1 0.291656 0.551703 0.368102 0.598681 0.123058
1 0.827125 0.778762 0.274996 0.434309 0.0435058
1 0.258074 0.657113 0.274279 0.337985 0.0330602
1 0.195514 0.509056 0.236207 0.62996 0.0263446
1 0.319137 0.686435 0.47321 0.480567 0.0189958
1 0.126915 0.512156 0.152529 0.674723 0.00915614
1 0.696935 0.801488 0.573376 0.397024 0.00908347
1 0.874723 0.658921 0.242069 0.660999 0.00577074
1 0.151556 0.649857 0.191976 0.376747 0.00450704
1 0.794674 0.552952 0.258167 0.501419 0.00375994
1 0.325424 0.378686 0.342598 0.420523 0.00335802
1 0.38638 0.505666 0.294641 0.621317 0.00295944
1 0.766598 0.909895 0.401751 0.175054 0.00221972
1 0.832212 0.413587 0.329449 0.768803 0.00150172
1 0.355487 0.792822 0.613695 0.365857 0.00133758
1 0.198357 0.759653 0.34091 0.368308 0.00130792
1 0.838323 0.930487 0.275042 0.132589 0.00122919
1 0.867445 0.87793 0.257611 0.236851 0.0010124
