1 0.356527 0.530231 0.335634 0.65187 0.0641163
1 0.573569 0.549324 0.616227 0.66101 0.0252474
1 0.41622 0.716698 0.228295 0.292929 0.013217
1 0.348884 0.752031 0.377231 0.364261 0.00644923
1 0.535544 0.721481 0.541871 0.355054 0.00580224
1 0.294054 0.65597 0.287792 0.436647 0.00284854
1 0.519368 0.37312 0.425175 0.348565 0.00270311
1 0.752689 0.550974 0.273314 0.53556 0.00250855
1 0.215968 0.633142 0.297487 0.573213 0.00238531
1 0.482945 0.259389 0.43443 0.421808 0.00232417
1 0.276832 0.810107 0.307331 0.275143 0.00181375
1 0.634022 0.366783 0.187094 0.205669 0.00178873
1 0.757503 0.699106 0.17887 0.214385 0.0017825
1 0.210689 0.763109 0.240027 0.345921 0.00142404
1 0.691677 0.709287 0.325865 0.292984 0.00135669
1 0.677512 0.379667 0.403626 0.44617 0.00118966
1 0.366679 0.322274 0.215525 0.269045 0.00112216
