1 0.521738 0.401274 0.771276 0.77125 0.538848
1 0.339091 0.386903 0.385971 0.695921 0.0969363
1 0.65714 0.380792 0.403816 0.652489 0.0710793
1 0.789835 0.370201 0.313525 0.688537 0.00702306
1 0.287285 0.542395 0.237767 0.383721 0.00539684
1 0.238246 0.463623 0.280701 0.586803 0.00404796
1 0.518841 0.615125 0.75241 0.451247 0.00230914
1 0.764266 0.20393 0.430895 0.402778 0.00191069
1 0.755012 0.071825 0.416993 0.141454 0.00167129
1 0.670752 0.206688 0.309492 0.321358 0.00150182
1 0.718383 0.474035 0.280456 0.421318 0.00137882
1 0.344858 0.607974 0.388217 0.397076 0.00109977
