1 0.299845 0.380008 0.450016 0.738932 0.0435346
1 0.527701 0.426665 0.900989 0.823149 0.0419521
1 0.286791 0.107275 0.390529 0.208006 0.0136749
1 0.258676 0.541696 0.376206 0.366957 0.0119608
1 0.765198 0.650952 0.156016 0.233713 0.010957
1 0.611796 0.467179 0.467462 0.694263 0.00987663
1 0.62865 0.0857503 0.307288 0.161437 0.00751129
1 0.177985 0.436066 0.294866 0.598994 0.00709838
1 0.75245 0.446686 0.411628 0.7024 0.0069583
1 0.441642 0.146835 0.715511 0.29367 0.00554492
1 0.80007 0.614842 0.23969 0.392652 0.00531523
1 0.24455 0.189346 0.445968 0.37483 0.00504016
1 0.159282 0.554389 0.223335 0.373902 0.00439821
1 0.703242 0.571191 0.288244 0.466304 0.00327137
1 0.484093 0.0692471 0.573533 0.137336 0.00313018
1 0.392423 0.564301 0.701436 0.475195 0.00310172
1 0.366127 0.566156 0.293796 0.381312 0.00293315
1 0.714284 0.0610962 0.511855 0.122192 0.00290728
1 0.552543 0.112672 0.391665 0.210996 0.0025606
1 0.560957 0.634737 0.601059 0.45534 0.001876
1 0.68982 0.154044 0.481076 0.307501 0.00125033
1 0.847289 0.083707 0.300703 0.166998 0.00113825
1 0.855534 0.338214 0.288931 0.5485 0.00112664
1 0.916695 0.333976 0.157442 0.328721 0.00108077
1 0.312236 0.179642 0.249681 0.248029 0.00104018
