1 0.726184 0.0583899 0.515423 0.11678 0.00701483
1 0.768018 0.917615 0.28345 0.164215 0.00329048
1 0.422974 0.372549 0.535388 0.688729 0.00276584
1 0.563599 0.0865638 0.658063 0.169812 0.00236254
1 0.275333 0.0711945 0.550665 0.142389 0.00204239
1 0.702541 0.947981 0.365628 0.104038 0.00195355
1 0.583929 0.386387 0.432281 0.744332 0.00193914
1 0.340758 0.496875 0.330611 0.373481 0.00167603
1 0.712925 0.8743 0.392467 0.248618 0.00162476
1 0.266567 0.345833 0.352273 0.649916 0.00159074
1 0.735103 0.135543 0.520911 0.268456 0.00137295
1 0.291306 0.5577 0.249826 0.24424 0.00133642
1 0.634146 0.91899 0.464844 0.16202 0.00104155
