1 0.386697 0.654795 0.533769 0.512607 0.0294556
1 0.335627 0.474192 0.350076 0.562857 0.0242905
1 0.351846 0.635224 0.390539 0.347581 0.0228184
1 0.557481 0.544491 0.752342 0.559502 0.012467
1 0.381334 0.802053 0.536237 0.384903 0.00216672
1 0.831203 0.530141 0.27353 0.495992 0.00213094
1 0.804743 0.629357 0.181484 0.251107 0.00171371
1 0.212492 0.525376 0.311436 0.516296 0.00132605
1 0.839111 0.694254 0.22179 0.242565 0.00128818
1 0.86518 0.831478 0.230332 0.233324 0.0012195
1 0.624554 0.624458 0.517365 0.400818 0.00111272
