1 0.483996 0.415341 0.967992 0.819925 0.0838857
1 0.159624 0.527256 0.312491 0.439154 0.00967129
1 0.241795 0.374895 0.48359 0.707423 0.0071811
1 0.718137 0.812808 0.563727 0.372061 0.00456453
1 0.522312 0.29302 0.650168 0.582125 0.00388428
1 0.325216 0.137839 0.650433 0.274934 0.0032634
1 0.714612 0.289007 0.47608 0.57081 0.00320336
1 0.212277 0.10588 0.424553 0.206547 0.00315965
1 0.224825 0.676927 0.44906 0.627493 0.00254384
1 0.615838 0.182429 0.687976 0.363295 0.00237101
1 0.196648 0.242403 0.393297 0.47029 0.00204806
1 0.385164 0.0735999 0.770329 0.1472 0.00183087
1 0.589007 0.739164 0.757093 0.500028 0.00163161
1 0.306357 0.807352 0.612713 0.385296 0.00158878
1 0.117019 0.382259 0.229176 0.638115 0.00143521
1 0.739723 0.926574 0.520554 0.146589 0.00139766
1 0.539493 0.105295 0.772655 0.206479 0.00118226
1 0.599842 0.0614299 0.588534 0.12286 0.00115115
1 0.82399 0.85965 0.338629 0.275226 0.00110031
1 0.60941 0.882827 0.763713 0.234346 0.00107896
