1 0.520081 0.497581 0.859266 0.867885 0.195899
1 0.266681 0.536807 0.36179 0.627021 0.111595
1 0.250709 0.73622 0.359319 0.303447 0.0646569
1 0.61351 0.537196 0.516202 0.694036 0.0515173
1 0.742304 0.572911 0.343641 0.674003 0.0238477
1 0.768898 0.552768 0.193886 0.55221 0.0152683
1 0.480542 0.27387 0.539882 0.501337 0.0103982
1 0.275165 0.829844 0.488995 0.31599 0.00838599
1 0.157293 0.653385 0.243755 0.465262 0.00763024
1 0.495408 0.802767 0.73438 0.388289 0.00735292
1 0.643622 0.342222 0.235214 0.26498 0.00673826
1 0.764704 0.68903 0.167599 0.270992 0.00659985
1 0.303005 0.383939 0.266097 0.325825 0.00550206
1 0.382691 0.548003 0.487871 0.730568 0.00533173
1 0.253613 0.101712 0.452651 0.201143 0.00530957
1 0.631814 0.391587 0.351211 0.712593 0.00460119
1 0.745703 0.769779 0.238604 0.327201 0.00429873
1 0.167443 0.459337 0.295821 0.793211 0.00411649
1 0.159125 0.783262 0.266722 0.350444 0.00343291
1 0.624015 0.263508 0.234028 0.278292 0.00302147
1 0.673441 0.842543 0.392245 0.300978 0.0022798
1 0.543231 0.91635 0.618114 0.167181 0.00199547
1 0.259772 0.320331 0.415803 0.575685 0.00171298
1 0.796728 0.885946 0.349514 0.199289 0.00159383
1 0.596998 0.193003 0.348534 0.32822 0.00153987
1 0.167682 0.0760311 0.333899 0.149558 0.00139361
1 0.662292 0.259582 0.349765 0.386737 0.00136557
1 0.834508 0.617804 0.273847 0.635106 0.00136522
1 0.243518 0.92761 0.414195 0.109473 0.00134348
1 0.507121 0.125663 0.5227 0.231055 0.00123709
1 0.0980698 0.74471 0.183423 0.404081 0.00120443
1 0.841577 0.727781 0.229583 0.357793 0.00120116
