1 0.265435 0.550389 0.371209 0.41234 0.0956135
1 0.44005 0.572014 0.78806 0.610646 0.0859064
1 0.266633 0.358938 0.388299 0.692951 0.0809939
1 0.5 0.500923 1 0.998154 0.0121906
1 0.631365 0.649529 0.57853 0.69918 0.00979182
1 0.284686 0.147954 0.497817 0.290017 0.00848332
1 0.229342 0.523355 0.458684 0.663981 0.00631658
1 0.274713 0.0748123 0.447226 0.14901 0.00604027
1 0.556565 0.496734 0.599601 0.399238 0.00549799
1 0.495836 0.0776321 0.823876 0.155264 0.00541443
1 0.439773 0.323215 0.77172 0.634545 0.00449281
1 0.215596 0.552128 0.280986 0.271812 0.00388293
1 0.235887 0.710897 0.44509 0.508314 0.00251936
1 0.167722 0.362627 0.272775 0.604346 0.00200212
1 0.429694 0.765813 0.855423 0.468373 0.00169707
1 0.656728 0.0614489 0.586522 0.119873 0.00157519
1 0.289067 0.840393 0.55916 0.317495 0.00146055
1 0.201799 0.227006 0.393979 0.428133 0.00123041
1 0.3976 0.536309 0.494234 0.469957 0.00112802
1 0.165902 0.50371 0.233246 0.406175 0.00107431
