1 0.558223 0.367433 0.748365 0.629636 0.0836941
1 0.322005 0.497711 0.327076 0.277809 0.0712845
1 0.333438 0.361847 0.34299 0.532527 0.0602165
1 0.793028 0.403157 0.220256 0.477014 0.0284074
1 0.69696 0.362681 0.358415 0.583589 0.0145629
1 0.312521 0.39241 0.6078 0.728763 0.0106248
1 0.557794 0.531887 0.616745 0.406645 0.00994885
1 0.784517 0.503051 0.164675 0.24533 0.00825856
1 0.188969 0.387874 0.351115 0.525097 0.00767794
1 0.397706 0.466406 0.351336 0.410037 0.006718
1 0.302345 0.554299 0.432113 0.42872 0.00534786
1 0.264046 0.0727378 0.447839 0.145476 0.00289372
1 0.865369 0.306399 0.258179 0.539938 0.00209247
1 0.287066 0.158592 0.501634 0.305226 0.00207823
1 0.351057 0.795077 0.520449 0.404356 0.00188819
1 0.214472 0.506094 0.310797 0.349873 0.00136673
1 0.0950323 0.313945 0.162335 0.355127 0.00122632
1 0.786532 0.916259 0.28776 0.154975 0.00102255
1 0.452838 0.10469 0.745391 0.203254 0.00101227
