1 0.483637 0.475724 0.927315 0.90383 0.0380186
1 0.196102 0.515348 0.384828 0.646563 0.0339471
1 0.178809 0.709666 0.309627 0.245559 0.0301246
1 0.639016 0.474769 0.38893 0.646079 0.0198467
1 0.693557 0.458918 0.236259 0.498272 0.0198275
1 0.212239 0.745951 0.383559 0.430825 0.0151909
1 0.115138 0.595094 0.216173 0.54956 0.0114449
1 0.090111 0.700363 0.166388 0.322071 0.00426243
1 0.758541 0.416633 0.412311 0.711786 0.00332506
1 0.699239 0.583943 0.196504 0.276263 0.0031154
1 0.199162 0.0729907 0.386852 0.144936 0.00265305
1 0.242151 0.143183 0.394031 0.227973 0.00213742
1 0.504047 0.430044 0.559233 0.697521 0.00184492
1 0.359607 0.10405 0.711597 0.20264 0.00169798
1 0.718418 0.575915 0.350929 0.555768 0.00152492
1 0.37758 0.662633 0.75516 0.549309 0.00134409
1 0.586111 0.648889 0.457912 0.441216 0.00132229
1 0.209119 0.933478 0.389778 0.114199 0.00124907
1 0.664709 0.32215 0.284788 0.530658 0.00107602
1 0.069085 0.515985 0.134167 0.648304 0.00103165
