1 0.545975 0.461228 0.908049 0.91388 0.254188
1 0.312009 0.437236 0.432122 0.821824 0.155024
1 0.285804 0.627695 0.297501 0.375402 0.115285
1 0.312629 0.685876 0.418183 0.545267 0.0365364
1 0.714905 0.544648 0.438592 0.861573 0.0281666
1 0.524806 0.712447 0.839546 0.565378 0.0258934
1 0.692597 0.820381 0.552361 0.358385 0.0196657
1 0.182565 0.461376 0.36513 0.901814 0.00674433
1 0.670517 0.266452 0.195581 0.21809 0.00603467
1 0.809262 0.788335 0.302492 0.397704 0.00597321
1 0.164717 0.640264 0.223022 0.477144 0.00575714
1 0.811663 0.434624 0.363767 0.865859 0.00508374
1 0.842215 0.610843 0.269606 0.733216 0.00304116
1 0.308985 0.176998 0.346469 0.326595 0.00290775
1 0.684246 0.284288 0.285852 0.320689 0.00268832
1 0.547893 0.220181 0.422381 0.345852 0.00265603
1 0.275372 0.0756435 0.335077 0.146546 0.00256557
1 0.86996 0.672146 0.178941 0.303971 0.00245967
1 0.493886 0.369848 0.541898 0.687212 0.00196899
1 0.678706 0.914397 0.612042 0.170873 0.0018063
1 0.212712 0.758092 0.319417 0.413707 0.00133644
