1 0.527636 0.493175 0.872249 0.843546 0.428343
1 0.71062 0.500066 0.422174 0.789104 0.0787153
1 0.790992 0.623126 0.212619 0.469131 0.0759308
1 0.277249 0.478475 0.339776 0.635464 0.0484122
1 0.251367 0.62738 0.275594 0.316777 0.035964
1 0.375979 0.596432 0.608919 0.532335 0.0164536
1 0.726306 0.727197 0.422382 0.451272 0.0139155
1 0.81771 0.716889 0.160068 0.304632 0.0126846
1 0.201127 0.614255 0.38174 0.528463 0.0100703
1 0.751136 0.514916 0.246309 0.587808 0.00911831
1 0.834335 0.758064 0.254838 0.361179 0.00702558
1 0.747749 0.877111 0.465286 0.228791 0.0063241
1 0.239785 0.504371 0.479571 0.841322 0.00629764
1 0.388823 0.465889 0.349081 0.711578 0.00445998
1 0.538075 0.690651 0.620432 0.456254 0.0034565
1 0.837437 0.501843 0.267874 0.64082 0.0029773
1 0.261901 0.163499 0.376209 0.219413 0.00295229
1 0.29581 0.316521 0.345842 0.350875 0.00235659
1 0.168002 0.635922 0.239576 0.37357 0.00227285
1 0.521882 0.470577 0.479478 0.749636 0.00205076
1 0.762098 0.931701 0.415772 0.0886413 0.00197958
1 0.244604 0.79916 0.428915 0.365611 0.00166268
1 0.345228 0.65483 0.34255 0.331059 0.00154812
1 0.864726 0.937568 0.22261 0.0977546 0.00137238
1 0.768402 0.118122 0.445644 0.184036 0.00126634
1 0.874255 0.661067 0.226778 0.501376 0.00115905
