1 0.642982 0.408516 0.656356 0.746984 0.0558167
1 0.400481 0.486303 0.508405 0.483373 0.0283395
1 0.646172 0.485201 0.519636 0.455354 0.0206533
1 0.812651 0.461372 0.187119 0.337085 0.0182113
1 0.746572 0.390625 0.319559 0.498181 0.00765475
1 0.325951 0.494782 0.319086 0.314101 0.00543091
1 0.277089 0.0728749 0.552442 0.14575 0.00488244
1 0.574785 0.0731725 0.748892 0.14603 0.0032924
1 0.778892 0.0635383 0.427053 0.12668 0.00320368
1 0.468164 0.371737 0.370043 0.550631 0.00312997
1 0.280938 0.380242 0.304366 0.544909 0.00294529
1 0.588952 0.603257 0.713338 0.595168 0.00245546
1 0.723764 0.10392 0.523195 0.199013 0.00181035
1 0.366716 0.131079 0.579731 0.250998 0.00174049
1 0.858614 0.443215 0.269295 0.517517 0.00149123
1 0.542911 0.234538 0.803692 0.469077 0.00135614
1 0.239112 0.51168 0.286797 0.386401 0.00132205
1 0.345252 0.0606594 0.332097 0.116051 0.00122212
