1 0.549989 0.452382 0.699432 0.765713 0.390061
1 0.652632 0.424517 0.415785 0.625151 0.0785966
1 0.366765 0.4383 0.40572 0.746766 0.0664234
1 0.329734 0.640286 0.315452 0.318349 0.0321364
1 0.754388 0.484664 0.290228 0.488634 0.00870547
1 0.724609 0.584275 0.450743 0.790634 0.00502386
1 0.301019 0.597629 0.408747 0.626729 0.00471302
1 0.770697 0.362049 0.438498 0.707356 0.00437669
1 0.316721 0.429814 0.223998 0.568919 0.00344643
1 0.280403 0.456838 0.560806 0.899431 0.00328844
1 0.487194 0.658759 0.71205 0.584563 0.00214083
1 0.777732 0.0697461 0.399011 0.138082 0.0016853
1 0.349921 0.786711 0.411305 0.406939 0.00151644
1 0.776012 0.18678 0.432328 0.364304 0.00116241
