1 0.602237 0.486249 0.783872 0.849821 0.0889869
1 0.603187 0.512538 0.472216 0.678607 0.0355649
1 0.342954 0.530854 0.328924 0.715608 0.0162187
1 0.742967 0.215928 0.455591 0.341246 0.0145043
1 0.617877 0.753387 0.622331 0.468447 0.0132356
1 0.305876 0.815584 0.309771 0.274271 0.0115826
1 0.73524 0.567008 0.39087 0.668998 0.0114101
1 0.255472 0.635206 0.20249 0.512289 0.00811717
1 0.445306 0.255799 0.359116 0.342035 0.0077112
1 0.371356 0.281124 0.198199 0.238506 0.00741129
1 0.452811 0.852417 0.60003 0.249401 0.0068527
1 0.741366 0.134216 0.417325 0.199229 0.00679184
1 0.290363 0.745309 0.221415 0.295642 0.00586422
1 0.692874 0.690883 0.399424 0.343166 0.00563777
1 0.64481 0.230716 0.208321 0.160003 0.00541216
1 0.802271 0.567341 0.242642 0.485517 0.00446228
1 0.380284 0.345717 0.298684 0.4564 0.00432568
1 0.361671 0.710834 0.43541 0.488662 0.00400547
1 0.649338 0.369736 0.295561 0.368496 0.00394209
1 0.575798 0.178469 0.47797 0.278729 0.00367654
1 0.656596 0.174665 0.258289 0.149919 0.00351447
1 0.469476 0.427693 0.431861 0.637038 0.00339345
1 0.293799 0.888306 0.431381 0.223388 0.00336096
1 0.6482 0.296829 0.231257 0.270842 0.00315942
1 0.785028 0.699185 0.27441 0.289769 0.00295301
1 0.392652 0.159538 0.267441 0.173339 0.00205443
1 0.600675 0.307256 0.533887 0.547436 0.00202398
1 0.340609 0.925852 0.398059 0.101183 0.00162294
1 0.731551 0.80563 0.443196 0.349889 0.00155942
1 0.245499 0.939933 0.342159 0.119115 0.00130494
1 0.251468 0.622537 0.402893 0.683656 0.00129109
1 0.59156 0.0971177 0.495517 0.176203 0.00120777
1 0.261444 0.894279 0.228514 0.176361 0.00106071
