1 0.365602 0.537376 0.669682 0.649216 0.0191045
1 0.279658 0.49135 0.358136 0.555153 0.00378585
1 0.545388 0.413277 0.898609 0.816189 0.00373571
1 0.683147 0.796459 0.517362 0.404285 0.00215543
1 0.248742 0.663332 0.400473 0.319389 0.00214734
1 0.251214 0.780872 0.438361 0.382609 0.00148376
1 0.0953898 0.807104 0.146613 0.259901 0.00144109
1 0.458274 0.695655 0.718965 0.602979 0.00125692
1 0.160979 0.72644 0.272113 0.253259 0.00116392
1 0.14909 0.846317 0.263719 0.281944 0.00114851
1 0.509699 0.448803 0.449544 0.470001 0.00110095
1 0.276986 0.882456 0.463898 0.229021 0.00104113
