1 0.461712 0.482084 0.722698 0.724993 0.0553656
1 0.343289 0.430362 0.387526 0.708782 0.00934868
1 0.35952 0.240878 0.242922 0.268307 0.00513191
1 0.283815 0.667465 0.276673 0.242634 0.00503625
1 0.473354 0.692939 0.719896 0.441523 0.00352895
1 0.393932 0.195996 0.43366 0.365387 0.00318584
1 0.264917 0.665516 0.189545 0.172363 0.00285341
1 0.784191 0.495616 0.396787 0.641695 0.00242301
1 0.416637 0.0940957 0.58674 0.185077 0.00163814
1 0.210029 0.552293 0.315439 0.546633 0.00163592
1 0.28735 0.141596 0.396511 0.248813 0.00145967
1 0.307241 0.653094 0.406549 0.384204 0.00126977
1 0.733773 0.709751 0.213235 0.188581 0.00113389
