1 0.612625 0.634907 0.770112 0.725812 0.188792
1 0.826322 0.636609 0.347356 0.726782 0.112545
1 0.899163 0.682006 0.201674 0.625974 0.0263843
1 0.476879 0.632576 0.383763 0.641386 0.0246572
1 0.863064 0.823066 0.273872 0.348561 0.0185687
1 0.838816 0.904133 0.322368 0.191338 0.0075504
1 0.462959 0.789359 0.448127 0.416265 0.00700328
1 0.747517 0.0847899 0.501777 0.16958 0.00454448
1 0.702955 0.85936 0.594089 0.27753 0.00265972
1 0.365331 0.689583 0.31704 0.607637 0.0022888
1 0.452435 0.930313 0.441647 0.138847 0.00130555
1 0.871245 0.091171 0.253083 0.182028 0.00120119
