1 0.515332 0.384518 0.872336 0.697485 0.0247746
1 0.270906 0.333055 0.315006 0.530213 0.0153697
1 0.806092 0.54708 0.164558 0.243523 0.0150747
1 0.678617 0.532415 0.427926 0.470164 0.0112577
1 0.806081 0.480626 0.22359 0.434397 0.00868797
1 0.215627 0.41768 0.183622 0.273884 0.0048483
1 0.740981 0.66167 0.372512 0.604318 0.00470586
1 0.718174 0.369083 0.363379 0.648463 0.00303882
1 0.305819 0.422289 0.494439 0.643638 0.00273495
1 0.171958 0.319639 0.292652 0.599021 0.002445
1 0.663232 0.824185 0.510099 0.347273 0.00179546
1 0.573831 0.576982 0.533823 0.72175 0.00157744
1 0.852339 0.597524 0.14843 0.404 0.0012022
