1 0.571535 0.515795 0.798508 0.867105 0.150077
1 0.411622 0.552748 0.406642 0.712396 0.100333
1 0.317185 0.754921 0.239818 0.268552 0.0841288
1 0.757118 0.57769 0.434119 0.718593 0.0574971
1 0.402165 0.75333 0.403719 0.397054 0.0384885
1 0.741466 0.744006 0.446338 0.373486 0.01852
1 0.312612 0.605754 0.270181 0.576518 0.0158252
1 0.530054 0.775804 0.772346 0.443762 0.00745305
1 0.845239 0.623861 0.25934 0.500507 0.00729001
1 0.431199 0.275184 0.179106 0.185882 0.00612763
1 0.378279 0.412431 0.30732 0.436845 0.0046669
1 0.729987 0.389572 0.293852 0.330305 0.00394871
1 0.390215 0.924575 0.43369 0.101306 0.00291919
1 0.754787 0.855745 0.481254 0.279182 0.00283984
1 0.704282 0.295115 0.197689 0.148548 0.00281859
1 0.853934 0.749459 0.233114 0.322743 0.00273336
1 0.313082 0.507729 0.626165 0.95746 0.00214702
1 0.445897 0.27619 0.281777 0.245342 0.00208914
1 0.235524 0.684969 0.27841 0.554692 0.00205576
1 0.604666 0.54915 0.44136 0.66168 0.00187364
1 0.547638 0.297084 0.524882 0.223934 0.00180655
1 0.762312 0.926152 0.441589 0.0917706 0.00118059
1 0.24896 0.817734 0.248616 0.292722 0.00116614
1 0.899773 0.520055 0.192641 0.687539 0.00106574
