1 0.79103 0.695844 0.417616 0.608311 0.00641228
1 0.889795 0.812938 0.22007 0.374123 0.00541285
1 0.801101 0.837978 0.397798 0.317265 0.00540176
1 0.320309 0.414811 0.325423 0.599248 0.00373225
1 0.919774 0.32329 0.149835 0.180104 0.00318379
1 0.877801 0.904189 0.230979 0.188627 0.00314222
1 0.642091 0.591236 0.624367 0.817528 0.00311201
1 0.263739 0.523314 0.244929 0.361938 0.00194288
1 0.797083 0.944842 0.339226 0.105636 0.00177278
1 0.909683 0.656009 0.173963 0.685568 0.00151273
1 0.701602 0.890813 0.572916 0.217853 0.0013455
1 0.335477 0.550842 0.469767 0.836493 0.001314
1 0.467233 0.672061 0.626917 0.649616 0.00104154
1 0.163722 0.482872 0.300594 0.563797 0.00101161
