1 0.504542 0.467742 0.932991 0.79744 0.178944
1 0.255037 0.486688 0.397362 0.564283 0.0568514
1 0.252276 0.669793 0.379101 0.269192 0.0535607
1 0.468118 0.724838 0.844719 0.428362 0.0369864
1 0.193773 0.649937 0.248085 0.199991 0.0306513
1 0.17143 0.522642 0.245873 0.452992 0.0147446
1 0.354852 0.595814 0.680515 0.48613 0.011465
1 0.661388 0.57506 0.564294 0.701654 0.0100575
1 0.316248 0.367033 0.301286 0.344393 0.0037547
1 0.249645 0.786692 0.443712 0.317186 0.00361671
1 0.595276 0.78022 0.607314 0.282579 0.00321857
1 0.157807 0.746386 0.271124 0.260611 0.00262257
1 0.281664 0.272053 0.441495 0.459351 0.00230353
1 0.347986 0.325506 0.198285 0.21212 0.00198552
1 0.641402 0.841494 0.526863 0.176785 0.00166454
1 0.1298 0.613465 0.248922 0.318606 0.00152558
1 0.672103 0.73782 0.375558 0.19045 0.00137348
1 0.166443 0.383158 0.332886 0.726251 0.00119874
1 0.792559 0.716555 0.348911 0.367635 0.00117948
1 0.187134 0.689153 0.360246 0.419655 0.00106314
