1 0.43141 0.620871 0.211172 0.30724 0.0203087
1 0.303998 0.449129 0.453502 0.629601 0.0172093
1 0.3126 0.588726 0.358958 0.311053 0.0119072
1 0.427959 0.428775 0.340266 0.705289 0.0103508
1 0.562648 0.652849 0.539889 0.437885 0.00956366
1 0.171176 0.451305 0.264215 0.562966 0.00620119
1 0.16773 0.574223 0.187734 0.314321 0.00509067
1 0.556662 0.44575 0.839923 0.786348 0.00465302
1 0.565332 0.433198 0.435971 0.694953 0.00408216
1 0.658963 0.131807 0.281167 0.180483 0.00309779
1 0.670027 0.843096 0.577793 0.301755 0.00227119
1 0.300304 0.685244 0.433582 0.295811 0.00214104
1 0.778274 0.462481 0.193872 0.512354 0.0020965
1 0.334305 0.225935 0.265624 0.295636 0.00201411
1 0.171697 0.66594 0.182506 0.222965 0.00159275
1 0.41094 0.660446 0.335998 0.425572 0.00157349
1 0.129779 0.600473 0.136348 0.243976 0.00154615
1 0.292731 0.163094 0.335846 0.201353 0.00124019
1 0.656651 0.185976 0.256863 0.173773 0.00122283
1 0.720053 0.472317 0.427248 0.640417 0.00113442
