1 0.560685 0.384118 0.727313 0.768237 0.202593
1 0.610768 0.300404 0.462625 0.593992 0.0950929
1 0.438865 0.321644 0.433349 0.626588 0.0251301
1 0.78189 0.302313 0.393717 0.599007 0.00749707
1 0.312562 0.417543 0.545284 0.813646 0.00567549
1 0.367518 0.504078 0.343995 0.453755 0.00561569
1 0.32332 0.38037 0.233787 0.517738 0.00525224
1 0.320117 0.483099 0.2017 0.287244 0.00377501
1 0.567078 0.685739 0.716476 0.613935 0.00235994
1 0.681392 0.106067 0.387558 0.204858 0.001655
1 0.39022 0.678414 0.415464 0.554636 0.00122751
1 0.731759 0.495023 0.536482 0.969577 0.00109615
1 0.726078 0.663602 0.366896 0.485883 0.00103368
