1 0.176767 0.64196 0.219863 0.270314 0.0740367
1 0.245079 0.648681 0.426419 0.333286 0.0252379
1 0.441626 0.462826 0.803203 0.81978 0.0213302
1 0.185576 0.55333 0.272147 0.496628 0.019793
1 0.299562 0.481634 0.462868 0.655382 0.014377
1 0.69583 0.668253 0.504691 0.327727 0.00553139
1 0.739082 0.468078 0.452058 0.688293 0.00361753
1 0.869527 0.678174 0.183256 0.261856 0.00331513
1 0.166464 0.436682 0.332927 0.850392 0.00265933
1 0.3486 0.667251 0.626738 0.456493 0.00253859
1 0.88833 0.762855 0.175819 0.314858 0.00175858
1 0.155388 0.716562 0.291557 0.46339 0.00166891
1 0.860865 0.584584 0.243592 0.587985 0.00153625
1 0.611563 0.585955 0.642105 0.467285 0.00147334
1 0.557873 0.641751 0.284589 0.269768 0.00142886
1 0.821115 0.657435 0.275227 0.351969 0.00136973
1 0.508521 0.385673 0.416881 0.759849 0.00136848
1 0.457673 0.640985 0.21369 0.208834 0.00115416
