1 0.304476 0.484268 0.451893 0.89072 0.130956
1 0.190878 0.51496 0.234026 0.738679 0.0989098
1 0.250241 0.746541 0.36334 0.404255 0.0798793
1 0.199653 0.725197 0.213886 0.29896 0.0526225
1 0.483062 0.496834 0.960215 0.967444 0.0450701
1 0.237196 0.641031 0.273283 0.464318 0.0378812
1 0.774131 0.496148 0.371123 0.835794 0.0220211
1 0.846281 0.647109 0.251215 0.600184 0.0203872
1 0.906917 0.710373 0.159613 0.379311 0.0187106
1 0.871294 0.833355 0.211726 0.305643 0.011933
1 0.335439 0.597326 0.307193 0.505669 0.0104108
1 0.329119 0.324729 0.307445 0.551465 0.00860502
1 0.633916 0.637894 0.623912 0.683025 0.00727534
1 0.857171 0.535982 0.16978 0.400833 0.0071348
1 0.877071 0.468612 0.220553 0.790729 0.00670243
1 0.429564 0.671284 0.705415 0.582352 0.00666924
1 0.327753 0.827468 0.506854 0.310246 0.0066505
1 0.361832 0.191176 0.228104 0.223472 0.00658083
1 0.253066 0.923888 0.431287 0.108952 0.00649514
1 0.183059 0.837363 0.323564 0.292581 0.00579141
1 0.579936 0.806858 0.810451 0.386285 0.00574613
1 0.773883 0.794532 0.385605 0.404055 0.00538367
1 0.345898 0.146707 0.363519 0.249861 0.00420536
1 0.820223 0.452743 0.226847 0.597658 0.00372335
1 0.921537 0.567426 0.138718 0.626653 0.003346
1 0.574354 0.150879 0.764399 0.287494 0.00297803
1 0.818855 0.899276 0.32311 0.194156 0.00237404
1 0.401061 0.475542 0.251158 0.709613 0.00232832
1 0.90584 0.922354 0.188222 0.0971528 0.00227169
1 0.7931 0.151542 0.391136 0.24543 0.00172326
1 0.115365 0.519375 0.227374 0.775873 0.00165446
1 0.170714 0.636708 0.341429 0.6526 0.00145377
1 0.702562 0.147423 0.26358 0.203008 0.00139591
1 0.617915 0.901776 0.720236 0.196448 0.00138964
1 0.23671 0.387825 0.352337 0.592268 0.00137118
1 0.777049 0.268712 0.417837 0.472894 0.00129455
1 0.308033 0.0797516 0.386653 0.147892 0.00114936
