1 0.566993 0.402144 0.830769 0.791014 0.0829618
1 0.468832 0.738344 0.769993 0.494387 0.0605304
1 0.34823 0.570074 0.344776 0.241574 0.0321429
1 0.423318 0.64033 0.574376 0.34257 0.0280237
1 0.827685 0.302939 0.34314 0.533488 0.017058
1 0.382217 0.378127 0.525297 0.684982 0.0147026
1 0.791248 0.147701 0.417505 0.2886 0.0100199
1 0.316716 0.524339 0.243999 0.189951 0.00641227
1 0.903342 0.366519 0.192736 0.631231 0.00379603
1 0.320562 0.465505 0.291433 0.336612 0.00298996
1 0.608441 0.33207 0.468647 0.655852 0.00239521
1 0.702942 0.215676 0.572111 0.426864 0.00229775
1 0.2593 0.600152 0.360897 0.477785 0.00193132
1 0.836807 0.112374 0.316078 0.182445 0.00169686
1 0.500915 0.284256 0.300603 0.556576 0.00127395
1 0.280632 0.324193 0.307868 0.59478 0.00101057
