1 0.491676 0.314467 0.693054 0.628935 0.177299
1 0.667373 0.295319 0.413917 0.584099 0.029043
1 0.340889 0.287574 0.387054 0.546514 0.011293
1 0.44308 0.160058 0.532255 0.319211 0.0100194
1 0.500743 0.431815 0.998513 0.863083 0.00449359
1 0.367929 0.0951508 0.378868 0.186468 0.00391189
1 0.634933 0.153292 0.335917 0.305187 0.0034683
1 0.314177 0.422549 0.256509 0.288524 0.00291005
1 0.517312 0.099758 0.461443 0.199516 0.00277515
1 0.583474 0.452633 0.565698 0.540709 0.00265037
1 0.416372 0.451131 0.507154 0.404504 0.00203064
1 0.797886 0.286614 0.404228 0.537314 0.00196936
1 0.727535 0.510794 0.230019 0.2002 0.00129884
1 0.672515 0.481089 0.340833 0.271395 0.00100203
