1 0.494465 0.463195 0.92304 0.907944 0.242085
1 0.745764 0.462188 0.452529 0.818664 0.123038
1 0.15543 0.418229 0.286452 0.588051 0.064302
1 0.278178 0.427678 0.480389 0.756646 0.0457956
1 0.624828 0.71222 0.397641 0.471973 0.0191631
1 0.734648 0.665546 0.439946 0.462693 0.0152979
1 0.855467 0.436846 0.248356 0.782843 0.0131762
1 0.787976 0.507391 0.240072 0.586987 0.012384
1 0.189918 0.281733 0.274517 0.498606 0.00973656
1 0.72784 0.84765 0.506077 0.286756 0.00766148
1 0.802811 0.790007 0.334117 0.287936 0.0039077
1 0.838093 0.654282 0.24672 0.425067 0.00349387
1 0.507236 0.815753 0.649157 0.365993 0.00286413
1 0.743922 0.717922 0.315655 0.278524 0.00216275
1 0.58334 0.545013 0.500755 0.765306 0.00196064
1 0.465611 0.675933 0.806848 0.602379 0.0017258
1 0.731734 0.926712 0.479498 0.105677 0.00166198
1 0.770088 0.0706167 0.434215 0.14011 0.00152959
1 0.915635 0.482268 0.144386 0.793858 0.00130446
1 0.254965 0.0848432 0.377494 0.164887 0.00128063
1 0.139351 0.431901 0.278701 0.846247 0.00100387
