1 0.64895 0.38765 0.692618 0.722494 0.147262
1 0.514961 0.311262 0.319862 0.57239 0.060158
1 0.815051 0.436337 0.369897 0.730089 0.0255742
1 0.389952 0.426347 0.600704 0.823317 0.00673165
1 0.906506 0.490498 0.186988 0.643145 0.00265472
1 0.854085 0.620458 0.29183 0.759083 0.002557
1 0.454956 0.441403 0.331903 0.501009 0.00255506
1 0.739842 0.0957202 0.520317 0.182794 0.0021032
1 0.817047 0.177673 0.358216 0.346078 0.00198341
1 0.82813 0.0744408 0.343739 0.146872 0.00161869
1 0.744083 0.264637 0.46268 0.476024 0.00134023
1 0.48671 0.0941524 0.474331 0.1745 0.00118347
