1 0.51798 0.659294 0.895387 0.630346 0.0596663
1 0.466902 0.449141 0.918866 0.501764 0.0262388
1 0.321107 0.491122 0.572861 0.400726 0.0231573
1 0.274363 0.500945 0.394533 0.267313 0.0108979
1 0.6623 0.54071 0.560484 0.397584 0.00659388
1 0.759346 0.683466 0.418312 0.618121 0.00559276
1 0.744797 0.106007 0.492646 0.197109 0.00481663
1 0.587466 0.306166 0.760597 0.570406 0.00264308
1 0.194708 0.547499 0.309919 0.241794 0.00218376
1 0.779707 0.517637 0.338311 0.29477 0.00209847
1 0.244623 0.334742 0.461293 0.549073 0.00201454
1 0.8649 0.85533 0.237334 0.274751 0.00158349
1 0.730514 0.861495 0.473061 0.273842 0.00119652
1 0.852277 0.927316 0.251281 0.138722 0.00116654
