1 0.637419 0.408922 0.699499 0.734234 0.0351347
1 0.31569 0.584904 0.22608 0.290657 0.00426423
1 0.345032 0.449618 0.39198 0.644681 0.00405004
1 0.395468 0.93636 0.461029 0.107002 0.00228664
1 0.418667 0.89607 0.682857 0.207861 0.00194815
1 0.843239 0.359068 0.312766 0.617069 0.00183524
1 0.532542 0.578069 0.740906 0.480545 0.001556
1 0.480215 0.415002 0.421409 0.628984 0.00122763
1 0.225951 0.939854 0.451902 0.114542 0.00109883
1 0.585571 0.842146 0.828857 0.314397 0.00107935
1 0.279239 0.502201 0.251122 0.486951 0.00101546
