1 0.402451 0.596942 0.510606 0.763008 0.243921
1 0.308493 0.819042 0.270256 0.321136 0.0685276
1 0.59875 0.581963 0.741977 0.803108 0.0431347
1 0.425389 0.838824 0.583334 0.322352 0.0413396
1 0.791993 0.580926 0.364271 0.784518 0.0345689
1 0.611232 0.804526 0.73745 0.390277 0.0301271
1 0.855071 0.758698 0.215621 0.356815 0.0265079
1 0.362723 0.755623 0.391323 0.430138 0.0171092
1 0.39288 0.926533 0.514123 0.123901 0.0165658
1 0.86723 0.620833 0.242687 0.636499 0.0160501
1 0.25914 0.692256 0.263497 0.578726 0.0121246
1 0.874417 0.849774 0.197659 0.28371 0.011224
1 0.301605 0.882081 0.469639 0.235839 0.00696295
1 0.907681 0.932887 0.158279 0.105794 0.0032592
1 0.813196 0.908534 0.315404 0.170554 0.00261485
1 0.929733 0.549572 0.137777 0.720122 0.00257307
1 0.933945 0.799642 0.108836 0.340879 0.00228249
1 0.232378 0.644684 0.449491 0.689848 0.00222248
1 0.646119 0.895948 0.647283 0.20484 0.0017641
1 0.228778 0.931958 0.302427 0.12654 0.0015195
1 0.756716 0.058533 0.463286 0.116373 0.0014859
1 0.446305 0.531327 0.2577 0.634634 0.00136004
1 0.42437 0.228599 0.256894 0.126967 0.00128923
1 0.439121 0.320602 0.223905 0.243085 0.00122982
1 0.419504 0.144478 0.289588 0.150266 0.00114242
1 0.187536 0.792517 0.307058 0.396955 0.00110201
1 0.742616 0.928699 0.41379 0.100002 0.00105196
