1 0.380192 0.43754 0.760384 0.848556 0.213508
1 0.214081 0.359543 0.425033 0.707938 0.0217698
1 0.219149 0.565587 0.432124 0.48791 0.0217562
1 0.556674 0.470363 0.423604 0.617914 0.00924729
1 0.678674 0.423366 0.631147 0.833014 0.00321041
1 0.130567 0.4869 0.256304 0.673429 0.00294514
1 0.202836 0.0906841 0.400057 0.17315 0.00276528
1 0.404313 0.367675 0.42048 0.712527 0.00181854
1 0.32279 0.654528 0.64558 0.625253 0.00160783
1 0.690994 0.501891 0.407916 0.623318 0.0014784
1 0.583877 0.35106 0.313549 0.505316 0.0013812
