1 0.565764 0.486867 0.859706 0.949604 0.0598066
1 0.432226 0.550433 0.460695 0.659759 0.0338285
1 0.310649 0.551493 0.237766 0.611903 0.0212697
1 0.417976 0.348119 0.339498 0.473781 0.0203263
1 0.372341 0.395226 0.22419 0.307955 0.0186181
1 0.710922 0.56927 0.549882 0.730435 0.0172415
1 0.313967 0.751495 0.248246 0.280238 0.0113165
1 0.859436 0.602499 0.27157 0.683686 0.0110563
1 0.486951 0.109209 0.734274 0.214979 0.00617623
1 0.928324 0.605166 0.143351 0.573088 0.00562646
1 0.373013 0.0731577 0.50461 0.146315 0.00386937
1 0.343891 0.680281 0.377329 0.502499 0.00386122
1 0.767473 0.801422 0.458497 0.371291 0.00259282
1 0.570126 0.0636692 0.626224 0.127338 0.00251944
1 0.228447 0.0855017 0.438557 0.165407 0.0020251
1 0.372211 0.819082 0.383804 0.337216 0.00202147
1 0.737867 0.0575078 0.483123 0.115016 0.00192279
1 0.254486 0.728871 0.269698 0.368293 0.00178382
1 0.331829 0.337564 0.559245 0.626016 0.00172553
1 0.798809 0.102963 0.397216 0.195874 0.0014193
1 0.771138 0.915185 0.439278 0.127661 0.00130277
1 0.30275 0.875027 0.411829 0.228013 0.00124509
1 0.917071 0.761468 0.16264 0.367289 0.00113841
1 0.551699 0.318823 0.477115 0.628102 0.00106627
1 0.287392 0.544722 0.422891 0.698305 0.00100515
