1 0.468984 0.503994 0.913684 0.82278 0.255268
1 0.243319 0.532322 0.376665 0.578967 0.191159
1 0.65329 0.444299 0.478966 0.65149 0.0107565
1 0.788606 0.546482 0.218302 0.353725 0.00884598
1 0.131471 0.562071 0.206434 0.505109 0.00699977
1 0.712554 0.564189 0.363426 0.417256 0.00408924
1 0.617675 0.698113 0.613896 0.603775 0.00351635
1 0.851679 0.654014 0.249539 0.574494 0.0023005
1 0.813086 0.481602 0.370612 0.963205 0.00202012
1 0.270055 0.402929 0.530316 0.775984 0.00146437
1 0.688748 0.104862 0.602151 0.202438 0.00136662
1 0.755441 0.194857 0.474679 0.38457 0.00116571
