1 0.467074 0.503278 0.564759 0.8042 0.11077
1 0.314444 0.505312 0.304086 0.673799 0.0261035
1 0.617218 0.804187 0.666728 0.391625 0.0260509
1 0.475612 0.723698 0.667382 0.485332 0.0206253
1 0.662887 0.904862 0.54613 0.187413 0.020377
1 0.296135 0.639623 0.249554 0.370852 0.0186025
1 0.424994 0.506489 0.342706 0.641359 0.0176475
1 0.753563 0.588145 0.379141 0.766106 0.0113003
1 0.274295 0.629612 0.163265 0.255554 0.0109646
1 0.79054 0.88153 0.285868 0.214048 0.00901569
1 0.626506 0.535514 0.457585 0.726704 0.00896584
1 0.291682 0.729976 0.328915 0.391008 0.00845131
1 0.765479 0.939149 0.353863 0.121702 0.00610969
1 0.222002 0.61478 0.251631 0.465326 0.0051528
1 0.855375 0.556306 0.276969 0.819426 0.00513287
1 0.357759 0.828863 0.505883 0.323393 0.00397895
1 0.875297 0.89557 0.220172 0.189005 0.0039447
1 0.843061 0.811252 0.25922 0.330915 0.00378555
1 0.892241 0.938149 0.181195 0.0998484 0.00245362
1 0.31383 0.665997 0.505853 0.58165 0.00240205
1 0.247807 0.875456 0.341569 0.22888 0.00132306
1 0.491379 0.482083 0.982757 0.932105 0.0013079
1 0.374887 0.931498 0.494424 0.112886 0.00130282
1 0.36155 0.385817 0.275701 0.467681 0.00124398
1 0.410006 0.65005 0.297603 0.331009 0.00120164
