1 0.571207 0.367856 0.724957 0.65804 0.0288433
1 0.315943 0.35769 0.357732 0.669111 0.019723
1 0.25572 0.55981 0.189361 0.231814 0.00621301
1 0.225696 0.445733 0.277959 0.545727 0.0060835
1 0.577267 0.553232 0.606858 0.414588 0.00593777
1 0.768 0.486245 0.257236 0.265777 0.00568231
1 0.283816 0.495846 0.271343 0.389301 0.00298267
1 0.793977 0.338054 0.361302 0.557754 0.00263568
1 0.676747 0.820362 0.618408 0.355379 0.00251818
1 0.847798 0.519885 0.214212 0.256397 0.00231531
1 0.846739 0.81922 0.283215 0.343874 0.00148803
1 0.393403 0.538752 0.661895 0.476837 0.00132713
1 0.716968 0.451531 0.390062 0.37519 0.00126699
1 0.870747 0.687126 0.202294 0.443465 0.00116499
