1 0.243586 0.515878 0.482554 0.939273 0.192838
1 0.492018 0.487404 0.983924 0.948226 0.101048
1 0.256396 0.748942 0.462151 0.460795 0.0376905
1 0.384748 0.650865 0.708879 0.650444 0.0286257
1 0.207984 0.852664 0.379176 0.294673 0.0195925
1 0.358006 0.826613 0.693486 0.346775 0.01786
1 0.178999 0.522897 0.309389 0.701094 0.0132325
1 0.132801 0.86419 0.210125 0.226116 0.0121436
1 0.252961 0.928316 0.459153 0.121679 0.0120754
1 0.713285 0.79334 0.211784 0.392966 0.011852
1 0.719409 0.645154 0.381306 0.695726 0.0111362
1 0.153927 0.781139 0.236461 0.35871 0.0103718
1 0.598721 0.820452 0.445929 0.354058 0.00883424
1 0.193437 0.630678 0.243142 0.437914 0.0084316
1 0.583428 0.581602 0.428217 0.82442 0.0050261
1 0.148028 0.932179 0.236979 0.132341 0.00355067
1 0.59634 0.919853 0.453027 0.152769 0.0020856
1 0.793844 0.724636 0.337046 0.496855 0.00181628
1 0.691575 0.579003 0.215776 0.60394 0.00169285
1 0.691487 0.887376 0.454553 0.222502 0.00157426
1 0.846568 0.596347 0.300409 0.66346 0.00100287
