1 0.291183 0.583351 0.286101 0.222937 0.0103034
1 0.303061 0.48468 0.32343 0.396807 0.00722287
1 0.443368 0.378736 0.581776 0.62822 0.00716962
1 0.330685 0.62086 0.411628 0.319524 0.00387881
1 0.741026 0.412241 0.492243 0.606674 0.00358167
1 0.234054 0.402916 0.318495 0.557645 0.00301513
1 0.689281 0.0698747 0.620648 0.139749 0.00272603
1 0.775812 0.831433 0.428568 0.285337 0.00267202
1 0.580263 0.0827099 0.342853 0.159129 0.00264049
1 0.433526 0.0857569 0.530953 0.159571 0.00227709
1 0.410744 0.533809 0.594369 0.407048 0.00204276
1 0.336026 0.340241 0.316775 0.580854 0.00201275
1 0.655648 0.0605061 0.312531 0.118964 0.00185779
1 0.363396 0.191054 0.228775 0.259854 0.00180686
1 0.800544 0.914896 0.34506 0.129781 0.0017503
1 0.891482 0.830534 0.196621 0.31726 0.00142927
1 0.90834 0.288568 0.180529 0.332886 0.00132293
1 0.320823 0.250023 0.261943 0.31767 0.00120811
1 0.58004 0.513723 0.689035 0.511681 0.00117844
1 0.762191 0.540563 0.393787 0.22483 0.00103068
