1 0.544259 0.421973 0.882099 0.820469 0.480053
1 0.372044 0.425109 0.466342 0.70266 0.284175
1 0.296111 0.468718 0.288099 0.536853 0.267557
1 0.756505 0.465442 0.278425 0.524203 0.0836681
1 0.685798 0.375275 0.447364 0.725352 0.0595435
1 0.776586 0.50511 0.435279 0.758737 0.0422961
1 0.279361 0.596996 0.265664 0.284694 0.0121525
1 0.767189 0.155409 0.453701 0.301937 0.00780141
1 0.847014 0.457903 0.288821 0.546723 0.00703458
1 0.784898 0.642437 0.274438 0.412351 0.00691586
1 0.795807 0.775275 0.305209 0.399824 0.00259966
1 0.780364 0.0940411 0.394567 0.172438 0.00184853
1 0.223216 0.530463 0.446433 0.754433 0.00162351
1 0.277841 0.296031 0.414167 0.531894 0.00149909
1 0.157616 0.477873 0.232859 0.586309 0.00127689
1 0.260373 0.116131 0.435242 0.20736 0.00108505
1 0.917593 0.440783 0.163922 0.517176 0.00100456
