1 0.554758 0.381448 0.887426 0.762433 0.100565
1 0.286669 0.388076 0.47678 0.724545 0.0610959
1 0.315184 0.556969 0.35326 0.31783 0.0201341
1 0.443169 0.34741 0.393379 0.681538 0.00875445
1 0.640486 0.295408 0.563935 0.586264 0.00491248
1 0.879397 0.792471 0.241206 0.413239 0.00467456
1 0.702105 0.718915 0.580811 0.546434 0.00345719
1 0.548607 0.814799 0.902785 0.370402 0.00337047
1 0.922724 0.62441 0.151337 0.650403 0.00326317
1 0.693211 0.0886722 0.587143 0.17506 0.002648
1 0.339186 0.238359 0.470915 0.462375 0.00256168
1 0.608458 0.144748 0.679256 0.288992 0.00177065
1 0.753402 0.0605578 0.425924 0.120567 0.00159726
1 0.942183 0.481947 0.113751 0.631242 0.00156035
1 0.863418 0.886027 0.269706 0.223252 0.00154707
1 0.825855 0.119563 0.325981 0.215082 0.00154232
1 0.479673 0.0799414 0.627877 0.159883 0.00153281
1 0.749192 0.861203 0.500582 0.274706 0.00147338
1 0.360538 0.618989 0.487929 0.514408 0.00137406
1 0.858303 0.590332 0.283395 0.773395 0.0010452
1 0.750946 0.940017 0.490819 0.119357 0.0010131
1 0.567047 0.919422 0.857742 0.161157 0.00100196
