1 0.591844 0.474692 0.816312 0.846004 0.412522
1 0.767598 0.508242 0.431027 0.719325 0.315127
1 0.847396 0.529553 0.265998 0.575917 0.0836363
1 0.324249 0.560594 0.280704 0.51909 0.0622416
1 0.386622 0.437873 0.381438 0.749336 0.0561721
1 0.323887 0.663634 0.245732 0.287322 0.0201048
1 0.792431 0.415332 0.248502 0.40078 0.00428315
1 0.25688 0.438041 0.378526 0.836974 0.00218145
1 0.471158 0.638468 0.54621 0.492435 0.00196759
1 0.243953 0.534339 0.230127 0.62066 0.00177572
1 0.861688 0.640334 0.216646 0.321544 0.00175035
1 0.813359 0.173062 0.36531 0.237244 0.00169746
1 0.76658 0.70068 0.446124 0.460362 0.00140444
1 0.749431 0.823298 0.489854 0.323463 0.00138118
1 0.338921 0.311651 0.339818 0.40331 0.00132998
1 0.290978 0.628181 0.494654 0.610755 0.00130056
