1 0.749434 0.789679 0.459634 0.419787 0.311116
1 0.65646 0.522693 0.672644 0.870482 0.0314155
1 0.732076 0.623158 0.421734 0.633712 0.012983
1 0.561104 0.741014 0.832375 0.510188 0.0107164
1 0.20094 0.787305 0.288636 0.398502 0.00970644
1 0.809895 0.707704 0.299079 0.463651 0.00873396
1 0.704835 0.892791 0.536404 0.212086 0.00812373
1 0.299601 0.861609 0.522479 0.276783 0.00616325
1 0.784209 0.92932 0.386851 0.107429 0.00597564
1 0.315275 0.591655 0.474255 0.756786 0.00521102
1 0.754612 0.10476 0.463977 0.197082 0.00513566
1 0.164917 0.888797 0.31226 0.222406 0.00439921
1 0.370173 0.783844 0.682317 0.410269 0.00381598
1 0.825122 0.597251 0.215975 0.377639 0.0029385
1 0.269051 0.936035 0.389003 0.113491 0.00260678
1 0.158033 0.637774 0.263061 0.695023 0.00244105
1 0.848431 0.818771 0.296124 0.356637 0.00209686
1 0.77951 0.448314 0.392967 0.73508 0.00174168
1 0.122433 0.94485 0.240805 0.110301 0.00169766
1 0.88417 0.858085 0.209928 0.230276 0.00154826
1 0.645293 0.941242 0.568667 0.116813 0.00150521
1 0.8079 0.0601666 0.367043 0.118923 0.00147326
1 0.900857 0.764788 0.168978 0.360137 0.00121575
