1 0.305743 0.744944 0.320858 0.311883 0.0441832
1 0.559023 0.797057 0.565792 0.37961 0.0117822
1 0.363701 0.739799 0.453858 0.457803 0.00958524
1 0.398945 0.745031 0.263584 0.290769 0.00818192
1 0.225263 0.713247 0.276585 0.388456 0.00797773
1 0.717754 0.105248 0.540587 0.204847 0.00734283
1 0.390624 0.488094 0.369448 0.782868 0.00523426
1 0.279656 0.86239 0.373457 0.261567 0.00478881
1 0.777966 0.726998 0.173793 0.376144 0.00377008
1 0.572475 0.616351 0.515268 0.67145 0.00362977
1 0.792619 0.831854 0.187612 0.279783 0.00298335
1 0.706097 0.804794 0.313857 0.328531 0.00273919
1 0.249245 0.559507 0.284502 0.648032 0.00237993
1 0.422437 0.174987 0.370094 0.195777 0.00180962
1 0.797184 0.903788 0.210653 0.180989 0.00146766
1 0.770676 0.580566 0.22063 0.639546 0.00143737
1 0.19893 0.923738 0.248333 0.135837 0.00137985
1 0.328291 0.918785 0.496883 0.153288 0.00130369
1 0.141975 0.721925 0.19887 0.40824 0.0010913
1 0.560623 0.161326 0.619366 0.226059 0.00106617
