1 0.295203 0.522019 0.443374 0.604956 0.0149668
1 0.598819 0.557279 0.630323 0.652058 0.012378
1 0.193982 0.479791 0.288314 0.565862 0.00700509
1 0.248533 0.61975 0.285442 0.312879 0.00681727
1 0.678033 0.84144 0.467423 0.302736 0.00644363
1 0.687356 0.942309 0.441308 0.115382 0.00524226
1 0.783204 0.897475 0.268876 0.197699 0.00439681
1 0.259697 0.726144 0.434596 0.477263 0.00420097
1 0.579511 0.898464 0.58198 0.199694 0.00339523
1 0.437984 0.452235 0.733839 0.698845 0.00233179
1 0.131143 0.638676 0.183221 0.349272 0.00203331
1 0.782744 0.469756 0.413718 0.882721 0.00194426
1 0.491019 0.818 0.746252 0.349391 0.00188474
1 0.809641 0.807089 0.202179 0.298959 0.00178121
1 0.715863 0.538639 0.307394 0.570369 0.00173862
1 0.402147 0.654713 0.697881 0.596656 0.00173433
1 0.802891 0.585412 0.228125 0.470153 0.0017159
1 0.689767 0.680025 0.384819 0.399357 0.00122641
1 0.773297 0.693638 0.231455 0.283648 0.00113293
