1 0.477018 0.453041 0.855505 0.886045 0.267775
1 0.29495 0.362625 0.424328 0.710226 0.0926886
1 0.581019 0.371794 0.464382 0.69983 0.0662494
1 0.719143 0.349382 0.308127 0.684996 0.014221
1 0.703135 0.553555 0.254453 0.284599 0.0104999
1 0.280055 0.43853 0.56011 0.871598 0.00955647
1 0.222259 0.536148 0.193623 0.290622 0.0069914
1 0.654211 0.571723 0.382487 0.42446 0.00542349
1 0.235118 0.552993 0.319532 0.393644 0.00430828
1 0.592475 0.683726 0.621023 0.608054 0.00359949
1 0.242229 0.42316 0.240808 0.538103 0.00314857
1 0.688928 0.49219 0.467721 0.884198 0.00300372
1 0.21765 0.190719 0.409825 0.365927 0.00245839
1 0.740037 0.697309 0.417641 0.528117 0.00241747
1 0.166539 0.367443 0.318584 0.699323 0.00182362
1 0.77797 0.825481 0.366496 0.348362 0.00168636
1 0.756628 0.0920059 0.32519 0.18101 0.00152407
1 0.254348 0.0945947 0.398233 0.183234 0.00149471
1 0.627211 0.0641796 0.524405 0.128144 0.00148624
1 0.209951 0.556505 0.405082 0.626917 0.00147586
1 0.633942 0.121909 0.471218 0.23382 0.00135338
