1 0.186432 0.457067 0.278483 0.417536 0.0290895
1 0.321925 0.437742 0.63507 0.545505 0.0207391
1 0.515939 0.399494 0.385882 0.402763 0.0081609
1 0.392128 0.813624 0.7492 0.372095 0.00442497
1 0.189617 0.324543 0.366366 0.632516 0.00384511
1 0.217535 0.546079 0.421183 0.539412 0.00332749
1 0.209982 0.0568879 0.37012 0.111792 0.00271292
1 0.612777 0.407458 0.202268 0.346697 0.00210666
1 0.392615 0.640645 0.698111 0.65685 0.00181605
1 0.200962 0.121986 0.389485 0.239596 0.00156418
1 0.624478 0.827703 0.436949 0.342708 0.00146427
1 0.114559 0.487684 0.224113 0.542395 0.00136106
1 0.261379 0.734758 0.515303 0.479156 0.00135914
1 0.363949 0.404144 0.391333 0.435334 0.00135771
1 0.326786 0.102044 0.653571 0.203517 0.00123839
1 0.704742 0.719806 0.41488 0.557792 0.00123422
1 0.456563 0.933716 0.663845 0.131231 0.00110261
