1 0.241125 0.480919 0.401228 0.565945 0.0492321
1 0.243744 0.650444 0.449409 0.387753 0.0250169
1 0.419629 0.444053 0.776231 0.759669 0.017519
1 0.148845 0.471677 0.224078 0.455489 0.0157162
1 0.766168 0.104463 0.444607 0.197621 0.0134466
1 0.644724 0.443065 0.445476 0.742193 0.0127311
1 0.171066 0.591186 0.295385 0.345528 0.0104571
1 0.288643 0.665666 0.308079 0.266303 0.00972507
1 0.779221 0.661357 0.145645 0.193179 0.00470036
1 0.636674 0.217843 0.257789 0.309442 0.00468432
1 0.168066 0.350154 0.293122 0.6287 0.00365609
1 0.256585 0.811408 0.499417 0.366444 0.00288124
1 0.737272 0.528029 0.327309 0.616878 0.00250143
1 0.559477 0.202188 0.394397 0.38962 0.00239474
1 0.393432 0.504821 0.410743 0.633085 0.0020084
1 0.784633 0.584327 0.184443 0.405368 0.00161572
1 0.261522 0.336784 0.322897 0.336944 0.00122826
1 0.0861789 0.572037 0.154855 0.317354 0.00117467
1 0.712305 0.165246 0.468382 0.300862 0.00115827
