1 0.550638 0.522718 0.761511 0.764898 0.0892249
1 0.406827 0.417993 0.440314 0.756527 0.0130139
1 0.545945 0.735731 0.802713 0.416018 0.0109643
1 0.329979 0.697546 0.240936 0.221813 0.00328828
1 0.632148 0.835462 0.597913 0.222762 0.00300272
1 0.835905 0.773539 0.210529 0.290896 0.002966
1 0.371824 0.743875 0.351102 0.317176 0.00247501
1 0.70968 0.772996 0.451169 0.304259 0.00183333
1 0.36702 0.513441 0.321077 0.509621 0.00138836
1 0.660969 0.90047 0.474314 0.106952 0.00129528
1 0.822216 0.900388 0.185955 0.10955 0.00121412
1 0.847395 0.681966 0.198122 0.272761 0.00118459
1 0.870256 0.668923 0.198658 0.544414 0.00118129
1 0.881094 0.897287 0.110925 0.128288 0.00103689
