1 0.273739 0.366598 0.37658 0.707094 0.0898202
1 0.441771 0.417411 0.803938 0.81921 0.059411
1 0.616726 0.370179 0.35494 0.63671 0.0302545
1 0.208244 0.549148 0.208285 0.265471 0.0288426
1 0.257192 0.502208 0.311513 0.383122 0.0262559
1 0.682733 0.55383 0.218664 0.274968 0.0226525
1 0.647269 0.633909 0.333265 0.551075 0.0206912
1 0.536909 0.685615 0.57452 0.62877 0.0170071
1 0.360995 0.495668 0.605071 0.50989 0.0168432
1 0.592726 0.142861 0.224792 0.170043 0.00639126
1 0.222923 0.643066 0.321529 0.542512 0.00593041
1 0.692937 0.491496 0.347311 0.616077 0.00545515
1 0.664042 0.82154 0.321961 0.356146 0.00511229
1 0.153622 0.578754 0.193841 0.318554 0.00315532
1 0.22938 0.202744 0.42739 0.392772 0.00279308
1 0.54122 0.855286 0.576434 0.289428 0.00268626
1 0.610557 0.2184 0.286018 0.322395 0.00234224
1 0.600051 0.941413 0.420159 0.116324 0.00216021
1 0.158113 0.454453 0.257982 0.52758 0.00191672
1 0.187637 0.0862193 0.375274 0.169387 0.00183735
1 0.229344 0.46089 0.458688 0.894217 0.00181392
1 0.353482 0.252255 0.58243 0.495049 0.00170262
1 0.279303 0.843849 0.503204 0.312303 0.00160633
1 0.548194 0.0940034 0.412798 0.16473 0.00159986
1 0.353707 0.726727 0.586659 0.490625 0.00145962
1 0.597632 0.0706564 0.229066 0.119483 0.00104308
