1 0.677002 0.42292 0.451456 0.78977 0.0209433
1 0.313099 0.449967 0.413686 0.565073 0.0173124
1 0.462052 0.429598 0.547657 0.809677 0.0145623
1 0.676186 0.667968 0.499728 0.396418 0.00361146
1 0.327483 0.554601 0.597174 0.494263 0.0036021
1 0.805848 0.519135 0.366536 0.616972 0.00305684
1 0.190278 0.46648 0.306871 0.522231 0.00285213
1 0.34377 0.573189 0.340524 0.366541 0.00236626
1 0.825962 0.699058 0.206692 0.215182 0.00187825
1 0.625696 0.587906 0.728673 0.673668 0.00173393
1 0.694814 0.38353 0.282671 0.479477 0.00137873
1 0.84475 0.590961 0.236798 0.438272 0.00133325
1 0.569724 0.532026 0.380888 0.607366 0.00124433
1 0.218706 0.335057 0.412673 0.656663 0.00105933
