1 0.700223 0.198844 0.59083 0.396841 0.163574
1 0.500451 0.50025 0.999098 0.9995 0.130761
1 0.579832 0.124213 0.789155 0.248233 0.0361157
1 0.282988 0.462321 0.551456 0.914853 0.0338459
1 0.50045 0.442241 0.564709 0.875003 0.0118364
1 0.523266 0.0691081 0.594097 0.138165 0.00734623
1 0.85114 0.224368 0.295016 0.446178 0.00684745
1 0.333867 0.128785 0.371343 0.255431 0.00659664
1 0.322498 0.683719 0.644997 0.584389 0.0045083
1 0.770555 0.384069 0.456312 0.754826 0.00386275
1 0.486848 0.686885 0.459552 0.516856 0.00321242
1 0.191206 0.786996 0.371135 0.415123 0.00277708
1 0.369244 0.0633482 0.36717 0.122265 0.00272839
1 0.117527 0.462041 0.226754 0.897745 0.00251462
1 0.726833 0.092456 0.526232 0.184912 0.00229425
1 0.301692 0.185342 0.533815 0.368758 0.00221269
1 0.179544 0.640251 0.346829 0.474882 0.00120873
1 0.089521 0.764392 0.175134 0.44592 0.00118303
1 0.0851921 0.593841 0.166105 0.597374 0.00111793
1 0.263888 0.0727316 0.423729 0.145232 0.00103218
