1 0.199981 0.526267 0.23598 0.597491 0.0736635
1 0.609554 0.591307 0.689626 0.781467 0.046245
1 0.862225 0.665865 0.21444 0.580435 0.0235508
1 0.306776 0.542882 0.426923 0.692386 0.0229648
1 0.155039 0.603012 0.161711 0.468926 0.0206966
1 0.674798 0.799764 0.571508 0.397705 0.0112115
1 0.756731 0.656427 0.414252 0.643562 0.0083066
1 0.884148 0.7885 0.154555 0.290305 0.00629596
1 0.819246 0.775733 0.282897 0.377757 0.00428687
1 0.893452 0.514952 0.178397 0.951397 0.00270517
1 0.257814 0.705904 0.379811 0.445656 0.00260214
1 0.130456 0.473509 0.108216 0.737004 0.00247698
1 0.125158 0.658703 0.0988949 0.455133 0.0023774
1 0.787445 0.489784 0.287876 0.572904 0.00208228
1 0.884821 0.522008 0.142185 0.515347 0.00194419
1 0.310236 0.429198 0.309638 0.462428 0.00169823
1 0.75326 0.927234 0.459238 0.111666 0.00160986
1 0.323633 0.834219 0.570601 0.331562 0.00158358
1 0.516796 0.824514 0.479615 0.341193 0.0014989
1 0.873926 0.932553 0.211937 0.116934 0.00135481
1 0.918204 0.706587 0.142687 0.513656 0.00100013
