1 0.588813 0.628524 0.798281 0.727592 0.46566
1 0.345234 0.621089 0.325072 0.731567 0.241668
1 0.789877 0.644423 0.418216 0.711153 0.190024
1 0.827099 0.741978 0.32044 0.457963 0.0203558
1 0.30029 0.76427 0.419715 0.425896 0.00764386
1 0.471388 0.737897 0.593411 0.460845 0.00565483
1 0.370301 0.840004 0.433458 0.295247 0.00470075
1 0.330983 0.788661 0.190907 0.375957 0.00423192
1 0.831444 0.893339 0.323999 0.208946 0.00308881
1 0.624882 0.805806 0.750236 0.359627 0.00266732
1 0.851626 0.925032 0.278523 0.0962366 0.00253451
1 0.269286 0.888186 0.467651 0.223628 0.00196613
1 0.273254 0.93258 0.308729 0.109091 0.00180942
1 0.415628 0.927536 0.45362 0.100636 0.0012518
1 0.373688 0.340394 0.173896 0.142869 0.00104535
