1 0.484039 0.430847 0.848562 0.849913 0.227738
1 0.209148 0.187206 0.412313 0.368536 0.134505
1 0.320173 0.362842 0.421633 0.725685 0.0575729
1 0.529235 0.39139 0.4708 0.733019 0.0538604
1 0.451737 0.695326 0.742961 0.55978 0.0330465
1 0.287736 0.620251 0.363964 0.314225 0.0199119
1 0.580828 0.141358 0.220418 0.198858 0.0122448
1 0.689356 0.395545 0.501425 0.782854 0.00899259
1 0.409491 0.157317 0.578665 0.267305 0.00755923
1 0.59365 0.169736 0.298955 0.31277 0.00690746
1 0.209941 0.0741698 0.396717 0.143342 0.00659765
1 0.630259 0.43274 0.322572 0.6061 0.00606313
1 0.441774 0.834169 0.826596 0.329388 0.00552737
1 0.688348 0.571047 0.264607 0.356503 0.00328015
1 0.285242 0.760988 0.465077 0.433565 0.00256564
1 0.584979 0.648861 0.465764 0.443011 0.00224723
1 0.290639 0.10593 0.581277 0.209359 0.00213181
1 0.540534 0.100782 0.255897 0.187757 0.0019548
1 0.245766 0.594437 0.472665 0.748587 0.00171185
