1 0.49373 0.489738 0.816719 0.932712 0.115065
1 0.639957 0.715517 0.558791 0.531341 0.0928837
1 0.71925 0.51306 0.488579 0.859883 0.0311835
1 0.253137 0.532065 0.234549 0.667876 0.0260095
1 0.328286 0.475046 0.453037 0.800165 0.0200964
1 0.741196 0.088021 0.499124 0.171459 0.0199699
1 0.377954 0.676399 0.525943 0.529406 0.0160102
1 0.311195 0.659307 0.311103 0.441657 0.0142827
1 0.839488 0.537681 0.266553 0.657887 0.00974061
1 0.781072 0.694196 0.272448 0.473991 0.00915046
1 0.859562 0.748852 0.21036 0.424067 0.00659394
1 0.304744 0.863231 0.457694 0.273538 0.00512484
1 0.245084 0.676579 0.167582 0.409338 0.00462533
1 0.613211 0.119215 0.677177 0.233028 0.0043676
1 0.775329 0.865384 0.418954 0.268329 0.00435382
1 0.860484 0.879116 0.244688 0.224097 0.00415736
1 0.457524 0.825979 0.762802 0.346043 0.00401384
1 0.269319 0.103751 0.457391 0.198067 0.00337384
1 0.24853 0.742418 0.372223 0.464862 0.00322823
1 0.210391 0.548505 0.396669 0.823837 0.00317596
1 0.279283 0.936667 0.36289 0.117405 0.00209712
1 0.886439 0.936094 0.187941 0.0979023 0.0017396
1 0.208094 0.656054 0.15172 0.553498 0.00148476
1 0.112522 0.505894 0.179363 0.84556 0.00119678
1 0.868541 0.118585 0.257025 0.199688 0.00114023
1 0.789129 0.18253 0.405097 0.341065 0.00109761
1 0.713218 0.9473 0.344344 0.105401 0.00106309
1 0.562294 0.54356 0.470679 0.636492 0.00104822
