1 0.420959 0.468654 0.75819 0.919191 0.0969538
1 0.245839 0.465684 0.408933 0.826169 0.0902072
1 0.324748 0.257177 0.253653 0.383408 0.0782261
1 0.39845 0.241448 0.475433 0.476153 0.0690743
1 0.747361 0.452902 0.460793 0.820503 0.0338397
1 0.719785 0.221055 0.358855 0.405064 0.0187881
1 0.148494 0.531751 0.259241 0.692676 0.0166251
1 0.155169 0.709902 0.192298 0.274368 0.0155871
1 0.883702 0.510829 0.219584 0.582262 0.015141
1 0.34906 0.397943 0.352772 0.742001 0.00647682
1 0.179744 0.686228 0.338537 0.495272 0.00539116
1 0.126668 0.784671 0.191684 0.266391 0.00493525
1 0.518012 0.12744 0.564226 0.238581 0.00337881
1 0.857515 0.685749 0.250046 0.315879 0.0032553
1 0.530535 0.305281 0.635689 0.59946 0.00295116
1 0.184665 0.824574 0.307545 0.291758 0.00250607
1 0.864076 0.316368 0.242399 0.532953 0.00232954
1 0.913695 0.677517 0.144408 0.25104 0.00232205
1 0.809174 0.654693 0.35917 0.509915 0.00225054
1 0.298046 0.10381 0.407485 0.199402 0.00202865
1 0.615475 0.106144 0.38791 0.179034 0.0015031
1 0.11647 0.865337 0.188451 0.222347 0.00141536
1 0.110322 0.9325 0.196452 0.106035 0.00115438
1 0.871745 0.790357 0.246106 0.349175 0.00100732
