1 0.530887 0.400217 0.850932 0.797239 0.134057
1 0.380057 0.348837 0.445057 0.696399 0.092331
1 0.502516 0.0844941 0.483923 0.166893 0.0320726
1 0.3516 0.525255 0.340027 0.34329 0.0225939
1 0.426691 0.0579411 0.260319 0.114522 0.0222274
1 0.510499 0.580047 0.626155 0.417042 0.0137832
1 0.276966 0.363159 0.249612 0.627816 0.013686
1 0.670427 0.387308 0.430377 0.76779 0.0135657
1 0.690424 0.575623 0.376845 0.398568 0.0128574
1 0.634498 0.0631595 0.444049 0.126319 0.0101231
1 0.385793 0.112267 0.416391 0.22263 0.00820349
1 0.735533 0.0906507 0.518066 0.181301 0.00492524
1 0.520815 0.14246 0.594209 0.284921 0.00394504
1 0.378542 0.561821 0.624379 0.574469 0.00329459
1 0.670321 0.173334 0.515091 0.341014 0.00228467
1 0.2266 0.498658 0.336306 0.494179 0.0019529
1 0.243812 0.409196 0.48254 0.79662 0.00191174
1 0.728155 0.696054 0.493262 0.522896 0.00181501
1 0.276649 0.0741126 0.494284 0.148225 0.00155922
1 0.316005 0.184817 0.521987 0.362696 0.00141981
