1 0.227416 0.324897 0.425373 0.593639 0.170057
1 0.396463 0.340984 0.791182 0.656216 0.12049
1 0.210457 0.397872 0.331114 0.319956 0.0885734
1 0.58019 0.344799 0.387227 0.666145 0.0258511
1 0.413731 0.0957215 0.701939 0.191173 0.0246512
1 0.23046 0.509311 0.437765 0.440344 0.0161309
1 0.493082 0.533487 0.518598 0.359866 0.0156401
1 0.585787 0.535697 0.327999 0.281185 0.0115277
1 0.48088 0.0653697 0.518835 0.129299 0.0111944
1 0.242711 0.14582 0.480976 0.282741 0.00994156
1 0.643518 0.533366 0.193387 0.202819 0.0082824
1 0.205593 0.0989686 0.403387 0.164161 0.00810141
1 0.709719 0.367505 0.317544 0.670274 0.00560585
1 0.125377 0.417671 0.2407 0.345085 0.00475181
1 0.554569 0.157608 0.472779 0.297964 0.00439441
1 0.418609 0.56056 0.759787 0.558828 0.00416198
1 0.641472 0.569963 0.459321 0.535558 0.00178839
1 0.615208 0.429595 0.618248 0.817523 0.00172738
1 0.33608 0.530141 0.36796 0.355466 0.00162981
1 0.247492 0.682288 0.486164 0.603957 0.00106795
1 0.635184 0.0759609 0.450196 0.151475 0.00104387
