1 0.547187 0.426339 0.893702 0.84147 0.124752
1 0.353805 0.588737 0.41582 0.40388 0.0678742
1 0.338689 0.394431 0.480828 0.760784 0.0330196
1 0.30327 0.517838 0.286789 0.384679 0.020382
1 0.399203 0.681999 0.385182 0.300661 0.0132195
1 0.199192 0.429912 0.341541 0.675616 0.0112452
1 0.47338 0.590557 0.583212 0.529379 0.00853208
1 0.515902 0.385238 0.45998 0.766509 0.0070008
1 0.557168 0.0596693 0.579504 0.119062 0.00593656
1 0.398945 0.0839047 0.427842 0.162666 0.0036837
1 0.0915914 0.394885 0.145471 0.78977 0.00329018
1 0.682126 0.0874328 0.555939 0.174866 0.00260839
1 0.509749 0.669924 0.339352 0.340615 0.00217122
1 0.351154 0.789769 0.531195 0.398269 0.0020892
1 0.629123 0.62636 0.489653 0.383301 0.00205541
1 0.359957 0.148545 0.491548 0.292059 0.00200519
1 0.805601 0.373997 0.376832 0.721779 0.00190428
1 0.535711 0.114135 0.573665 0.227332 0.00164785
