1 0.528803 0.419319 0.810955 0.831128 0.147778
1 0.326731 0.377705 0.450795 0.749219 0.0804079
1 0.462216 0.148997 0.580445 0.297993 0.0475708
1 0.347764 0.141631 0.29727 0.278319 0.0472806
1 0.340758 0.619832 0.312017 0.330778 0.042656
1 0.567128 0.633018 0.604328 0.409048 0.0301585
1 0.310859 0.726949 0.503437 0.488903 0.0169855
1 0.462705 0.282171 0.523711 0.564342 0.0128863
1 0.612947 0.127833 0.315905 0.235353 0.0113335
1 0.719979 0.415936 0.417148 0.755094 0.0101422
1 0.422032 0.596813 0.230951 0.378095 0.00933445
1 0.440744 0.416824 0.304591 0.773644 0.00783827
1 0.786881 0.601688 0.214711 0.289822 0.00506402
1 0.673701 0.0830872 0.462925 0.166174 0.00485784
1 0.692973 0.613847 0.370633 0.323437 0.00398015
1 0.285841 0.174131 0.540948 0.348263 0.00307035
1 0.635783 0.25633 0.462676 0.492189 0.00259723
1 0.797564 0.670672 0.324657 0.295644 0.00233199
1 0.737128 0.166781 0.491264 0.32338 0.00220405
1 0.822204 0.481951 0.280686 0.644424 0.00208668
1 0.757444 0.497202 0.253123 0.506714 0.0013628
1 0.746743 0.739683 0.453727 0.331652 0.00135996
1 0.224021 0.803187 0.384551 0.338687 0.00104571
