1 0.330346 0.548485 0.313383 0.323282 0.0339714
1 0.310997 0.440132 0.396256 0.613521 0.0101846
1 0.406684 0.559221 0.457347 0.558316 0.00692498
1 0.578494 0.439425 0.627421 0.66544 0.00588365
1 0.418527 0.505925 0.239639 0.402802 0.00216615
1 0.539469 0.671071 0.673502 0.615382 0.00196052
1 0.884616 0.912709 0.173482 0.111116 0.00189485
1 0.413714 0.343772 0.41561 0.674388 0.00176296
1 0.877144 0.863658 0.193921 0.180693 0.0016712
1 0.805983 0.910774 0.296351 0.109589 0.00155491
1 0.353684 0.166655 0.278441 0.270699 0.0015227
1 0.777311 0.852626 0.391042 0.215974 0.00150791
1 0.587553 0.0999565 0.47843 0.184414 0.00136392
1 0.434163 0.129114 0.255296 0.223248 0.00120306
1 0.630826 0.547879 0.408805 0.36782 0.00112456
1 0.22159 0.52782 0.251262 0.347045 0.0010907
1 0.733918 0.584565 0.196921 0.222306 0.00100603
