1 0.571616 0.467596 0.531124 0.59621 0.0825924
1 0.536756 0.444894 0.865911 0.811317 0.0523869
1 0.405011 0.459989 0.364987 0.531161 0.0444796
1 0.332099 0.407134 0.456899 0.758234 0.0394883
1 0.599636 0.570825 0.457665 0.318454 0.0121024
1 0.325622 0.544776 0.406069 0.382288 0.0102198
1 0.564464 0.652967 0.6299 0.610819 0.00935159
1 0.229208 0.505057 0.236499 0.448429 0.00666625
1 0.757392 0.472243 0.214709 0.42851 0.00487933
1 0.753433 0.554246 0.17776 0.236799 0.00316928
1 0.709627 0.408592 0.446085 0.587169 0.00299524
1 0.631228 0.148202 0.211536 0.151682 0.00240705
1 0.319023 0.157582 0.309606 0.283121 0.00200888
1 0.785074 0.950886 0.330217 0.0982285 0.00173183
1 0.195608 0.37162 0.346281 0.659651 0.00145713
1 0.15336 0.513494 0.245131 0.5078 0.00143245
1 0.193682 0.581262 0.18152 0.312736 0.0012936
1 0.86125 0.925521 0.222444 0.144137 0.00128112
1 0.726107 0.912499 0.499565 0.17357 0.00120114
1 0.39928 0.227612 0.416721 0.444122 0.0011744
1 0.58772 0.131559 0.365202 0.197085 0.00101513
