1 0.285604 0.583357 0.407064 0.519296 0.128054
1 0.317403 0.464229 0.553383 0.858379 0.104891
1 0.276849 0.58977 0.321637 0.322521 0.0717751
1 0.492502 0.416015 0.733865 0.675925 0.0272785
1 0.216759 0.446381 0.297175 0.617845 0.0189944
1 0.251035 0.786044 0.502071 0.408959 0.014172
1 0.575074 0.709922 0.765993 0.541442 0.0133191
1 0.326387 0.410266 0.349237 0.65079 0.0120503
1 0.189325 0.653192 0.334108 0.545429 0.00797947
1 0.300715 0.28144 0.333822 0.339548 0.00404694
1 0.226189 0.907202 0.452377 0.165747 0.00395537
1 0.303288 0.111024 0.35138 0.178318 0.00322382
1 0.147886 0.865449 0.29215 0.221723 0.0031819
1 0.746282 0.0579298 0.333838 0.113774 0.00253045
1 0.14002 0.92809 0.280041 0.122079 0.00150749
1 0.677215 0.0830776 0.326815 0.1524 0.00146514
1 0.246122 0.0731177 0.416451 0.140439 0.00137196
1 0.324461 0.203116 0.273089 0.182554 0.00135796
1 0.778681 0.73993 0.382137 0.496097 0.00113324
1 0.134021 0.767758 0.235283 0.327495 0.00107168
