1 0.56233 0.329265 0.672361 0.654232 0.328481
1 0.331455 0.340704 0.458716 0.67755 0.193784
1 0.702187 0.306591 0.352249 0.609121 0.110434
1 0.314039 0.120204 0.342585 0.239565 0.0214104
1 0.290428 0.509548 0.35091 0.342663 0.0130421
1 0.669405 0.142503 0.383454 0.282515 0.00968385
1 0.228737 0.302899 0.285386 0.588218 0.00842472
1 0.353674 0.196891 0.385248 0.385183 0.00796798
1 0.333786 0.0636434 0.274227 0.123903 0.00782395
1 0.821805 0.307475 0.222794 0.5991 0.00700116
1 0.208436 0.358536 0.416873 0.714082 0.00619529
1 0.801036 0.508118 0.201328 0.234364 0.00530282
1 0.476413 0.110056 0.608978 0.220112 0.00493195
1 0.562305 0.535209 0.692992 0.431202 0.00397883
1 0.837825 0.166581 0.19756 0.29264 0.0025854
1 0.724298 0.484223 0.316597 0.307743 0.00251314
1 0.617322 0.0769807 0.505838 0.153638 0.00244764
1 0.125325 0.33175 0.140563 0.64034 0.00214537
1 0.758306 0.0785561 0.325318 0.15535 0.00129409
1 0.848193 0.446835 0.15791 0.356252 0.00116533
1 0.32288 0.508119 0.227775 0.248623 0.00104217
