1 0.26682 0.44748 0.420679 0.556366 0.0600486
1 0.226974 0.530495 0.319949 0.329639 0.0371085
1 0.484581 0.47063 0.864634 0.733122 0.0182564
1 0.789443 0.518805 0.322442 0.601732 0.0118718
1 0.19372 0.33743 0.363457 0.625955 0.0111294
1 0.814281 0.572545 0.193151 0.347581 0.00935791
1 0.282641 0.613639 0.315997 0.289258 0.0069801
1 0.238229 0.0619828 0.452797 0.122182 0.00683317
1 0.703831 0.431997 0.430556 0.741717 0.00654411
1 0.250327 0.617571 0.454493 0.46018 0.00454683
1 0.71651 0.0581759 0.539088 0.116352 0.00360623
1 0.151325 0.499161 0.253024 0.454662 0.00258965
1 0.493162 0.0632556 0.794835 0.126511 0.00239417
1 0.860909 0.393461 0.264336 0.730323 0.00222394
1 0.18717 0.116123 0.365613 0.226245 0.00201654
1 0.833124 0.0841067 0.330689 0.168213 0.00149825
1 0.833664 0.681913 0.271701 0.449358 0.00149118
