1 0.392167 0.317285 0.337423 0.626641 0.042073
1 0.511092 0.395643 0.64438 0.789024 0.012976
1 0.741525 0.0860913 0.516949 0.169192 0.0128227
1 0.640339 0.193588 0.675796 0.386198 0.00751987
1 0.547779 0.103318 0.777727 0.20583 0.00735041
1 0.345757 0.509615 0.261479 0.265562 0.00504959
1 0.353137 0.124419 0.328838 0.24391 0.00474442
1 0.866598 0.925451 0.169208 0.141723 0.00370997
1 0.799317 0.952301 0.236638 0.0953972 0.00368917
1 0.810878 0.883285 0.251819 0.216244 0.00308985
1 0.325986 0.450618 0.456787 0.804765 0.00256745
1 0.299125 0.564807 0.3318 0.502111 0.00235391
1 0.715108 0.92849 0.362546 0.14276 0.00222171
1 0.864446 0.102224 0.269512 0.204448 0.00203091
1 0.344302 0.0642863 0.278959 0.124884 0.00149922
1 0.504148 0.500036 0.991704 0.999928 0.00133399
1 0.663866 0.826589 0.424923 0.334132 0.0012679
1 0.753799 0.322816 0.492403 0.639669 0.00111044
