1 0.472717 0.395463 0.78901 0.707176 0.0890964
1 0.296906 0.549599 0.337783 0.321608 0.04693
1 0.522319 0.600786 0.742264 0.51973 0.0456267
1 0.270899 0.366913 0.431293 0.689975 0.0364917
1 0.60766 0.545253 0.47077 0.383165 0.0156344
1 0.664339 0.144231 0.22558 0.190758 0.0131443
1 0.221871 0.465244 0.313783 0.445635 0.0102827
1 0.607135 0.361823 0.413318 0.684963 0.0100463
1 0.368987 0.476663 0.528851 0.496087 0.00952172
1 0.650774 0.210783 0.319124 0.395487 0.00348444
1 0.729823 0.502633 0.254275 0.366817 0.00321529
1 0.292128 0.613244 0.439011 0.552496 0.00280311
1 0.630463 0.107808 0.391534 0.197789 0.00198937
1 0.696714 0.823951 0.494751 0.346821 0.00140331
1 0.781448 0.627374 0.325361 0.46935 0.00124635
1 0.157432 0.396362 0.273321 0.621383 0.00123855
1 0.136561 0.56828 0.16387 0.248057 0.00104891
