1 0.496527 0.420883 0.889367 0.814243 0.177879
1 0.271407 0.609115 0.305202 0.277265 0.08434
1 0.307436 0.400535 0.440671 0.741052 0.0548629
1 0.277866 0.485712 0.32655 0.497668 0.0449107
1 0.747122 0.131916 0.410943 0.257782 0.0261161
1 0.757822 0.372797 0.40405 0.711309 0.023907
1 0.77883 0.0726078 0.406311 0.142952 0.00970237
1 0.526266 0.745964 0.863704 0.508071 0.00837213
1 0.579077 0.291816 0.573244 0.58293 0.00781045
1 0.59922 0.141139 0.5297 0.277518 0.00610943
1 0.336785 0.636496 0.423937 0.435891 0.00605244
1 0.441904 0.602432 0.74912 0.505601 0.00429331
1 0.249627 0.163682 0.397745 0.293134 0.00395405
1 0.715971 0.448641 0.568058 0.893292 0.00323326
1 0.767527 0.355042 0.22245 0.553516 0.00270334
1 0.220923 0.597436 0.419614 0.467453 0.00258235
1 0.762061 0.511663 0.172041 0.223902 0.00189118
1 0.65947 0.813332 0.615176 0.367882 0.00126124
1 0.832661 0.235416 0.330247 0.451396 0.00117457
1 0.786583 0.603474 0.24467 0.347892 0.00106856
