1 0.538513 0.467493 0.878244 0.691932 0.180311
1 0.346063 0.408737 0.48365 0.638739 0.099672
1 0.706569 0.576664 0.3082 0.278088 0.0310458
1 0.60806 0.463602 0.524096 0.567741 0.01691
1 0.732586 0.518921 0.406755 0.543633 0.0144204
1 0.793919 0.534505 0.228523 0.399565 0.0117016
1 0.548272 0.606863 0.659803 0.56698 0.00768695
1 0.266869 0.534977 0.431207 0.429728 0.00469792
1 0.174181 0.52718 0.226296 0.364656 0.00387647
1 0.716418 0.815278 0.439512 0.345109 0.00348432
1 0.172506 0.378943 0.296093 0.666012 0.00277846
1 0.716189 0.715881 0.371034 0.374639 0.00275541
1 0.816736 0.436516 0.30475 0.562618 0.00252378
1 0.248813 0.0728817 0.376268 0.139497 0.0024639
1 0.780022 0.629952 0.354696 0.338938 0.00206185
1 0.140371 0.620758 0.220521 0.415683 0.00201988
1 0.816097 0.70135 0.294641 0.217175 0.00168408
1 0.717058 0.309163 0.431075 0.541967 0.00164231
1 0.728336 0.107687 0.361976 0.188971 0.00154628
1 0.838915 0.787413 0.268381 0.148903 0.00130199
1 0.777467 0.904793 0.400771 0.183693 0.00114118
1 0.474771 0.106958 0.803038 0.195149 0.00113706
1 0.770552 0.749173 0.402816 0.225498 0.0010615
1 0.20244 0.62116 0.286256 0.293968 0.00100302
