1 0.532606 0.457698 0.930594 0.873503 0.438221
1 0.768096 0.747828 0.463808 0.504344 0.193988
1 0.204349 0.501233 0.398493 0.816166 0.191038
1 0.200478 0.486821 0.299986 0.514178 0.0458572
1 0.177528 0.816468 0.329478 0.367063 0.022656
1 0.750008 0.868948 0.499983 0.262104 0.0202326
1 0.732473 0.546414 0.516335 0.850458 0.0160131
1 0.719902 0.172855 0.537146 0.316009 0.011023
1 0.1485 0.651223 0.287608 0.677948 0.00953616
1 0.67663 0.647128 0.354643 0.530093 0.00848286
1 0.302815 0.376896 0.437321 0.707181 0.00571543
1 0.667042 0.342168 0.615498 0.670835 0.0044846
1 0.698244 0.487277 0.338334 0.543328 0.0031171
1 0.702065 0.926632 0.564824 0.146736 0.00294578
1 0.490104 0.762316 0.907689 0.465466 0.00293627
1 0.849669 0.823376 0.300004 0.345119 0.00284522
1 0.437757 0.869412 0.866251 0.260504 0.00203309
1 0.221378 0.908397 0.34106 0.178851 0.00198642
1 0.0885282 0.712503 0.171367 0.562714 0.00182294
1 0.719675 0.0902535 0.488601 0.168715 0.00151657
1 0.0524205 0.637063 0.0967717 0.462578 0.00139293
1 0.109095 0.898894 0.177899 0.196556 0.00135053
1 0.274629 0.23527 0.259365 0.304895 0.00131723
1 0.0765164 0.831783 0.139785 0.321994 0.00108787
1 0.46951 0.933482 0.827808 0.131489 0.00108686
