1 0.616878 0.545943 0.749578 0.752562 0.114981
1 0.7987 0.622077 0.397637 0.732101 0.0532308
1 0.835816 0.593124 0.291164 0.440712 0.026812
1 0.481283 0.496589 0.393817 0.709002 0.0181005
1 0.364531 0.460697 0.411052 0.87054 0.0158704
1 0.331287 0.679993 0.360039 0.448303 0.00686563
1 0.260727 0.530295 0.329216 0.688301 0.00509309
1 0.275782 0.789819 0.284065 0.299482 0.00509125
1 0.847636 0.785511 0.302831 0.428416 0.00489789
1 0.410916 0.671629 0.229071 0.323837 0.00469128
1 0.23345 0.620889 0.221637 0.521781 0.00444332
1 0.377546 0.8224 0.506078 0.344654 0.00409335
1 0.238886 0.129428 0.422643 0.250301 0.00380606
1 0.379745 0.485337 0.262752 0.639049 0.00274857
1 0.223183 0.738642 0.158306 0.283861 0.00255237
1 0.680538 0.49281 0.394923 0.622285 0.00254413
1 0.810015 0.935103 0.362183 0.129794 0.00253396
1 0.786984 0.869965 0.415615 0.258379 0.00242764
1 0.581453 0.756221 0.792733 0.48162 0.00209768
1 0.367391 0.233886 0.216746 0.350313 0.00203032
1 0.298451 0.215884 0.405775 0.411751 0.00169247
1 0.749912 0.108804 0.476684 0.210417 0.0016105
1 0.206678 0.0658092 0.38729 0.129925 0.00158699
1 0.44367 0.169699 0.763637 0.333584 0.00154709
1 0.482492 0.701903 0.341465 0.404695 0.00131768
1 0.238071 0.870277 0.292426 0.240649 0.00128763
1 0.319641 0.931666 0.388882 0.110864 0.00120832
1 0.199583 0.814734 0.141667 0.219062 0.0010054
