1 0.53397 0.437142 0.829473 0.871891 0.570674
1 0.617375 0.380682 0.482045 0.745572 0.0847004
1 0.385789 0.396527 0.441021 0.776251 0.0699506
1 0.731064 0.466032 0.26698 0.512657 0.0680926
1 0.789199 0.369628 0.290487 0.684023 0.0136262
1 0.3105 0.593912 0.309541 0.375889 0.0105246
1 0.791649 0.600767 0.282569 0.517102 0.00541242
1 0.369774 0.662608 0.487732 0.564511 0.00395008
1 0.851072 0.83315 0.264254 0.332856 0.00356289
1 0.215581 0.380225 0.431162 0.740268 0.00304945
1 0.307305 0.765055 0.369958 0.431979 0.00280143
1 0.352069 0.0984479 0.237407 0.188915 0.00198731
1 0.700635 0.594453 0.394274 0.621957 0.00179242
1 0.32713 0.176085 0.3205 0.332263 0.00140827
