1 0.546606 0.512992 0.452781 0.736991 0.0219857
1 0.716896 0.478608 0.549733 0.945917 0.0156015
1 0.362101 0.503582 0.433923 0.779144 0.00854552
1 0.844576 0.0819425 0.310847 0.163885 0.00654922
1 0.419514 0.727034 0.466162 0.422735 0.00442716
1 0.307652 0.55008 0.250887 0.669783 0.00392363
1 0.677343 0.752459 0.43197 0.380511 0.00378728
1 0.764235 0.116167 0.47019 0.232335 0.00318607
1 0.806554 0.489861 0.243694 0.695276 0.002984
1 0.299932 0.692647 0.205235 0.402185 0.0026638
1 0.558293 0.768115 0.347282 0.370476 0.00217537
1 0.602434 0.175424 0.553988 0.324547 0.00168353
1 0.597746 0.687454 0.641246 0.534255 0.00134683
1 0.700028 0.479917 0.361675 0.658922 0.00131246
1 0.27887 0.0871219 0.512344 0.172682 0.00124374
1 0.669269 0.196298 0.295933 0.312798 0.00113189
1 0.879546 0.5 0.240909 1 0.00110244
