1 0.506063 0.474268 0.935023 0.810562 0.451153
1 0.284623 0.467676 0.525416 0.72235 0.151459
1 0.693776 0.43352 0.46749 0.756198 0.0889809
1 0.154454 0.447121 0.304713 0.704261 0.020068
1 0.354609 0.639718 0.503816 0.409334 0.0141265
1 0.250063 0.493796 0.27481 0.574072 0.0134718
1 0.726484 0.579447 0.360958 0.426843 0.00782598
1 0.288671 0.602508 0.286236 0.329908 0.00710376
1 0.445499 0.452951 0.480907 0.694712 0.00567316
1 0.789418 0.440881 0.361364 0.534749 0.00531855
1 0.586782 0.676858 0.703222 0.415188 0.00476866
1 0.302374 0.735868 0.428064 0.364883 0.00407819
1 0.727667 0.715652 0.434092 0.322341 0.00347879
1 0.72689 0.236606 0.381063 0.347186 0.00214545
1 0.690695 0.185984 0.28065 0.196484 0.00126406
1 0.319541 0.360654 0.327965 0.44159 0.00106414
1 0.807268 0.784786 0.345934 0.287565 0.0010629
