1 0.485006 0.374261 0.876882 0.748523 0.317294
1 0.693964 0.321148 0.394975 0.640861 0.131362
1 0.243059 0.364731 0.426091 0.723844 0.072936
1 0.558394 0.151368 0.480933 0.302735 0.0472479
1 0.698265 0.46368 0.296644 0.312228 0.0247883
1 0.292644 0.176036 0.286198 0.34365 0.01866
1 0.463847 0.219699 0.681568 0.439398 0.0163377
1 0.615238 0.102229 0.324007 0.202527 0.0120362
1 0.207898 0.611292 0.330823 0.271397 0.00748176
1 0.183956 0.249735 0.328252 0.486316 0.00521416
1 0.718442 0.515167 0.411123 0.468428 0.00515123
1 0.341805 0.0950397 0.299371 0.185875 0.0029917
1 0.711563 0.491048 0.211565 0.21116 0.00271926
1 0.820538 0.329317 0.32784 0.645059 0.00229203
1 0.265312 0.601671 0.485177 0.393444 0.00197835
1 0.149753 0.470392 0.263154 0.543464 0.00162643
1 0.734721 0.154909 0.45805 0.309819 0.00147535
1 0.605203 0.576818 0.506888 0.493366 0.00137173
