1 0.389728 0.291119 0.383111 0.516366 0.0828768
1 0.486633 0.388391 0.631972 0.751179 0.011838
1 0.830666 0.602603 0.249798 0.78816 0.0065951
1 0.375658 0.701761 0.547195 0.588262 0.00612434
1 0.681357 0.513236 0.526492 0.895009 0.00333937
1 0.880062 0.50944 0.122699 0.67493 0.00244484
1 0.829388 0.364044 0.277003 0.646263 0.00195169
1 0.290387 0.344352 0.355041 0.506971 0.00141684
1 0.899425 0.702954 0.133242 0.583892 0.0012812
1 0.564654 0.682846 0.681779 0.634308 0.00121869
1 0.894455 0.909476 0.116799 0.162836 0.00115839
