1 0.232577 0.645354 0.301436 0.35897 0.131167
1 0.324984 0.478881 0.528543 0.766923 0.026072
1 0.363398 0.687211 0.5741 0.456671 0.0253826
1 0.243024 0.496185 0.318867 0.618804 0.0085272
1 0.696489 0.510355 0.207463 0.618378 0.00668589
1 0.148057 0.649585 0.148039 0.430372 0.00485916
1 0.562702 0.479969 0.410121 0.731431 0.00426197
1 0.580665 0.710649 0.381317 0.459608 0.00401384
1 0.69554 0.672329 0.198603 0.382953 0.00249966
1 0.712341 0.103979 0.509086 0.200267 0.00195921
1 0.24737 0.770105 0.372284 0.455153 0.00185339
1 0.689303 0.542769 0.379697 0.770405 0.00102645
