1 0.587725 0.488669 0.454914 0.783557 0.144135
1 0.562999 0.747544 0.525958 0.369362 0.061423
1 0.49718 0.49893 0.835698 0.889177 0.0410112
1 0.68628 0.742232 0.262959 0.257145 0.0132251
1 0.289618 0.457059 0.371328 0.713487 0.00737408
1 0.283541 0.325103 0.201033 0.281518 0.00624296
1 0.190799 0.50997 0.292063 0.69877 0.00481848
1 0.660811 0.399264 0.334197 0.412451 0.00427916
1 0.739878 0.520389 0.396378 0.646902 0.00347822
1 0.747972 0.093386 0.421821 0.170513 0.00301769
1 0.712064 0.247795 0.502032 0.469355 0.00293282
1 0.890544 0.400682 0.159499 0.203424 0.00218099
1 0.749691 0.770222 0.307552 0.36706 0.00189792
1 0.612486 0.198995 0.384795 0.344679 0.00186682
1 0.85274 0.392822 0.25353 0.270212 0.00184647
1 0.23135 0.370164 0.210125 0.333607 0.00162543
1 0.333447 0.268716 0.341359 0.426371 0.00153947
1 0.835439 0.749692 0.216788 0.390388 0.00125144
1 0.440283 0.700477 0.40746 0.286314 0.00124159
1 0.530138 0.134476 0.577002 0.231549 0.0011591
1 0.887397 0.362676 0.20253 0.506228 0.00111167
1 0.851508 0.551812 0.259496 0.821465 0.00109619
