1 0.562025 0.454422 0.87595 0.872133 0.0979671
1 0.403263 0.491994 0.476352 0.709851 0.0209974
1 0.763964 0.576378 0.428187 0.751801 0.0118991
1 0.580492 0.815578 0.836261 0.368845 0.0113854
1 0.771366 0.813042 0.426968 0.362346 0.00643094
1 0.517836 0.102762 0.70678 0.200191 0.00608665
1 0.370639 0.102578 0.359124 0.19373 0.00569806
1 0.605637 0.913577 0.76373 0.172847 0.00541825
1 0.243072 0.556414 0.174063 0.391125 0.00507007
1 0.845549 0.861669 0.285846 0.271942 0.0046534
1 0.349192 0.442327 0.294925 0.541371 0.00454579
1 0.309372 0.663062 0.323688 0.297321 0.00412992
1 0.748155 0.933393 0.451271 0.132065 0.00374645
1 0.869515 0.530366 0.235068 0.632504 0.00372613
1 0.878309 0.766219 0.200505 0.426049 0.00327278
1 0.286567 0.56229 0.392896 0.556059 0.00277785
1 0.355182 0.266917 0.369765 0.485287 0.00253341
1 0.321969 0.75782 0.297454 0.245456 0.00187829
1 0.807087 0.694875 0.315224 0.393515 0.00187326
1 0.765332 0.111787 0.45995 0.208719 0.00177713
1 0.915978 0.618836 0.164698 0.493884 0.00169903
1 0.216349 0.462196 0.252518 0.598548 0.00156849
1 0.388737 0.724852 0.626704 0.450196 0.00130353
1 0.365869 0.307857 0.237385 0.279632 0.00114783
1 0.213955 0.638129 0.270226 0.395286 0.0011099
