1 0.575151 0.518529 0.832479 0.809572 0.152088
1 0.353249 0.427471 0.30021 0.540143 0.0655746
1 0.791506 0.494144 0.395094 0.647233 0.0557556
1 0.412358 0.667817 0.400888 0.439675 0.0245572
1 0.847171 0.717566 0.286954 0.433328 0.0212901
1 0.803713 0.809646 0.384045 0.271705 0.0140027
1 0.362134 0.578457 0.280003 0.290955 0.0124747
1 0.701636 0.75301 0.596728 0.37156 0.0111749
1 0.882759 0.881048 0.206724 0.139326 0.00727969
1 0.423879 0.803714 0.466707 0.265271 0.00698027
1 0.336519 0.477571 0.43907 0.788835 0.00559758
1 0.788509 0.329228 0.301629 0.32191 0.00502306
1 0.811534 0.900315 0.326791 0.100838 0.00252465
1 0.879459 0.56531 0.237446 0.614991 0.00220264
1 0.594417 0.409163 0.580127 0.580246 0.00217826
1 0.326009 0.598657 0.332389 0.500263 0.00126482
1 0.359877 0.237165 0.336799 0.338122 0.00117409
1 0.765381 0.271875 0.21823 0.210215 0.00103046
