1 0.273449 0.407951 0.343455 0.520288 0.185515
1 0.480396 0.447035 0.89037 0.748037 0.116785
1 0.285575 0.616236 0.366809 0.36032 0.0523592
1 0.313335 0.71822 0.510401 0.54847 0.0208798
1 0.518326 0.746621 0.747049 0.506757 0.0108256
1 0.184639 0.345627 0.369278 0.610774 0.00942707
1 0.250193 0.473958 0.500386 0.834636 0.00497663
1 0.715437 0.444001 0.319833 0.515401 0.00327647
1 0.766873 0.490125 0.465743 0.759608 0.00275023
1 0.246464 0.260159 0.359487 0.389949 0.0021481
1 0.88649 0.79806 0.171911 0.322732 0.00199421
1 0.764029 0.108682 0.448489 0.201344 0.0019153
1 0.581203 0.338304 0.550902 0.593414 0.00187543
1 0.565904 0.857557 0.719583 0.280079 0.00169518
1 0.672301 0.230772 0.218494 0.328341 0.00162733
1 0.195229 0.54791 0.340956 0.41162 0.00141949
1 0.725556 0.210798 0.407618 0.287783 0.00122424
1 0.355116 0.845388 0.6269 0.306954 0.00120886
1 0.223764 0.786521 0.423481 0.386711 0.00102157
