1 0.471343 0.496716 0.870815 0.905981 0.119308
1 0.14312 0.757538 0.27017 0.299016 0.0800737
1 0.221987 0.811661 0.424879 0.357901 0.0418856
1 0.245201 0.489813 0.43623 0.889578 0.029049
1 0.120612 0.644447 0.230124 0.383353 0.0247047
1 0.160372 0.541579 0.314584 0.670779 0.0210601
1 0.400588 0.76525 0.790349 0.418988 0.019764
1 0.661381 0.512717 0.387105 0.627473 0.0182052
1 0.703088 0.725714 0.324124 0.36184 0.0173728
1 0.215649 0.911547 0.422512 0.141396 0.0106588
1 0.747683 0.656228 0.182553 0.297597 0.0101498
1 0.641399 0.7502 0.574885 0.444231 0.0098977
1 0.178459 0.325794 0.249613 0.468626 0.00538316
1 0.749296 0.617788 0.371857 0.648868 0.00537959
1 0.493889 0.622884 0.709986 0.510291 0.00481987
1 0.745476 0.865942 0.452428 0.244908 0.00426757
1 0.117692 0.83661 0.230654 0.308289 0.00400823
1 0.0867272 0.535675 0.166525 0.611844 0.003883
1 0.803853 0.77869 0.290936 0.347683 0.00254588
1 0.453269 0.920261 0.849159 0.134771 0.00239117
1 0.192668 0.689224 0.385337 0.546548 0.00205586
1 0.561558 0.271684 0.188246 0.199071 0.001367
1 0.24225 0.248658 0.333 0.423165 0.0013324
1 0.844709 0.516667 0.240098 0.869429 0.00101468
1 0.655902 0.299833 0.382953 0.441359 0.0010096
