1 0.561977 0.470125 0.852069 0.895758 0.144529
1 0.399572 0.466462 0.425532 0.829989 0.0848287
1 0.338004 0.67635 0.284827 0.298266 0.0699006
1 0.766266 0.553472 0.432642 0.738207 0.0675049
1 0.268598 0.187396 0.4518 0.341441 0.0600781
1 0.83282 0.64168 0.278399 0.421204 0.0411565
1 0.350163 0.717587 0.485337 0.456765 0.032798
1 0.36926 0.607084 0.329462 0.502486 0.0230063
1 0.572793 0.690898 0.785705 0.575707 0.0192904
1 0.25376 0.425343 0.477 0.840342 0.0182422
1 0.282183 0.100501 0.37996 0.180731 0.00862983
1 0.285271 0.857479 0.448776 0.275449 0.00485818
1 0.248323 0.61944 0.342201 0.486867 0.00297865
1 0.868205 0.759037 0.256719 0.466967 0.00274836
1 0.364371 0.0725552 0.321404 0.141608 0.00241987
1 0.411557 0.145995 0.458848 0.275634 0.00223442
1 0.612922 0.851584 0.75543 0.296831 0.00222628
1 0.870638 0.496143 0.248034 0.6128 0.00180402
1 0.787534 0.2888 0.410007 0.458273 0.00126946
1 0.293945 0.932362 0.44291 0.123362 0.00104932
1 0.82438 0.858674 0.3383 0.27113 0.0010488
1 0.863675 0.932315 0.248595 0.132764 0.00104047
