1 0.445299 0.36688 0.653192 0.700641 0.0992759
1 0.333147 0.295167 0.399854 0.505615 0.0398406
1 0.658557 0.376733 0.542333 0.715225 0.0392427
1 0.267142 0.343493 0.259066 0.334224 0.0354614
1 0.831582 0.376484 0.303296 0.638841 0.00677934
1 0.51688 0.491028 0.954325 0.965003 0.00545779
1 0.358445 0.676327 0.586925 0.643891 0.00426281
1 0.22357 0.355603 0.427681 0.600299 0.00424446
1 0.824186 0.471315 0.21302 0.43461 0.00321532
1 0.309761 0.442529 0.367063 0.440253 0.00205391
1 0.368434 0.139735 0.496854 0.271057 0.00202928
1 0.712666 0.453385 0.352521 0.517767 0.00141233
1 0.604643 0.215771 0.709076 0.41916 0.00124402
