1 0.612512 0.453347 0.76869 0.805594 0.0937816
1 0.45021 0.509445 0.509221 0.671903 0.0762038
1 0.841179 0.668409 0.314814 0.557951 0.0478048
1 0.735864 0.602947 0.514011 0.657425 0.0417139
1 0.358769 0.51149 0.30349 0.560245 0.0311242
1 0.378604 0.662828 0.375805 0.419415 0.0233784
1 0.319033 0.600184 0.222914 0.372148 0.019346
1 0.798794 0.799704 0.400005 0.299617 0.0161407
1 0.90683 0.765707 0.18634 0.368494 0.00637483
1 0.880399 0.521283 0.211917 0.371032 0.00635787
1 0.883194 0.861071 0.213154 0.194402 0.00427186
1 0.269674 0.702439 0.29081 0.428719 0.00408838
1 0.828335 0.450963 0.282736 0.420977 0.00367905
1 0.433253 0.412288 0.26093 0.427043 0.00310479
1 0.643477 0.758434 0.713046 0.333246 0.00269024
1 0.221107 0.582495 0.311753 0.641228 0.00224871
1 0.806297 0.895869 0.359375 0.122865 0.00165273
1 0.799823 0.362604 0.38831 0.648987 0.00124979
1 0.548358 0.660226 0.735579 0.502645 0.00123566
1 0.446264 0.333407 0.203659 0.248094 0.00122399
1 0.377486 0.797671 0.46363 0.293745 0.00106262
1 0.342727 0.359672 0.395056 0.641721 0.00101073
