1 0.532001 0.420663 0.897972 0.740898 0.137557
1 0.282929 0.443916 0.36203 0.515363 0.121168
1 0.520882 0.661274 0.836857 0.657049 0.0249233
1 0.377342 0.367418 0.505449 0.723988 0.0217276
1 0.601048 0.339914 0.555178 0.634101 0.0166395
1 0.755307 0.704594 0.382399 0.575821 0.0163484
1 0.678529 0.801379 0.574975 0.39438 0.0120662
1 0.310452 0.550868 0.569976 0.60045 0.00550967
1 0.201608 0.505976 0.249667 0.37813 0.00466632
1 0.838508 0.825525 0.272718 0.336042 0.00433051
1 0.733006 0.404597 0.350997 0.434267 0.00404646
1 0.783899 0.532163 0.237912 0.294472 0.00304105
1 0.603694 0.53478 0.635843 0.491561 0.00257642
1 0.762345 0.511844 0.470099 0.742268 0.00254017
1 0.649065 0.901579 0.649309 0.194614 0.00232111
1 0.805711 0.491692 0.286061 0.535622 0.00189571
1 0.149731 0.404487 0.263589 0.579155 0.00189397
1 0.489053 0.857044 0.879116 0.284106 0.00125276
1 0.839677 0.923887 0.288178 0.145792 0.00115926
1 0.901451 0.869881 0.189501 0.239604 0.00113024
