1 0.538734 0.447723 0.647067 0.725802 0.131382
1 0.50786 0.646658 0.641238 0.386204 0.0414435
1 0.361732 0.641621 0.256308 0.202675 0.0238295
1 0.418433 0.658631 0.394588 0.3073 0.0146776
1 0.41676 0.472453 0.396529 0.561792 0.0126728
1 0.318942 0.670493 0.367834 0.41203 0.00691137
1 0.351276 0.577055 0.292036 0.360932 0.00587679
1 0.643718 0.443923 0.363985 0.504799 0.00444013
1 0.705491 0.633316 0.307953 0.304115 0.00360275
1 0.785704 0.709571 0.392297 0.397814 0.00210984
1 0.758531 0.536803 0.417027 0.543637 0.00200999
1 0.683714 0.561821 0.266185 0.202157 0.00187077
1 0.350223 0.79077 0.391804 0.382141 0.00155972
1 0.640363 0.231828 0.176472 0.179986 0.0013859
1 0.302348 0.419889 0.363666 0.513287 0.00116871
1 0.364276 0.277346 0.296732 0.295573 0.00101993
1 0.5656 0.786342 0.8688 0.420786 0.00101767
