1 0.651296 0.533233 0.495607 0.409246 0.0255565
1 0.655801 0.343451 0.56397 0.645742 0.0214657
1 0.414126 0.348824 0.753428 0.613016 0.0159213
1 0.747916 0.101912 0.395557 0.188017 0.00582743
1 0.282545 0.490015 0.313864 0.271547 0.00577053
1 0.507051 0.51368 0.430556 0.336039 0.00542989
1 0.684216 0.525613 0.363844 0.253198 0.00376694
1 0.240752 0.337274 0.383389 0.572997 0.00361433
1 0.64298 0.817169 0.642553 0.365663 0.00231227
1 0.353243 0.497167 0.513365 0.362642 0.00220514
1 0.300383 0.798091 0.483734 0.390086 0.00139387
1 0.700601 0.651014 0.45636 0.424764 0.0013183
1 0.503863 0.568959 0.882939 0.455397 0.00121771
1 0.650019 0.1733 0.385397 0.336427 0.00121364
