1 0.490444 0.460945 0.973054 0.918238 0.117297
1 0.447909 0.673525 0.738804 0.510974 0.0813639
1 0.257043 0.636565 0.364671 0.405359 0.0655058
1 0.278025 0.4643 0.485495 0.882952 0.0586534
1 0.175309 0.55279 0.259572 0.543508 0.0180017
1 0.544092 0.114575 0.80506 0.226735 0.0171867
1 0.336482 0.106966 0.389252 0.206255 0.0143136
1 0.307114 0.717075 0.363424 0.296919 0.00866903
1 0.719875 0.469613 0.451112 0.786927 0.00837925
1 0.32408 0.770794 0.527318 0.426015 0.00784929
1 0.653537 0.644641 0.588153 0.58821 0.00693306
1 0.827685 0.619651 0.300718 0.616155 0.00635236
1 0.516888 0.794765 0.788819 0.363269 0.00589898
1 0.337899 0.190443 0.456557 0.336673 0.00521321
1 0.657558 0.728053 0.424873 0.374699 0.00509473
1 0.623549 0.0867085 0.376648 0.16771 0.00508481
1 0.781308 0.730337 0.313591 0.363375 0.00390079
1 0.72924 0.867946 0.495267 0.236497 0.00359668
1 0.666165 0.0636824 0.255076 0.123104 0.00325109
1 0.240087 0.661934 0.480174 0.58795 0.00256377
1 0.845926 0.508743 0.208531 0.556515 0.00242189
1 0.193798 0.751199 0.326849 0.372301 0.00226818
1 0.842406 0.657922 0.22989 0.384738 0.00209744
1 0.719293 0.146516 0.515166 0.269175 0.00205665
1 0.126145 0.680812 0.196919 0.38708 0.00185974
1 0.448684 0.486603 0.413653 0.770878 0.00180163
1 0.735599 0.931469 0.45951 0.0980204 0.00156192
1 0.469059 0.0776479 0.58014 0.15289 0.00154784
1 0.911056 0.553601 0.168829 0.779146 0.00121762
1 0.0896073 0.570655 0.169233 0.66063 0.00111383
1 0.746969 0.0762484 0.458029 0.145269 0.00111125
1 0.399692 0.758373 0.231245 0.240944 0.00105599
1 0.261827 0.404131 0.305455 0.677475 0.00103366
