1 0.481734 0.486449 0.955906 0.934213 0.263738
1 0.143847 0.685761 0.198423 0.275491 0.0714912
1 0.208779 0.722279 0.36734 0.442042 0.0694328
1 0.322483 0.495681 0.510763 0.812097 0.0441764
1 0.15756 0.563713 0.261317 0.55322 0.042043
1 0.373618 0.70756 0.705812 0.498585 0.0322468
1 0.804941 0.616832 0.234441 0.596517 0.0267701
1 0.66124 0.557594 0.52606 0.743808 0.0224612
1 0.811513 0.780041 0.182733 0.263953 0.0221376
1 0.805478 0.843865 0.346569 0.280155 0.0152026
1 0.735262 0.710986 0.414345 0.542104 0.0109915
1 0.72968 0.80018 0.349276 0.302684 0.0104237
1 0.580847 0.806096 0.66642 0.379937 0.00814547
1 0.230228 0.503973 0.291876 0.630103 0.00399997
1 0.793438 0.92385 0.359106 0.0909139 0.00374422
1 0.794337 0.475453 0.384263 0.783101 0.00217985
1 0.212456 0.925765 0.398473 0.118969 0.0021448
1 0.096234 0.495469 0.183571 0.707311 0.00182141
1 0.87157 0.768933 0.230128 0.336881 0.00170122
1 0.139685 0.80575 0.252625 0.360841 0.00105968
1 0.835473 0.910671 0.249779 0.169607 0.00103286
1 0.879673 0.609793 0.231787 0.674025 0.00102926
1 0.673487 0.926825 0.57302 0.12424 0.00101386
