1 0.262201 0.515727 0.524402 0.892367 0.203075
1 0.491637 0.497544 0.874843 0.943014 0.0528229
1 0.281725 0.552196 0.285346 0.550194 0.0359761
1 0.298953 0.716947 0.328791 0.426258 0.0246602
1 0.171055 0.517936 0.320521 0.656105 0.0188272
1 0.792111 0.558639 0.359785 0.832631 0.0133448
1 0.80956 0.462975 0.263806 0.47446 0.0110298
1 0.311373 0.832412 0.519116 0.335177 0.0057964
1 0.36727 0.540588 0.311343 0.738705 0.00554772
1 0.231386 0.652602 0.282236 0.436737 0.00309334
1 0.85714 0.701071 0.280203 0.596237 0.00255434
1 0.0881104 0.497494 0.173571 0.651673 0.00216517
1 0.929593 0.90167 0.133189 0.186421 0.00176609
1 0.296408 0.929884 0.483252 0.114355 0.00169386
1 0.878313 0.859574 0.243173 0.280485 0.00157068
1 0.476549 0.539758 0.458044 0.84798 0.00134856
1 0.77021 0.830142 0.42746 0.33403 0.00126197
1 0.0537832 0.442036 0.103107 0.440826 0.00125625
1 0.824405 0.934437 0.320286 0.100944 0.00124499
