1 0.234623 0.407748 0.347131 0.567834 0.0998741
1 0.213219 0.497908 0.245773 0.325793 0.0568189
1 0.351913 0.393028 0.59549 0.686969 0.044023
1 0.245978 0.559214 0.36265 0.380661 0.0202109
1 0.619181 0.423256 0.481927 0.691286 0.0159891
1 0.160294 0.494419 0.28401 0.45554 0.010311
1 0.721132 0.486537 0.224765 0.620479 0.00480411
1 0.610594 0.162295 0.185432 0.163812 0.00295437
1 0.619224 0.345224 0.242804 0.570651 0.00272265
1 0.228355 0.647947 0.435996 0.645965 0.0025758
1 0.700814 0.575799 0.157069 0.262955 0.00254904
1 0.271381 0.261469 0.247361 0.311467 0.0022497
1 0.829527 0.501118 0.333915 0.726927 0.00219024
1 0.251362 0.189803 0.262392 0.169587 0.00195032
1 0.599151 0.597619 0.345272 0.313823 0.00193956
1 0.428288 0.614846 0.584181 0.389085 0.00163354
1 0.955497 0.304086 0.0890051 0.405062 0.00132941
1 0.170707 0.303151 0.319303 0.572232 0.00117615
1 0.609174 0.118736 0.223951 0.157942 0.00105433
1 0.928744 0.288317 0.142513 0.517878 0.00101911
