1 0.517576 0.433649 0.920306 0.818375 0.173339
1 0.170975 0.501925 0.250859 0.498228 0.120776
1 0.233438 0.405917 0.396378 0.711825 0.0807929
1 0.662131 0.650521 0.550509 0.446343 0.0419572
1 0.704014 0.424963 0.505959 0.737668 0.0269155
1 0.332301 0.572418 0.624606 0.555608 0.0255787
1 0.84136 0.525186 0.238172 0.51431 0.0202348
1 0.771503 0.609788 0.312875 0.372453 0.0128836
1 0.816632 0.619054 0.200961 0.276331 0.0113051
1 0.561072 0.642447 0.844683 0.582855 0.0112192
1 0.297207 0.227778 0.42241 0.401334 0.00540365
1 0.796681 0.58332 0.400151 0.633821 0.00506863
1 0.154643 0.442867 0.309286 0.865342 0.00359414
1 0.515486 0.110843 0.876969 0.220286 0.00322829
1 0.458762 0.397797 0.452832 0.771992 0.00294152
1 0.114801 0.428818 0.216747 0.705788 0.0027875
1 0.237421 0.6702 0.424024 0.53013 0.00257936
1 0.340446 0.107215 0.395923 0.196532 0.00239995
1 0.877862 0.687219 0.196949 0.418002 0.00239538
1 0.691472 0.133321 0.408377 0.212575 0.00209469
1 0.741472 0.22375 0.406323 0.336141 0.00198989
1 0.888698 0.464513 0.212542 0.784933 0.00194936
1 0.780281 0.845488 0.417099 0.279579 0.00103761
1 0.621129 0.270647 0.660164 0.54038 0.00100766
