1 0.649153 0.453282 0.510975 0.862788 0.00808332
1 0.672628 0.706566 0.331458 0.388124 0.00341732
1 0.438179 0.595571 0.573859 0.671309 0.00195564
1 0.593452 0.644793 0.306824 0.456412 0.00181042
1 0.742425 0.609516 0.433768 0.681913 0.00175819
1 0.667141 0.805202 0.286588 0.31865 0.00172694
1 0.731842 0.884063 0.489269 0.222179 0.00169895
1 0.096033 0.389778 0.146139 0.180992 0.00153367
1 0.100768 0.276345 0.16896 0.425353 0.00138811
1 0.159033 0.31492 0.297669 0.532685 0.00113333
1 0.760916 0.934461 0.409984 0.0967922 0.00109186
1 0.24213 0.606784 0.244304 0.556653 0.00100418
