1 0.482097 0.518 0.87159 0.93828 0.145368
1 0.157263 0.66994 0.276186 0.590864 0.133123
1 0.690314 0.555019 0.432201 0.755469 0.0895386
1 0.259031 0.510041 0.504826 0.904954 0.0714743
1 0.261272 0.734875 0.455634 0.48429 0.0256272
1 0.187 0.817018 0.30612 0.347014 0.0163036
1 0.680081 0.433875 0.289326 0.573343 0.0145115
1 0.551916 0.661155 0.616748 0.63349 0.010768
1 0.355958 0.835981 0.660818 0.315271 0.00788707
1 0.0869869 0.629649 0.164999 0.719234 0.00728587
1 0.170857 0.439483 0.302322 0.74169 0.00568527
1 0.708016 0.641259 0.301054 0.498619 0.00482454
1 0.584061 0.433427 0.505273 0.764585 0.00402266
1 0.784662 0.496291 0.237063 0.610516 0.00365981
1 0.191889 0.929671 0.287557 0.122531 0.0034542
1 0.72974 0.843971 0.459058 0.28441 0.00256858
1 0.806329 0.883117 0.34805 0.196931 0.00189196
1 0.82524 0.934387 0.301404 0.105649 0.00185358
1 0.0492675 0.588077 0.0919367 0.685184 0.00182262
1 0.207188 0.0883908 0.384918 0.141283 0.00160562
1 0.809973 0.782244 0.293739 0.327548 0.00150817
1 0.120612 0.575814 0.241224 0.848372 0.00126187
1 0.853423 0.47439 0.226747 0.904876 0.00124389
1 0.229252 0.141446 0.29847 0.162134 0.0012162
1 0.336039 0.110087 0.523018 0.164233 0.00114371
1 0.694391 0.928966 0.418942 0.121926 0.00104001
