1 0.334989 0.485001 0.668513 0.615417 0.0250596
1 0.169896 0.483492 0.339791 0.559853 0.0138951
1 0.147552 0.630045 0.265071 0.230773 0.0131391
1 0.567456 0.613169 0.240066 0.274706 0.00560558
1 0.489718 0.490365 0.361267 0.484819 0.00425291
1 0.0995113 0.508684 0.189693 0.498096 0.00374429
1 0.435598 0.706393 0.51873 0.491605 0.00344242
1 0.160045 0.325051 0.302316 0.423617 0.00276917
1 0.176668 0.699619 0.342006 0.381545 0.0027496
1 0.547476 0.753007 0.304576 0.406811 0.00165939
1 0.209512 0.20469 0.399748 0.251233 0.00157579
1 0.380878 0.819739 0.640206 0.306849 0.00113712
