1 0.55892 0.572404 0.668868 0.653063 0.26268
1 0.314749 0.539816 0.314112 0.621854 0.209125
1 0.724865 0.571459 0.276392 0.56549 0.176082
1 0.294479 0.692915 0.286242 0.347708 0.0448957
1 0.811913 0.602638 0.27742 0.581137 0.0223672
1 0.77553 0.700523 0.171001 0.269624 0.0161081
1 0.244184 0.6071 0.25934 0.512754 0.0146234
1 0.341546 0.325014 0.191693 0.179397 0.00329304
1 0.679975 0.712727 0.384331 0.353726 0.00321428
1 0.328363 0.742078 0.445437 0.514137 0.00193855
1 0.168199 0.619989 0.258443 0.592395 0.00120019
1 0.331359 0.26511 0.253112 0.221303 0.00111434
1 0.75575 0.728975 0.356697 0.539339 0.00103429
