1 0.156556 0.469026 0.239687 0.412442 0.0616673
1 0.598061 0.435121 0.756592 0.75863 0.0356525
1 0.692736 0.414696 0.410475 0.687831 0.0202538
1 0.205735 0.461001 0.398893 0.533619 0.00811695
1 0.80853 0.469387 0.266247 0.455867 0.00642935
1 0.361877 0.458028 0.567612 0.777774 0.00451609
1 0.745471 0.55165 0.302549 0.359045 0.00412361
1 0.805163 0.568788 0.211183 0.276488 0.00278123
1 0.706828 0.655829 0.471833 0.415167 0.00247179
1 0.819982 0.405011 0.326182 0.774824 0.00213312
1 0.217894 0.579232 0.342701 0.333883 0.0014796
1 0.855337 0.553129 0.209736 0.406205 0.00108009
1 0.147668 0.326516 0.276871 0.609993 0.00105267
