1 0.480049 0.437949 0.955212 0.872331 0.195881
1 0.436666 0.126055 0.555313 0.251749 0.033264
1 0.597205 0.103847 0.326551 0.205339 0.0210454
1 0.333295 0.109307 0.288409 0.21699 0.0210232
1 0.267551 0.406862 0.499585 0.800026 0.0158269
1 0.711111 0.405635 0.478451 0.796108 0.0136495
1 0.226273 0.557919 0.406145 0.370696 0.0102977
1 0.479151 0.232074 0.651217 0.4638 0.00981898
1 0.532703 0.607831 0.660502 0.520879 0.00745697
1 0.737858 0.60238 0.198158 0.286252 0.00520184
1 0.244995 0.204949 0.407449 0.409533 0.00447084
1 0.369777 0.565752 0.546428 0.442657 0.0038873
1 0.770968 0.548944 0.257083 0.435213 0.00338293
1 0.685835 0.596192 0.382285 0.385198 0.00227756
1 0.130905 0.421296 0.244319 0.742754 0.0022159
1 0.689694 0.136554 0.488222 0.262936 0.00184393
1 0.275235 0.534636 0.244679 0.262971 0.00108842
