1 0.370425 0.806095 0.592751 0.35561 0.0322388
1 0.564809 0.489792 0.456152 0.852651 0.0266037
1 0.416586 0.128287 0.583186 0.255657 0.0222919
1 0.304104 0.825709 0.37366 0.269633 0.0222705
1 0.565622 0.127916 0.301577 0.221688 0.0120249
1 0.342513 0.471056 0.465213 0.858381 0.00841345
1 0.227088 0.487077 0.287354 0.799573 0.00821829
1 0.354847 0.702504 0.413693 0.453153 0.00805263
1 0.613979 0.213504 0.270192 0.406577 0.00582468
1 0.547825 0.471929 0.842052 0.93608 0.00578854
1 0.668821 0.106478 0.457944 0.201064 0.00487541
1 0.440332 0.768492 0.290857 0.314957 0.00455333
1 0.254355 0.766346 0.238561 0.269738 0.0044232
1 0.576639 0.781723 0.42333 0.371786 0.00397005
1 0.265141 0.911292 0.413512 0.177417 0.00359698
1 0.277438 0.0868233 0.514911 0.169805 0.0034156
1 0.444147 0.691181 0.713796 0.574732 0.00298321
1 0.761252 0.492977 0.456396 0.923257 0.00253419
1 0.213019 0.683763 0.240529 0.483349 0.00242279
1 0.745615 0.0647625 0.451336 0.129525 0.00232595
1 0.554011 0.671222 0.330351 0.490799 0.00228343
1 0.486687 0.21886 0.491361 0.430672 0.00223612
1 0.76172 0.607523 0.233281 0.618451 0.00111681
1 0.657954 0.649535 0.394954 0.583394 0.00105178
