1 0.556857 0.373887 0.869548 0.742262 0.185223
1 0.320205 0.499602 0.305315 0.364643 0.142609
1 0.35753 0.394444 0.393211 0.573828 0.127851
1 0.648469 0.533223 0.677779 0.52968 0.0480267
1 0.419645 0.524576 0.569629 0.44258 0.0406576
1 0.817046 0.466751 0.245789 0.385827 0.0282628
1 0.799258 0.476097 0.382526 0.507355 0.0179198
1 0.70095 0.501776 0.428702 0.367338 0.0145441
1 0.238745 0.514099 0.463088 0.549998 0.00565442
1 0.243383 0.416274 0.314605 0.529254 0.00527734
1 0.370255 0.226937 0.468949 0.439811 0.00474792
1 0.341635 0.0726001 0.391419 0.144791 0.00458911
1 0.534636 0.0728356 0.663822 0.143918 0.00385377
1 0.710647 0.460174 0.578706 0.916571 0.00238532
1 0.623686 0.15514 0.695825 0.292065 0.00197039
1 0.730766 0.357389 0.367925 0.599249 0.00126881
1 0.758564 0.103706 0.465989 0.187404 0.00115693
