1 0.596973 0.648747 0.580442 0.4157 0.112523
1 0.714736 0.650423 0.368094 0.333993 0.0604764
1 0.319218 0.60498 0.301721 0.28612 0.0486169
1 0.563615 0.482175 0.864647 0.788909 0.0375709
1 0.358163 0.447115 0.427865 0.675479 0.0251714
1 0.395427 0.559986 0.306545 0.456798 0.0225338
1 0.346094 0.639965 0.475095 0.379295 0.0129355
1 0.474639 0.555606 0.543136 0.592007 0.0110209
1 0.755827 0.491279 0.38727 0.641783 0.0100827
1 0.826375 0.553396 0.25547 0.499796 0.00906742
1 0.801594 0.678616 0.285118 0.297332 0.00796714
1 0.241506 0.566965 0.288612 0.376372 0.00522553
1 0.231761 0.460541 0.345495 0.63143 0.0039848
1 0.369813 0.267063 0.216218 0.206359 0.00227365
1 0.762945 0.105115 0.452781 0.198298 0.00221343
1 0.332368 0.0761833 0.522447 0.152367 0.00164952
1 0.780512 0.224852 0.426532 0.405603 0.00159851
1 0.59809 0.0753227 0.70524 0.150168 0.00158205
1 0.896573 0.516446 0.19985 0.628404 0.00107787
1 0.741941 0.846375 0.49171 0.277319 0.00103542
1 0.549585 0.356038 0.563193 0.675583 0.00101583
