1 0.323735 0.373246 0.421367 0.338987 0.0365724
1 0.445454 0.384477 0.789628 0.446447 0.00772666
1 0.276266 0.396008 0.272708 0.217032 0.00686368
1 0.362925 0.735003 0.654393 0.529994 0.00234993
1 0.348605 0.22538 0.502293 0.3855 0.00215843
1 0.669497 0.834861 0.524149 0.327575 0.00210735
1 0.603061 0.349074 0.447131 0.399069 0.00194748
1 0.73959 0.697515 0.378975 0.589436 0.00174828
1 0.657548 0.944874 0.441228 0.110163 0.00158319
1 0.715425 0.89981 0.420927 0.199867 0.00153089
1 0.251472 0.156871 0.487606 0.217393 0.0013317
1 0.704973 0.57566 0.253499 0.218216 0.00124981
1 0.676252 0.140423 0.361322 0.16752 0.00123855
1 0.77853 0.947229 0.315556 0.104534 0.0011418
