1 0.58685 0.427548 0.826299 0.835988 0.141651
1 0.684416 0.298489 0.504241 0.580896 0.051141
1 0.408025 0.3896 0.387952 0.683331 0.0505527
1 0.565699 0.716059 0.841595 0.563948 0.0376296
1 0.393272 0.694676 0.435023 0.547303 0.0119656
1 0.797179 0.313498 0.274249 0.452361 0.0117878
1 0.71247 0.801139 0.561139 0.397721 0.00956138
1 0.766659 0.398866 0.278702 0.23204 0.00840098
1 0.746543 0.120063 0.43727 0.236056 0.00776204
1 0.355137 0.57871 0.292517 0.293455 0.00725409
1 0.782684 0.0673752 0.389435 0.134175 0.00617276
1 0.74074 0.429401 0.403723 0.453118 0.00583325
1 0.420056 0.816543 0.582273 0.360905 0.00464486
1 0.320322 0.576928 0.319567 0.541827 0.00322746
1 0.755216 0.610172 0.430429 0.67577 0.00294814
1 0.322833 0.551606 0.520946 0.795372 0.0027382
1 0.82909 0.712337 0.318713 0.525651 0.00221535
1 0.435883 0.557772 0.458198 0.46736 0.00208077
1 0.583757 0.0899537 0.653216 0.174448 0.00132543
1 0.870487 0.29976 0.254627 0.567838 0.00115531
1 0.550143 0.907835 0.899714 0.184329 0.00115149
1 0.839463 0.169415 0.310463 0.317535 0.00113977
1 0.397872 0.105447 0.592578 0.197337 0.00106748
1 0.792112 0.409675 0.413397 0.769294 0.00101623
