1 0.559536 0.463131 0.877445 0.831915 0.0874946
1 0.58812 0.687413 0.788466 0.485502 0.0607063
1 0.69214 0.409128 0.528457 0.623248 0.0123516
1 0.361254 0.471795 0.594776 0.671633 0.0117769
1 0.335602 0.47638 0.307153 0.580356 0.00529399
1 0.354371 0.610895 0.390441 0.369843 0.00517677
1 0.733033 0.693359 0.472886 0.367653 0.00514463
1 0.271779 0.619425 0.25017 0.297414 0.00297328
1 0.828939 0.675634 0.27058 0.280452 0.00265896
1 0.283521 0.699519 0.332495 0.27208 0.00174043
1 0.794058 0.805498 0.402269 0.356942 0.00143167
1 0.183322 0.499576 0.311502 0.57718 0.00129537
1 0.766018 0.1182 0.453505 0.188372 0.00101953
