1 0.407541 0.525392 0.438205 0.606689 0.101343
1 0.607721 0.538331 0.488124 0.67193 0.0429651
1 0.269127 0.565081 0.193602 0.540075 0.0216304
1 0.831323 0.520664 0.21022 0.54903 0.0180433
1 0.748392 0.508287 0.324178 0.600523 0.0170095
1 0.572125 0.501261 0.845881 0.810735 0.0142797
1 0.298064 0.604758 0.362231 0.597204 0.00889723
1 0.839437 0.650646 0.159545 0.279285 0.00866461
1 0.382497 0.686334 0.433107 0.419338 0.00711308
1 0.687694 0.675863 0.466299 0.356841 0.00569728
1 0.534607 0.69757 0.338335 0.413251 0.0031961
1 0.202233 0.503169 0.291291 0.681321 0.0022973
1 0.511657 0.0895356 0.751037 0.175267 0.00183614
1 0.795168 0.111072 0.402852 0.2009 0.00181284
1 0.82844 0.481313 0.314505 0.830118 0.00155846
1 0.309327 0.0914683 0.51553 0.161907 0.00148411
1 0.86476 0.626442 0.191808 0.432475 0.00139569
1 0.137331 0.593012 0.227529 0.774768 0.00105694
