1 0.410196 0.370637 0.642249 0.724745 0.0971664
1 0.617741 0.384914 0.633365 0.652454 0.0237477
1 0.739176 0.532384 0.328921 0.338258 0.0178527
1 0.273269 0.483025 0.391618 0.377275 0.0142553
1 0.756824 0.433962 0.375623 0.609943 0.0123567
1 0.384067 0.561091 0.588577 0.440661 0.00999476
1 0.311864 0.111282 0.491447 0.214048 0.00974371
1 0.61445 0.559763 0.457025 0.360584 0.00875809
1 0.813277 0.50402 0.22542 0.309896 0.00827315
1 0.572205 0.108312 0.85559 0.215536 0.00787413
1 0.243488 0.47713 0.211263 0.207029 0.0078281
1 0.236534 0.370797 0.418298 0.659024 0.00670979
1 0.702495 0.0881009 0.51429 0.165643 0.00594234
1 0.371141 0.532219 0.276995 0.275086 0.0042243
1 0.57354 0.0662511 0.580672 0.131862 0.0041483
1 0.845738 0.375054 0.227567 0.559492 0.00299845
1 0.506383 0.550043 0.278459 0.324449 0.00256803
1 0.733056 0.624051 0.432088 0.429699 0.00246016
1 0.651013 0.228206 0.552772 0.454647 0.00203368
1 0.75933 0.142814 0.465042 0.23632 0.00190119
1 0.298517 0.239676 0.43588 0.426461 0.0017686
1 0.443816 0.545758 0.183773 0.268223 0.00164722
1 0.371766 0.16499 0.346104 0.281378 0.00133246
1 0.212924 0.556149 0.210717 0.236609 0.0012609
1 0.218331 0.567198 0.378019 0.359036 0.00122001
1 0.415932 0.0649503 0.342824 0.123894 0.00116645
