1 0.538168 0.453168 0.71602 0.77367 0.0645834
1 0.340676 0.403558 0.449755 0.75444 0.0255292
1 0.481837 0.216535 0.462815 0.402122 0.0143359
1 0.643839 0.422195 0.384671 0.697517 0.0119481
1 0.384198 0.284995 0.305201 0.491493 0.00715866
1 0.195035 0.387139 0.315714 0.733286 0.00624968
1 0.750026 0.462514 0.477334 0.887613 0.00402512
1 0.385836 0.20003 0.23538 0.284591 0.0029014
1 0.240132 0.533303 0.208327 0.434121 0.00277026
1 0.292751 0.608438 0.323027 0.339514 0.00235599
1 0.586157 0.848658 0.584384 0.273309 0.00191561
1 0.613421 0.266697 0.319636 0.42192 0.00190419
1 0.753948 0.484033 0.249151 0.615432 0.00172103
1 0.785813 0.623289 0.22532 0.437221 0.00167216
1 0.284629 0.558767 0.410282 0.566222 0.00162783
1 0.782796 0.74012 0.208131 0.269245 0.00127432
1 0.574608 0.679938 0.581238 0.373812 0.00121618
1 0.776601 0.848399 0.265338 0.267173 0.00109446
