1 0.543631 0.388387 0.877501 0.774307 0.205247
1 0.72631 0.377467 0.386596 0.701901 0.177951
1 0.315592 0.329373 0.370968 0.607859 0.0533302
1 0.744616 0.50877 0.311442 0.41382 0.021157
1 0.630324 0.582944 0.541393 0.462433 0.00939226
1 0.358406 0.188576 0.305871 0.331117 0.00759246
1 0.5155 0.0892094 0.637025 0.177081 0.0073182
1 0.826646 0.452742 0.309499 0.600868 0.0053652
1 0.695722 0.0613102 0.577628 0.12123 0.00526861
1 0.28362 0.520236 0.310102 0.327945 0.00501995
1 0.408048 0.0886244 0.347896 0.156546 0.00448566
1 0.474894 0.214423 0.530776 0.418935 0.00444416
1 0.801055 0.584229 0.28562 0.305978 0.00296447
1 0.666242 0.11904 0.409178 0.204936 0.0025683
1 0.209959 0.413174 0.419919 0.805299 0.00197953
1 0.68997 0.225235 0.323708 0.355081 0.00191988
1 0.820008 0.0844265 0.357836 0.168853 0.0011473
1 0.328685 0.517968 0.464624 0.483766 0.00111279
