1 0.237156 0.770621 0.29913 0.338042 0.0407423
1 0.434928 0.479951 0.745095 0.927147 0.036686
1 0.20491 0.442286 0.341321 0.850597 0.0289307
1 0.357046 0.80786 0.580164 0.357656 0.0253586
1 0.220479 0.0985492 0.395843 0.175733 0.0208991
1 0.622788 0.464011 0.370225 0.824072 0.0119958
1 0.18702 0.692516 0.357099 0.541215 0.00994959
1 0.483348 0.716517 0.573879 0.413514 0.00936324
1 0.0984255 0.482824 0.137243 0.908721 0.00700341
1 0.319161 0.716059 0.450433 0.370749 0.00698481
1 0.542807 0.101208 0.57676 0.194682 0.00624768
1 0.272254 0.917741 0.416233 0.132725 0.00613746
1 0.301488 0.146662 0.473873 0.26472 0.00472898
1 0.639631 0.699835 0.308155 0.37526 0.00436599
1 0.136657 0.755374 0.158851 0.34778 0.00410694
1 0.701324 0.0890808 0.473991 0.166598 0.00340882
1 0.702799 0.626834 0.303246 0.558597 0.00290004
1 0.714485 0.762573 0.149929 0.211746 0.00275
1 0.316082 0.548211 0.450739 0.756895 0.00263579
1 0.702015 0.645165 0.180408 0.443739 0.00252506
1 0.227614 0.208201 0.397172 0.416402 0.00217698
1 0.39898 0.90182 0.706007 0.167121 0.00193437
1 0.78926 0.584034 0.361537 0.709887 0.00185504
1 0.134338 0.216577 0.234738 0.326598 0.00175818
1 0.650265 0.820469 0.416188 0.301804 0.00158723
1 0.417326 0.177864 0.420605 0.330531 0.00157397
1 0.157421 0.937404 0.282647 0.125192 0.0014428
1 0.115531 0.817347 0.1116 0.253941 0.00128114
