1 0.504269 0.498885 0.71632 0.677162 0.0571389
1 0.317522 0.670743 0.270722 0.277833 0.0105762
1 0.388355 0.532789 0.394241 0.597297 0.00907952
1 0.614636 0.685413 0.489162 0.346326 0.00643728
1 0.300581 0.552338 0.260477 0.499913 0.00438702
1 0.299531 0.48332 0.538625 0.829506 0.00310013
1 0.743581 0.677454 0.20944 0.268295 0.00293066
1 0.689881 0.527872 0.341012 0.60271 0.00222115
1 0.250967 0.644962 0.276762 0.367422 0.001664
1 0.593094 0.783633 0.556144 0.288918 0.00151149
1 0.796257 0.545774 0.315253 0.616888 0.00145016
1 0.348178 0.735946 0.427012 0.362007 0.00125979
1 0.195765 0.492664 0.348687 0.616924 0.00101424
