1 0.519921 0.37246 0.934769 0.734029 0.126403
1 0.313075 0.319669 0.519279 0.633717 0.079001
1 0.575755 0.517638 0.574057 0.412175 0.0267475
1 0.314636 0.453873 0.390134 0.30666 0.0216672
1 0.424015 0.20682 0.718617 0.413607 0.0145231
1 0.662415 0.359959 0.517832 0.638607 0.0122127
1 0.458209 0.492653 0.316296 0.328129 0.00907948
1 0.266168 0.110352 0.5132 0.21837 0.00902144
1 0.370096 0.0727026 0.543577 0.144605 0.00739308
1 0.526578 0.1062 0.836706 0.20824 0.00607481
1 0.667765 0.531315 0.385954 0.248101 0.00479462
1 0.231773 0.375916 0.347911 0.432663 0.00352299
1 0.65135 0.0619232 0.523752 0.123065 0.0029216
1 0.7703 0.569265 0.251458 0.231234 0.00229588
1 0.2118 0.225368 0.4236 0.441887 0.0021819
1 0.798994 0.365969 0.314963 0.566096 0.0018116
1 0.738566 0.476126 0.290919 0.286798 0.00121249
1 0.733259 0.481702 0.438915 0.431011 0.00106904
