1 0.458075 0.396912 0.555075 0.634713 0.0679164
1 0.395741 0.53664 0.40906 0.314019 0.0287326
1 0.35212 0.545175 0.261912 0.18037 0.0201106
1 0.310692 0.440212 0.355833 0.496101 0.00552205
1 0.491019 0.591165 0.618498 0.377813 0.00342488
1 0.696399 0.448924 0.342875 0.491692 0.00331273
1 0.714906 0.55228 0.293258 0.273865 0.0025997
1 0.675481 0.841015 0.587082 0.314187 0.00220027
1 0.716545 0.951858 0.409231 0.0962836 0.00190708
1 0.830092 0.924763 0.289783 0.149084 0.00167729
1 0.709011 0.704032 0.494972 0.550308 0.00133757
