1 0.653545 0.355145 0.600396 0.647371 0.0183712
1 0.386474 0.339137 0.638104 0.577668 0.014265
1 0.610066 0.511986 0.318378 0.338998 0.0117893
1 0.706343 0.529019 0.423231 0.426037 0.00735544
1 0.333839 0.446271 0.342803 0.27213 0.00699688
1 0.492794 0.477714 0.366254 0.312614 0.00485689
1 0.282544 0.356494 0.299356 0.428304 0.00358139
1 0.208458 0.30251 0.379836 0.572261 0.00344496
1 0.448681 0.463675 0.213071 0.263332 0.0033821
1 0.738464 0.816682 0.478637 0.362481 0.00189283
1 0.521386 0.104715 0.857068 0.205748 0.00179627
1 0.737883 0.0965794 0.483173 0.17549 0.00125171
