1 0.5266 0.423075 0.926689 0.83063 0.0943168
1 0.703803 0.39784 0.487949 0.749005 0.0222087
1 0.484434 0.129527 0.919442 0.258718 0.0211629
1 0.313881 0.405841 0.527799 0.699096 0.0179967
1 0.708746 0.592649 0.463381 0.440733 0.015473
1 0.268011 0.119024 0.500401 0.227633 0.00864677
1 0.216205 0.411862 0.292995 0.611959 0.00807367
1 0.295972 0.227969 0.54765 0.433069 0.00596883
1 0.731188 0.803833 0.491267 0.295634 0.00550998
1 0.578428 0.654584 0.802788 0.578166 0.0048314
1 0.472913 0.363982 0.50727 0.719985 0.00369483
1 0.306465 0.565966 0.474702 0.397192 0.00352833
1 0.636434 0.0820303 0.64787 0.163725 0.00313488
1 0.718067 0.133306 0.543076 0.239901 0.00264001
1 0.762002 0.876191 0.444717 0.21723 0.00226094
1 0.64545 0.198098 0.608847 0.393122 0.00185163
1 0.81039 0.581261 0.288269 0.378883 0.00180674
1 0.408265 0.0811055 0.627814 0.158564 0.00178306
1 0.198766 0.543553 0.23026 0.364829 0.00153215
1 0.483158 0.596865 0.515975 0.422113 0.00126324
1 0.364352 0.693481 0.682688 0.441998 0.00116629
1 0.730509 0.92025 0.480491 0.0954425 0.00103146
