1 0.603051 0.65454 0.782969 0.656638 0.248454
1 0.505817 0.577344 0.478355 0.538598 0.0163555
1 0.765816 0.535706 0.464324 0.541654 0.00868362
1 0.433437 0.655855 0.325713 0.382182 0.00681209
1 0.477447 0.746444 0.447046 0.358444 0.00502605
1 0.379504 0.606035 0.392872 0.649592 0.00402186
1 0.601957 0.843513 0.796087 0.31067 0.00296954
1 0.372343 0.804829 0.401573 0.345329 0.00198282
1 0.833949 0.817954 0.329941 0.364093 0.00120356
1 0.86966 0.0982842 0.247582 0.192658 0.001194
1 0.766508 0.924168 0.45905 0.151665 0.00109535
