1 0.673097 0.393404 0.400487 0.565969 0.112092
1 0.762205 0.552691 0.364633 0.713394 0.0608898
1 0.188414 0.487742 0.245198 0.432144 0.0509949
1 0.756644 0.46222 0.272774 0.429556 0.0484096
1 0.486305 0.473122 0.848357 0.672739 0.0362532
1 0.268559 0.508872 0.418756 0.584168 0.0219608
1 0.830485 0.712035 0.317997 0.56461 0.00740034
1 0.861046 0.824202 0.25368 0.348006 0.00598761
1 0.831346 0.408041 0.282594 0.56423 0.00500534
1 0.173747 0.590234 0.32889 0.678124 0.00388151
1 0.708142 0.790974 0.574677 0.414243 0.00332358
1 0.803982 0.932154 0.354053 0.134256 0.00269427
1 0.255673 0.782185 0.483998 0.435085 0.00261779
1 0.583497 0.865358 0.80248 0.269285 0.00187955
1 0.648802 0.259134 0.308383 0.355825 0.00157873
1 0.510073 0.742219 0.882796 0.511772 0.00154581
1 0.252351 0.585099 0.315813 0.380023 0.00154401
1 0.902065 0.880012 0.188274 0.224208 0.00134602
1 0.356218 0.85612 0.539563 0.285895 0.00132751
1 0.278637 0.936878 0.445997 0.124153 0.00118011
1 0.110385 0.51215 0.206041 0.541052 0.00117362
1 0.199014 0.863489 0.375848 0.267644 0.00113675
