1 0.518171 0.545407 0.91574 0.682518 0.250311
1 0.227997 0.466216 0.382838 0.460573 0.149809
1 0.626011 0.522383 0.570132 0.52439 0.0794888
1 0.185257 0.501368 0.252876 0.343222 0.0773208
1 0.725237 0.543459 0.261857 0.304205 0.0710902
1 0.249212 0.599083 0.412155 0.373535 0.0263895
1 0.508145 0.737494 0.981594 0.506674 0.0212835
1 0.783485 0.566074 0.32505 0.454966 0.0135239
1 0.690304 0.591624 0.441406 0.332091 0.0134562
1 0.371764 0.481006 0.568905 0.511822 0.0104726
1 0.714099 0.402098 0.488922 0.58138 0.00589738
1 0.709808 0.446064 0.308096 0.431032 0.00539951
1 0.721679 0.687727 0.440862 0.343768 0.00508461
1 0.120101 0.498585 0.22869 0.459261 0.00353859
1 0.253227 0.735468 0.461593 0.417137 0.00190183
1 0.537076 0.371129 0.747103 0.670101 0.00178792
1 0.241042 0.34805 0.455488 0.40016 0.0016464
1 0.780561 0.788836 0.389388 0.32756 0.00138226
1 0.714491 0.234511 0.484786 0.345145 0.00131149
