1 0.521126 0.452304 0.669915 0.745686 0.171309
1 0.38212 0.452892 0.349138 0.655625 0.0742086
1 0.288464 0.394075 0.325861 0.733226 0.0193843
1 0.309452 0.54684 0.224439 0.408006 0.0126947
1 0.651375 0.509865 0.357515 0.578824 0.0122294
1 0.724271 0.570232 0.249814 0.438216 0.00884335
1 0.564413 0.66821 0.534391 0.450504 0.00690762
1 0.716419 0.0592732 0.487789 0.118546 0.00519845
1 0.403831 0.630693 0.450768 0.453971 0.00437742
1 0.706155 0.647415 0.238191 0.247045 0.00381598
1 0.23256 0.529828 0.320927 0.549534 0.00248823
1 0.575502 0.0855565 0.461928 0.165422 0.00211094
1 0.72978 0.381146 0.315233 0.725348 0.00192427
