1 0.38753 0.364474 0.77506 0.728948 0.306925
1 0.507602 0.282223 0.496569 0.563482 0.123439
1 0.176609 0.390239 0.344753 0.780477 0.0569819
1 0.544158 0.190579 0.351463 0.37732 0.0130308
1 0.182341 0.19357 0.311577 0.387139 0.00987247
1 0.322729 0.20279 0.561624 0.405579 0.00936353
1 0.634155 0.371719 0.6134 0.738698 0.00452492
1 0.540342 0.102845 0.328282 0.198736 0.00301149
1 0.430645 0.132899 0.578812 0.265798 0.00203045
1 0.118562 0.285899 0.235781 0.565507 0.00184505
1 0.505467 0.0615556 0.330499 0.121252 0.0014955
