1 0.201417 0.465468 0.231086 0.435575 0.0116228
1 0.44501 0.49144 0.766934 0.828242 0.00714657
1 0.284865 0.503934 0.410409 0.509049 0.00616674
1 0.196825 0.373313 0.339267 0.574756 0.0038422
1 0.736151 0.115095 0.510437 0.21048 0.00311055
1 0.874898 0.472737 0.243651 0.514148 0.00310901
1 0.802479 0.615022 0.347369 0.639865 0.00275502
1 0.709829 0.490491 0.539411 0.653105 0.0025271
1 0.709832 0.816112 0.538665 0.347568 0.00228069
1 0.129898 0.452396 0.230127 0.320438 0.0019991
1 0.630688 0.13859 0.242058 0.18714 0.00191369
1 0.606707 0.848994 0.278536 0.225362 0.00189433
1 0.704656 0.677122 0.453716 0.486284 0.00150661
1 0.340902 0.121838 0.4969 0.219148 0.00116794
1 0.146592 0.569339 0.248256 0.495547 0.00116499
1 0.836302 0.576321 0.234949 0.306806 0.00115936
1 0.518345 0.130445 0.81072 0.252101 0.00108928
1 0.92226 0.357959 0.154928 0.313475 0.00103519
1 0.68795 0.935485 0.491538 0.129031 0.00102014
