1 0.28444 0.476649 0.462375 0.846611 0.221605
1 0.267354 0.664953 0.362673 0.383993 0.202569
1 0.232326 0.530073 0.345591 0.564221 0.0316535
1 0.866857 0.495763 0.260615 0.736663 0.0298744
1 0.324589 0.684503 0.54846 0.558805 0.0164905
1 0.520321 0.489291 0.906531 0.977734 0.011345
1 0.388173 0.5939 0.277575 0.526495 0.00921151
1 0.922672 0.586777 0.121827 0.548916 0.00792108
1 0.880068 0.647518 0.206469 0.480001 0.0041453
1 0.920639 0.772588 0.112872 0.410556 0.00321972
1 0.918172 0.427614 0.163655 0.612628 0.00277042
1 0.530027 0.694479 0.599304 0.550084 0.00258845
1 0.953271 0.628404 0.0835443 0.488409 0.00202621
1 0.147694 0.685083 0.213217 0.366411 0.0017354
1 0.780152 0.0925989 0.439695 0.174026 0.0016378
1 0.14438 0.437575 0.256955 0.680405 0.00160329
1 0.239264 0.81902 0.407653 0.346007 0.0013542
1 0.341038 0.423543 0.271965 0.696522 0.00116273
