1 0.532281 0.430175 0.89389 0.839969 0.392181
1 0.682518 0.412251 0.479736 0.72261 0.123471
1 0.808129 0.461381 0.270679 0.492383 0.111265
1 0.328725 0.628622 0.285489 0.243654 0.090017
1 0.343035 0.391435 0.377128 0.761412 0.0745376
1 0.28171 0.580774 0.291062 0.415977 0.0305545
1 0.373609 0.180034 0.286645 0.335719 0.0179021
1 0.722655 0.380395 0.311343 0.53294 0.0168135
1 0.550378 0.647422 0.743525 0.486707 0.0123852
1 0.224309 0.464523 0.393226 0.744057 0.00995714
1 0.391491 0.651355 0.376664 0.337266 0.00976892
1 0.571551 0.187215 0.424877 0.335042 0.00547299
1 0.291929 0.462079 0.583859 0.866784 0.00378891
1 0.746167 0.165998 0.430986 0.281311 0.00303804
1 0.150959 0.573381 0.219971 0.617243 0.002481
1 0.441471 0.545513 0.513783 0.554049 0.00214965
1 0.767886 0.0789398 0.463555 0.15447 0.00184293
1 0.33262 0.750306 0.418868 0.440831 0.00171949
1 0.291073 0.136588 0.341396 0.247572 0.00153328
1 0.395966 0.179049 0.590942 0.35645 0.00139218
