1 0.369885 0.434589 0.529174 0.850782 0.0382854
1 0.344407 0.730268 0.526936 0.425731 0.0218518
1 0.547197 0.664399 0.495637 0.365465 0.0156875
1 0.354003 0.107429 0.295909 0.209028 0.0140939
1 0.256922 0.738693 0.306867 0.286127 0.013678
1 0.508721 0.428041 0.398179 0.77838 0.0132378
1 0.182423 0.771178 0.144566 0.227429 0.0121517
1 0.435097 0.67378 0.242112 0.301141 0.0112876
1 0.451479 0.139079 0.490745 0.275444 0.0103319
1 0.302433 0.605829 0.408019 0.534335 0.00862009
1 0.18631 0.524401 0.286709 0.707287 0.00693504
1 0.455748 0.560371 0.28458 0.51734 0.00690854
1 0.56042 0.0827666 0.703414 0.16299 0.00431767
1 0.224647 0.827417 0.318107 0.316265 0.00416462
1 0.613141 0.0875902 0.274675 0.157726 0.00401297
1 0.70255 0.457574 0.482559 0.751585 0.00301277
1 0.75804 0.0556542 0.459636 0.111308 0.00283345
1 0.14342 0.77658 0.135666 0.268429 0.00279645
1 0.318441 0.166119 0.432199 0.319142 0.00272796
1 0.215568 0.709395 0.409829 0.520171 0.00263548
1 0.645553 0.569815 0.377138 0.487495 0.00227887
1 0.151873 0.719312 0.178452 0.441204 0.00222126
1 0.640198 0.7465 0.633613 0.404806 0.00187316
1 0.122286 0.381061 0.225639 0.282228 0.0017735
1 0.3436 0.215713 0.237321 0.247519 0.00158485
1 0.764367 0.581561 0.193202 0.427728 0.00155644
1 0.575839 0.155774 0.317273 0.273654 0.00155058
1 0.843959 0.0821252 0.307292 0.16425 0.00133308
1 0.296376 0.928619 0.422012 0.108342 0.00130107
1 0.735592 0.66408 0.162159 0.245557 0.00128553
1 0.668496 0.123506 0.396091 0.208371 0.00114272
1 0.267189 0.271407 0.400786 0.353662 0.0010986
