1 0.296543 0.574576 0.467803 0.418473 0.0509768
1 0.28006 0.554193 0.313283 0.31106 0.032937
1 0.533678 0.400051 0.903034 0.727338 0.0165797
1 0.306117 0.400134 0.494648 0.644176 0.0149327
1 0.496018 0.550208 0.577762 0.403113 0.0132402
1 0.239883 0.106297 0.457027 0.20446 0.0107366
1 0.206045 0.469083 0.286444 0.498784 0.00665412
1 0.516043 0.359437 0.489027 0.7005 0.00494917
1 0.625456 0.551994 0.344706 0.266545 0.00323024
1 0.375491 0.133333 0.466777 0.248633 0.00316348
1 0.735146 0.441358 0.23042 0.501756 0.00303711
1 0.377911 0.677117 0.734592 0.543431 0.0030037
1 0.307892 0.066376 0.288782 0.122519 0.00175909
1 0.512515 0.109678 0.911505 0.212391 0.00172024
1 0.715751 0.561283 0.204739 0.267378 0.00169781
1 0.654771 0.373279 0.295124 0.590618 0.00160786
1 0.583779 0.128669 0.300466 0.182604 0.0015894
1 0.171564 0.574366 0.265878 0.365776 0.0015617
1 0.659227 0.0903893 0.326553 0.157813 0.00132943
1 0.4625 0.0680033 0.557491 0.134491 0.00122388
1 0.409423 0.861571 0.740645 0.274707 0.0011416
1 0.769349 0.377597 0.446059 0.690889 0.00111853
