1 0.56952 0.473123 0.820863 0.819407 0.0139745
1 0.718252 0.543029 0.439189 0.643233 0.0138481
1 0.312976 0.459545 0.535897 0.678006 0.00861504
1 0.551794 0.688938 0.278098 0.321729 0.0083902
1 0.525139 0.621559 0.416063 0.457648 0.00788128
1 0.465172 0.413087 0.435362 0.756157 0.00649042
1 0.305292 0.581086 0.366495 0.368924 0.00350368
1 0.211143 0.478551 0.310404 0.548984 0.00321237
1 0.533828 0.673811 0.71264 0.441976 0.00303718
1 0.787732 0.529807 0.282437 0.45846 0.00223789
1 0.425127 0.575427 0.299452 0.391621 0.00210868
1 0.494095 0.750043 0.423477 0.375698 0.00187234
1 0.114209 0.528647 0.173627 0.539103 0.00167401
1 0.361221 0.468349 0.317419 0.563785 0.00164812
