1 0.323252 0.483344 0.372788 0.583517 0.0464236
1 0.395441 0.493859 0.610625 0.755659 0.0335258
1 0.60779 0.448029 0.58487 0.640165 0.0235026
1 0.750591 0.494809 0.393154 0.489475 0.00961157
1 0.797245 0.576328 0.185462 0.212862 0.0083885
1 0.321106 0.637725 0.289476 0.237236 0.00696888
1 0.709526 0.572263 0.341796 0.231339 0.00616846
1 0.520449 0.635023 0.747625 0.422158 0.00475002
1 0.194049 0.517793 0.271866 0.54425 0.00415966
1 0.299268 0.651544 0.399704 0.382904 0.00381491
1 0.247493 0.628433 0.238382 0.28053 0.00306296
1 0.73556 0.296459 0.349216 0.223785 0.00226153
1 0.314349 0.380894 0.274752 0.381399 0.00203973
1 0.799299 0.625028 0.274741 0.343683 0.00139763
1 0.696486 0.26415 0.221095 0.187779 0.00119668
1 0.25626 0.484038 0.512521 0.856548 0.00119645
