1 0.262325 0.497494 0.457872 0.739234 0.425638
1 0.427995 0.507036 0.78325 0.892683 0.18907
1 0.788271 0.598908 0.338781 0.754315 0.0804922
1 0.797413 0.788217 0.253484 0.40212 0.0681516
1 0.205145 0.519859 0.292376 0.563869 0.0202101
1 0.863204 0.574639 0.259022 0.610584 0.0187698
1 0.378737 0.483584 0.311182 0.646388 0.00573318
1 0.173354 0.666043 0.300596 0.477264 0.00472799
1 0.870927 0.797352 0.189781 0.3414 0.00470405
1 0.123464 0.647102 0.176647 0.314164 0.00457578
1 0.881257 0.885634 0.210792 0.21534 0.00365811
1 0.682357 0.830925 0.508413 0.333802 0.00352647
1 0.937323 0.550529 0.123423 0.541198 0.00214276
1 0.907718 0.940594 0.174003 0.101844 0.00178562
1 0.254527 0.851783 0.470419 0.296435 0.00147665
1 0.486381 0.73879 0.863384 0.514283 0.00125595
