1 0.551675 0.395524 0.739107 0.717063 0.119
1 0.309948 0.573644 0.265959 0.254232 0.0500217
1 0.575956 0.606219 0.678507 0.456574 0.0474217
1 0.721991 0.567284 0.319354 0.326998 0.0393886
1 0.739015 0.381933 0.334489 0.657224 0.0363558
1 0.375891 0.35561 0.451931 0.681617 0.0301668
1 0.38543 0.578052 0.465439 0.34521 0.0185991
1 0.310197 0.435425 0.292703 0.517866 0.0130781
1 0.77395 0.558188 0.206218 0.241369 0.0130385
1 0.350362 0.143936 0.358435 0.253295 0.0127371
1 0.761522 0.0933343 0.412634 0.166615 0.00586753
1 0.820839 0.599021 0.250834 0.349651 0.00582004
1 0.297048 0.0845776 0.442603 0.169155 0.00550273
1 0.834867 0.406801 0.26039 0.63313 0.00515689
1 0.559961 0.117223 0.709545 0.23096 0.0040717
1 0.765036 0.183484 0.310864 0.225189 0.00253446
1 0.278694 0.658438 0.345373 0.451779 0.00248974
1 0.408137 0.208546 0.373211 0.394919 0.00247963
1 0.761315 0.715989 0.417496 0.494842 0.00202034
1 0.831946 0.749457 0.265002 0.379923 0.00181766
1 0.651147 0.174989 0.476275 0.284402 0.00143065
1 0.41015 0.69982 0.629773 0.513168 0.0012045
