1 0.456438 0.698774 0.68271 0.451416 0.0475654
1 0.472699 0.464433 0.674064 0.668332 0.0474519
1 0.30089 0.615889 0.24427 0.261193 0.0358459
1 0.28518 0.627988 0.341629 0.383299 0.0152182
1 0.302174 0.443872 0.320185 0.617002 0.0122288
1 0.600675 0.692883 0.396374 0.314671 0.00401389
1 0.322451 0.289211 0.336952 0.439908 0.00259088
1 0.657994 0.648431 0.265981 0.223677 0.00215852
1 0.364381 0.246539 0.257484 0.289452 0.00187365
1 0.595181 0.795779 0.454773 0.334775 0.00182599
1 0.293667 0.798418 0.422994 0.343798 0.00160234
1 0.211859 0.417966 0.278848 0.693626 0.00114926
