1 0.534037 0.517379 0.883565 0.818681 0.0701814
1 0.302557 0.726589 0.346184 0.307296 0.0333654
1 0.265343 0.650817 0.413749 0.565839 0.0215098
1 0.365995 0.757434 0.530129 0.405683 0.0109562
1 0.55261 0.758835 0.623689 0.435442 0.0104612
1 0.375668 0.54411 0.407766 0.648277 0.00974316
1 0.593299 0.584403 0.531841 0.622278 0.00909418
1 0.760875 0.586794 0.193833 0.366375 0.00214294
1 0.819138 0.513362 0.299554 0.503332 0.00185876
1 0.707789 0.5491 0.282364 0.514832 0.00175059
1 0.206169 0.859199 0.290099 0.192511 0.00170965
1 0.275904 0.857875 0.405526 0.264784 0.00145047
1 0.827706 0.905101 0.247424 0.17314 0.00132036
1 0.710152 0.824007 0.368695 0.291357 0.00126148
1 0.196042 0.512903 0.348239 0.587928 0.00123967
1 0.320032 0.447921 0.256408 0.391101 0.00118823
1 0.712316 0.943698 0.361406 0.111594 0.00104293
1 0.582498 0.868088 0.60912 0.257055 0.00102252
