1 0.391101 0.366522 0.780267 0.714129 0.469711
1 0.602195 0.395841 0.31577 0.630064 0.147622
1 0.20438 0.346249 0.339413 0.671128 0.112706
1 0.666429 0.437888 0.527725 0.760234 0.0246863
1 0.624616 0.498425 0.243314 0.358633 0.019193
1 0.246315 0.221293 0.378636 0.343542 0.0155144
1 0.566173 0.57243 0.457065 0.693895 0.00368656
1 0.661393 0.558508 0.364559 0.513713 0.00124728
1 0.244722 0.0953629 0.467647 0.150119 0.00121425
1 0.148216 0.142747 0.285496 0.27512 0.00120444
1 0.19394 0.426948 0.38788 0.797792 0.00106164
