1 0.384796 0.313039 0.769592 0.626078 0.392969
1 0.235239 0.280607 0.431326 0.559056 0.0584935
1 0.618908 0.288811 0.704773 0.577623 0.0310726
1 0.544283 0.250361 0.401331 0.492892 0.0204166
1 0.5 0.458809 1 0.914755 0.0161259
1 0.388247 0.181447 0.63794 0.362237 0.0127732
1 0.260692 0.403179 0.521384 0.803478 0.0118982
1 0.712696 0.185843 0.536559 0.364351 0.00304891
1 0.178547 0.153957 0.31099 0.305235 0.0021428
1 0.438705 0.114461 0.479126 0.226029 0.00204749
1 0.162052 0.207378 0.324104 0.414757 0.00171488
1 0.169332 0.458491 0.338664 0.916982 0.00120073
