1 0.495337 0.456122 0.81361 0.884501 0.170341
1 0.297496 0.641089 0.330906 0.384777 0.0541683
1 0.479005 0.675464 0.644352 0.448385 0.0436734
1 0.581412 0.41944 0.425665 0.813015 0.0376833
1 0.322539 0.427656 0.429182 0.831399 0.0291973
1 0.61748 0.640906 0.356839 0.414294 0.0245145
1 0.367986 0.782784 0.537546 0.409518 0.014383
1 0.251531 0.521702 0.250569 0.592295 0.0140585
1 0.67554 0.516593 0.31943 0.655008 0.0114355
1 0.680777 0.0875121 0.385327 0.171896 0.010402
1 0.492583 0.113493 0.879886 0.22422 0.0086037
1 0.259909 0.114122 0.485162 0.223823 0.00816028
1 0.232298 0.609144 0.445498 0.609576 0.00438095
1 0.52743 0.0736596 0.584455 0.146556 0.00309847
1 0.717573 0.632786 0.225356 0.375063 0.0026972
1 0.254368 0.841476 0.415207 0.288045 0.00225209
1 0.801022 0.534707 0.363317 0.72149 0.00199553
1 0.602898 0.752669 0.449743 0.416973 0.00161877
1 0.65168 0.212083 0.526405 0.422225 0.00151901
1 0.386367 0.134154 0.42879 0.242102 0.00149658
1 0.730413 0.135056 0.533062 0.253834 0.00148362
1 0.812756 0.0888861 0.367666 0.177772 0.0013095
1 0.33442 0.923365 0.519356 0.136622 0.00119612
1 0.681678 0.833201 0.4952 0.308533 0.00106431
