1 0.414981 0.589481 0.292947 0.483009 0.0818913
1 0.283193 0.664292 0.531834 0.516999 0.0667984
1 0.544931 0.458651 0.910139 0.892694 0.0552136
1 0.590578 0.674982 0.686014 0.578624 0.0470648
1 0.488473 0.550623 0.470493 0.663851 0.0326556
1 0.321981 0.433878 0.505382 0.841889 0.0309675
1 0.716346 0.479227 0.491222 0.648013 0.00772289
1 0.240766 0.689939 0.39657 0.332024 0.00565314
1 0.85098 0.515125 0.25409 0.52076 0.00319677
1 0.291183 0.807652 0.549135 0.364859 0.00317648
1 0.171361 0.557725 0.290615 0.517405 0.0031281
1 0.45232 0.111064 0.790027 0.217424 0.00263045
1 0.287849 0.0853102 0.547658 0.170485 0.00197704
1 0.854924 0.627975 0.222538 0.292413 0.00157285
1 0.129636 0.673138 0.196094 0.266551 0.00124804
