1 0.252927 0.390888 0.460047 0.708036 0.0763718
1 0.506421 0.456779 0.844536 0.87694 0.0568811
1 0.136324 0.391022 0.25521 0.645985 0.0291476
1 0.248895 0.700423 0.44838 0.435826 0.0190582
1 0.71248 0.439027 0.422353 0.790366 0.0132915
1 0.248176 0.566049 0.402447 0.346497 0.00909057
1 0.137213 0.513765 0.223175 0.362558 0.00729841
1 0.661612 0.662485 0.440434 0.462313 0.00674914
1 0.790577 0.513469 0.268077 0.614152 0.00590178
1 0.755922 0.635258 0.263314 0.38813 0.00391246
1 0.202793 0.251504 0.327838 0.457258 0.00386134
1 0.458617 0.670754 0.829146 0.588343 0.00320501
1 0.677009 0.0629502 0.59814 0.123846 0.0019352
1 0.547204 0.088369 0.796797 0.173768 0.00182457
