1 0.495197 0.481412 0.987373 0.926354 0.17591
1 0.12327 0.603139 0.239639 0.44082 0.0471044
1 0.225503 0.486747 0.446371 0.740018 0.0223155
1 0.836425 0.564912 0.3137 0.53092 0.0212735
1 0.607756 0.563605 0.644012 0.59867 0.0189795
1 0.0758515 0.506674 0.149761 0.576122 0.0105534
1 0.717571 0.582011 0.343652 0.463438 0.00991417
1 0.185877 0.694449 0.371753 0.526846 0.00829377
1 0.516475 0.143052 0.96705 0.286104 0.00522698
1 0.0785869 0.709868 0.157174 0.519204 0.00457435
1 0.466977 0.700905 0.91583 0.520625 0.00392529
1 0.133752 0.41374 0.257787 0.683994 0.00244344
1 0.710635 0.417023 0.565669 0.830058 0.00206152
