1 0.792317 0.892417 0.41044 0.211935 0.0306611
1 0.219946 0.886901 0.302273 0.204065 0.0283494
1 0.58066 0.555913 0.801774 0.859348 0.0278267
1 0.404349 0.893695 0.698255 0.21261 0.0273331
1 0.71293 0.811155 0.571072 0.345824 0.0194922
1 0.597222 0.872435 0.805557 0.25513 0.0179625
1 0.774816 0.926284 0.411139 0.112679 0.0174588
1 0.304555 0.598079 0.39883 0.764181 0.0166794
1 0.364909 0.92973 0.600367 0.107768 0.0131139
1 0.216806 0.824837 0.41186 0.318242 0.0111758
1 0.368199 0.437817 0.342409 0.781997 0.00810354
1 0.835243 0.797234 0.289308 0.345776 0.00805181
1 0.750768 0.655576 0.462843 0.647561 0.0077012
1 0.537233 0.682663 0.503887 0.632628 0.00639301
1 0.197943 0.642735 0.306769 0.674915 0.00473526
1 0.362127 0.752563 0.608238 0.448903 0.00293427
1 0.181113 0.938284 0.278998 0.118887 0.00288802
1 0.210513 0.774247 0.228817 0.400161 0.00243727
1 0.554697 0.835613 0.489599 0.32357 0.00222095
1 0.324697 0.309228 0.239141 0.355018 0.00201628
1 0.598688 0.923347 0.494208 0.152287 0.0014712
1 0.85231 0.579786 0.268879 0.726646 0.00146922
