1 0.318891 0.645346 0.251915 0.2133 0.0964337
1 0.37942 0.669052 0.409212 0.328961 0.0754428
1 0.556944 0.455373 0.807713 0.806949 0.0559265
1 0.54658 0.68406 0.710927 0.391695 0.0558504
1 0.39345 0.53501 0.457341 0.602181 0.0261093
1 0.305487 0.524854 0.261673 0.456975 0.0138086
1 0.672557 0.637249 0.40571 0.299192 0.013128
1 0.28568 0.731884 0.414185 0.39566 0.00882404
1 0.765095 0.605891 0.228581 0.292527 0.00510186
1 0.351521 0.353229 0.40097 0.666664 0.00445949
1 0.823419 0.634894 0.213897 0.256004 0.00391525
1 0.800991 0.469534 0.312922 0.625907 0.00354232
1 0.683643 0.493578 0.393776 0.612877 0.00303539
1 0.809143 0.515343 0.209231 0.465003 0.00294559
1 0.383509 0.154859 0.398127 0.249732 0.00263153
1 0.236089 0.516437 0.300576 0.570531 0.00187968
1 0.52575 0.112586 0.717005 0.206459 0.00136178
1 0.749944 0.742363 0.433529 0.386392 0.00127041
1 0.332469 0.0802231 0.392244 0.154483 0.00121007
1 0.828704 0.775968 0.276589 0.288877 0.00101502
