1 0.603557 0.427613 0.62438 0.727041 0.139494
1 0.710405 0.464234 0.358778 0.620393 0.102884
1 0.364983 0.422835 0.486269 0.698142 0.0311278
1 0.347509 0.661023 0.375791 0.326109 0.00860869
1 0.561301 0.612262 0.683278 0.479828 0.00712077
1 0.363769 0.426957 0.328837 0.512922 0.00459735
1 0.372987 0.257619 0.29477 0.391987 0.0040391
1 0.724866 0.615961 0.518635 0.592803 0.00337077
1 0.670835 0.136279 0.214062 0.187382 0.00291671
1 0.73303 0.615896 0.302079 0.310894 0.00249672
1 0.288017 0.470663 0.239891 0.4788 0.00222709
1 0.62867 0.100738 0.332481 0.183245 0.00199545
1 0.786716 0.649441 0.221043 0.231194 0.00198375
1 0.361113 0.139589 0.337699 0.233421 0.00184971
1 0.501472 0.125961 0.49121 0.221333 0.00160985
1 0.819496 0.454901 0.341653 0.745184 0.00148748
1 0.850853 0.593499 0.257101 0.504291 0.0012989
