1 0.406808 0.381229 0.757657 0.644858 0.126548
1 0.444426 0.55895 0.724147 0.421171 0.0343316
1 0.596051 0.389129 0.358175 0.526526 0.029846
1 0.585777 0.510876 0.331769 0.262357 0.0137773
1 0.645409 0.515326 0.208418 0.207139 0.0119998
1 0.218569 0.145415 0.416809 0.268369 0.0106928
1 0.237011 0.553917 0.336597 0.24197 0.0104851
1 0.214351 0.329407 0.387857 0.622036 0.00627044
1 0.145194 0.548314 0.193765 0.187217 0.00407695
1 0.668573 0.423507 0.253937 0.40221 0.00406124
1 0.287454 0.578085 0.480968 0.341776 0.00230251
1 0.189025 0.451461 0.298169 0.442895 0.00229783
1 0.733035 0.336664 0.367914 0.605136 0.00228031
1 0.223446 0.0766579 0.402616 0.142645 0.00162543
1 0.603841 0.203772 0.356778 0.302847 0.00152271
1 0.2717 0.810392 0.51158 0.379217 0.00113808
1 0.5515 0.150154 0.226025 0.160703 0.00113054
1 0.319329 0.254967 0.460496 0.448204 0.0010973
