1 0.458116 0.462615 0.842951 0.88326 0.394468
1 0.266755 0.456428 0.398107 0.77071 0.214993
1 0.6588 0.542559 0.439623 0.789817 0.0346061
1 0.198487 0.692498 0.295214 0.250649 0.0258256
1 0.457973 0.765204 0.822264 0.469593 0.0250548
1 0.621115 0.822142 0.522894 0.337001 0.01253
1 0.171085 0.39612 0.290575 0.734564 0.012486
1 0.750315 0.844482 0.34125 0.293133 0.00908409
1 0.224838 0.789552 0.379559 0.382907 0.00867985
1 0.202849 0.58341 0.297609 0.411355 0.00671695
1 0.703074 0.600028 0.288763 0.599155 0.00644167
1 0.719307 0.760593 0.279407 0.321212 0.00562402
1 0.214838 0.259725 0.291547 0.380884 0.00455738
1 0.458024 0.906205 0.848375 0.187589 0.00368078
1 0.1243 0.526487 0.230998 0.574804 0.00355374
1 0.658867 0.477978 0.287551 0.547936 0.00355143
1 0.782183 0.528814 0.322879 0.646201 0.00272317
1 0.0696997 0.618019 0.129828 0.488844 0.00162878
1 0.756363 0.91607 0.382314 0.166996 0.00161811
1 0.0998075 0.706788 0.186598 0.316409 0.00108218
1 0.160617 0.86078 0.297426 0.266807 0.001041
1 0.830392 0.752193 0.248497 0.360013 0.0010289
