1 0.557117 0.465881 0.879618 0.91599 0.026161
1 0.330455 0.460917 0.540241 0.824324 0.0170533
1 0.177728 0.528025 0.268748 0.652627 0.0166335
1 0.531124 0.116984 0.509583 0.233968 0.013322
1 0.514568 0.440967 0.444524 0.881934 0.00857561
1 0.375365 0.633119 0.408003 0.537034 0.00644032
1 0.746763 0.599723 0.482049 0.614335 0.00643308
1 0.498017 0.640714 0.33874 0.565238 0.0059418
1 0.858884 0.539269 0.25297 0.700575 0.00520048
1 0.609432 0.0787635 0.390776 0.156895 0.00424572
1 0.485754 0.748437 0.210852 0.300388 0.00339221
1 0.613096 0.796572 0.520038 0.351011 0.00266381
1 0.800646 0.384163 0.379122 0.720389 0.00225157
1 0.77184 0.757755 0.419548 0.420539 0.00218084
1 0.361144 0.77749 0.45707 0.346181 0.00210604
1 0.752707 0.875074 0.470555 0.235789 0.00209068
1 0.790704 0.932023 0.381216 0.103975 0.00180349
1 0.884576 0.763851 0.188604 0.356142 0.0017011
1 0.529439 0.620742 0.626354 0.632552 0.00160551
1 0.644406 0.285376 0.615541 0.560547 0.00154125
1 0.873665 0.890079 0.226164 0.188271 0.00154034
1 0.8813 0.941034 0.209565 0.108251 0.00146895
1 0.677901 0.145097 0.595897 0.281893 0.00137762
1 0.392455 0.0756833 0.543267 0.150733 0.0013695
1 0.186146 0.660947 0.188752 0.390213 0.00124655
1 0.456673 0.258946 0.573757 0.516363 0.00121634
