1 0.302071 0.572701 0.228716 0.244125 0.0643535
1 0.345744 0.644993 0.358052 0.371953 0.0480442
1 0.347341 0.39573 0.497264 0.78921 0.0452569
1 0.391104 0.125667 0.313318 0.248991 0.0313034
1 0.579158 0.387355 0.807366 0.748473 0.0200462
1 0.233254 0.344883 0.346934 0.672567 0.0188003
1 0.327877 0.474471 0.345057 0.485176 0.0177954
1 0.449253 0.262964 0.433229 0.525928 0.0175753
1 0.543116 0.119545 0.64786 0.23909 0.0146223
1 0.33474 0.190603 0.384045 0.369958 0.0126728
1 0.407235 0.0734595 0.256981 0.144141 0.011929
1 0.884179 0.441194 0.231642 0.599987 0.00976467
1 0.738202 0.0979888 0.495774 0.188962 0.00760449
1 0.255729 0.526161 0.294981 0.357675 0.00697684
1 0.910229 0.548623 0.170076 0.453938 0.00609444
1 0.358513 0.766611 0.45429 0.455179 0.00494879
1 0.789993 0.461305 0.399109 0.781061 0.00487062
1 0.601514 0.164069 0.399735 0.31697 0.00232892
1 0.836656 0.514319 0.254497 0.398007 0.00226791
1 0.663973 0.400861 0.401744 0.769202 0.00218861
1 0.319114 0.0794921 0.527401 0.158984 0.00211266
1 0.725578 0.24017 0.521416 0.476481 0.00192063
1 0.47364 0.863795 0.431805 0.26383 0.00160039
1 0.548823 0.918775 0.525868 0.161848 0.00123587
1 0.436095 0.943057 0.390645 0.113885 0.00123433
1 0.177316 0.161004 0.33035 0.298543 0.00109459
