1 0.284543 0.644552 0.362371 0.323896 0.0288851
1 0.67114 0.633002 0.366129 0.314502 0.0125146
1 0.250239 0.644751 0.2449 0.221058 0.0119232
1 0.369836 0.611483 0.569895 0.422952 0.00872238
1 0.28864 0.464487 0.430716 0.636332 0.00762615
1 0.765425 0.616585 0.190068 0.312412 0.00667581
1 0.640181 0.524563 0.501185 0.559958 0.0061841
1 0.522237 0.632637 0.371764 0.282069 0.0045686
1 0.380921 0.615313 0.327018 0.30181 0.00335357
1 0.67596 0.764218 0.34845 0.142838 0.00289082
1 0.808932 0.486929 0.24088 0.572603 0.00238123
1 0.194358 0.527027 0.316223 0.553274 0.00237225
1 0.189384 0.720814 0.247267 0.274101 0.00208017
1 0.728847 0.864956 0.278539 0.193013 0.00144798
1 0.434013 0.469615 0.330806 0.577117 0.00142124
1 0.779529 0.916041 0.240054 0.142357 0.00124753
1 0.77806 0.790597 0.236497 0.222893 0.00124504
1 0.264409 0.749604 0.406079 0.389562 0.00117715
1 0.473598 0.471382 0.81522 0.754437 0.00113463
