1 0.744953 0.405449 0.470788 0.769372 0.0644751
1 0.490834 0.433535 0.661563 0.741372 0.0340211
1 0.458695 0.602177 0.601396 0.411539 0.0227754
1 0.270361 0.470016 0.245779 0.584173 0.0182283
1 0.749886 0.5931 0.419361 0.418732 0.0154745
1 0.613036 0.610662 0.36504 0.395366 0.011524
1 0.549756 0.1047 0.568351 0.205483 0.00924719
1 0.697656 0.138076 0.272929 0.197649 0.00530452
1 0.312456 0.562964 0.224729 0.29279 0.00527258
1 0.855754 0.560896 0.246931 0.446216 0.00444582
1 0.331123 0.377074 0.308915 0.631835 0.00344065
1 0.698499 0.227157 0.346313 0.395755 0.00260957
1 0.876951 0.411824 0.227259 0.623017 0.00250991
1 0.603231 0.605272 0.764216 0.650771 0.00144879
1 0.281408 0.525056 0.42623 0.631507 0.00141687
1 0.75425 0.180753 0.301069 0.263003 0.00141186
1 0.805375 0.5737 0.286104 0.299191 0.00128931
1 0.700152 0.0796785 0.280714 0.148957 0.0012769
1 0.379692 0.223494 0.3393 0.331922 0.00122441
1 0.650565 0.148798 0.483737 0.263627 0.00119684
1 0.438398 0.14427 0.354299 0.217879 0.00103374
