1 0.558774 0.454466 0.878051 0.879577 0.344546
1 0.794139 0.493756 0.261012 0.550164 0.124368
1 0.68273 0.48752 0.406058 0.632962 0.0836094
1 0.423638 0.413212 0.474384 0.802704 0.0443868
1 0.281319 0.395104 0.367265 0.764397 0.0118071
1 0.244516 0.537551 0.203069 0.472404 0.01136
1 0.323894 0.574034 0.347117 0.419848 0.0065814
1 0.444458 0.623887 0.622236 0.53555 0.00420674
1 0.620781 0.66847 0.584893 0.572965 0.00399062
1 0.347269 0.159686 0.365972 0.30939 0.00342537
1 0.77273 0.384928 0.43816 0.725309 0.00317502
1 0.324931 0.0821303 0.333605 0.163519 0.0031209
1 0.129454 0.405214 0.25 0.810428 0.0022037
1 0.769764 0.0616017 0.388761 0.122267 0.00219551
1 0.285218 0.458165 0.570435 0.899459 0.001936
1 0.816456 0.585966 0.167501 0.334559 0.00136149
1 0.190809 0.618958 0.208709 0.382475 0.00130974
1 0.872704 0.502495 0.243847 0.832806 0.00125857
1 0.348249 0.733725 0.459116 0.371197 0.00114921
1 0.744047 0.10427 0.48845 0.198145 0.00107427
1 0.763014 0.377624 0.179281 0.332612 0.00106011
1 0.442275 0.594839 0.241877 0.356534 0.00104585
1 0.219171 0.880841 0.284709 0.193786 0.00104188
1 0.576709 0.125195 0.712537 0.242655 0.00103746
