1 0.502939 0.383669 0.60989 0.691105 0.212164
1 0.358968 0.357204 0.319412 0.660009 0.0762084
1 0.636027 0.446969 0.301545 0.486864 0.0436654
1 0.340219 0.489751 0.256349 0.387249 0.0254455
1 0.663762 0.549136 0.248054 0.283004 0.0137359
1 0.579376 0.568294 0.446738 0.416562 0.00818037
1 0.51932 0.661545 0.627613 0.605282 0.00570984
1 0.300538 0.478326 0.475812 0.691855 0.00483632
1 0.684304 0.605373 0.423993 0.672165 0.0026448
1 0.663904 0.779599 0.454854 0.43416 0.00196884
1 0.761924 0.46665 0.380814 0.527576 0.00154974
1 0.381017 0.596915 0.396609 0.465315 0.00140884
1 0.3778 0.142052 0.212263 0.202881 0.00118548
