1 0.317476 0.646641 0.357163 0.64673 0.301378
1 0.53771 0.669469 0.822364 0.656195 0.241051
1 0.752149 0.674789 0.452672 0.645664 0.0896698
1 0.320669 0.810795 0.375462 0.36932 0.0595166
1 0.73146 0.624769 0.234044 0.41175 0.0365244
1 0.262535 0.886818 0.42186 0.220028 0.0037544
1 0.349225 0.924948 0.574371 0.115831 0.00331333
1 0.79523 0.805855 0.384212 0.387219 0.0029351
1 0.610145 0.855827 0.743077 0.287697 0.002448
1 0.211856 0.624184 0.334727 0.579597 0.00200596
1 0.542402 0.928256 0.787041 0.143488 0.00129818
