1 0.506247 0.430073 0.674131 0.63692 0.124983
1 0.667264 0.436709 0.350332 0.542951 0.059822
1 0.306975 0.536937 0.256584 0.280852 0.0467764
1 0.37112 0.511166 0.50484 0.434609 0.0136201
1 0.328056 0.36573 0.339004 0.597837 0.0123899
1 0.697387 0.571542 0.465025 0.767558 0.00593258
1 0.756596 0.510087 0.280281 0.56372 0.00304349
1 0.248567 0.553521 0.378886 0.38641 0.00295959
1 0.921372 0.896526 0.147613 0.191376 0.00223474
1 0.479638 0.655951 0.780264 0.659271 0.00216321
1 0.894688 0.943942 0.185492 0.103423 0.00196709
1 0.955736 0.845278 0.0885271 0.238324 0.00188284
1 0.856447 0.836677 0.271577 0.31193 0.00183043
1 0.799877 0.944727 0.355203 0.106583 0.00182799
1 0.587385 0.869167 0.678184 0.260086 0.00171048
1 0.731582 0.825091 0.479835 0.34078 0.00147085
1 0.823387 0.678611 0.284686 0.587503 0.00142725
1 0.784992 0.11111 0.423042 0.199762 0.00138185
1 0.21791 0.36364 0.401965 0.688688 0.00136889
1 0.718586 0.583674 0.271752 0.355036 0.0012817
1 0.634886 0.93547 0.569826 0.128173 0.00122598
1 0.67432 0.353881 0.59405 0.636467 0.0011776
1 0.931771 0.788119 0.111357 0.373911 0.00109764
