1 0.585324 0.697483 0.574304 0.431427 0.125532
1 0.751547 0.68465 0.236825 0.371116 0.0428233
1 0.343895 0.63464 0.268836 0.296346 0.0231343
1 0.312806 0.488039 0.356629 0.547623 0.0227184
1 0.47303 0.503157 0.736862 0.657798 0.0197243
1 0.479855 0.636156 0.361044 0.351699 0.0153058
1 0.314713 0.680156 0.415144 0.410246 0.00817659
1 0.258057 0.0913296 0.497786 0.17791 0.00501215
1 0.810625 0.636846 0.306823 0.585732 0.00492391
1 0.42525 0.488724 0.323157 0.606488 0.0045091
1 0.22362 0.535182 0.267265 0.454934 0.00403621
1 0.779911 0.152876 0.427008 0.276067 0.00240467
1 0.220054 0.649759 0.320809 0.31651 0.00232121
1 0.451397 0.137333 0.902414 0.268498 0.00177263
