1 0.420308 0.408236 0.699932 0.753749 0.177877
1 0.262902 0.549059 0.287793 0.343324 0.139757
1 0.241674 0.450824 0.398955 0.634062 0.0789238
1 0.592127 0.498226 0.448702 0.854908 0.0420824
1 0.639831 0.418974 0.286365 0.637068 0.017019
1 0.428427 0.615591 0.632794 0.505468 0.0116441
1 0.702489 0.516282 0.283135 0.557712 0.0104336
1 0.330932 0.487369 0.377014 0.44914 0.00969737
1 0.232202 0.646242 0.437752 0.612067 0.00697284
1 0.7453 0.579734 0.406581 0.813638 0.0065146
1 0.628185 0.153451 0.169458 0.194886 0.00616477
1 0.830722 0.552842 0.322195 0.580942 0.00596999
1 0.578762 0.549567 0.402874 0.465375 0.00374567
1 0.301304 0.330602 0.347785 0.542789 0.0018984
1 0.906571 0.537311 0.182624 0.52631 0.00169595
1 0.242362 0.804603 0.468818 0.38022 0.00159251
1 0.642019 0.183536 0.223132 0.305627 0.00112629
