1 0.50202 0.347873 0.737909 0.690223 0.277201
1 0.306618 0.323521 0.492445 0.641857 0.0799564
1 0.252539 0.436127 0.31739 0.254931 0.0580163
1 0.510407 0.511301 0.647513 0.418759 0.0297367
1 0.631689 0.307975 0.397643 0.590802 0.0201236
1 0.220984 0.338623 0.345591 0.476475 0.0150349
1 0.457003 0.693425 0.855483 0.558807 0.0148194
1 0.27179 0.487918 0.409073 0.399672 0.0107443
1 0.5 0.469674 1 0.939347 0.00988669
1 0.658259 0.489193 0.328754 0.248746 0.00536079
1 0.276198 0.13665 0.451536 0.271658 0.00376594
1 0.506567 0.0653299 0.754243 0.13066 0.00344986
1 0.74351 0.0626923 0.46894 0.123495 0.00344579
1 0.802598 0.317593 0.346464 0.582875 0.0025993
1 0.732691 0.365994 0.2459 0.444166 0.00256559
1 0.736282 0.456889 0.190232 0.246726 0.00209814
1 0.318054 0.059365 0.406886 0.116823 0.00196695
1 0.356482 0.567627 0.610461 0.482286 0.0019374
1 0.507388 0.129698 0.764434 0.258156 0.00169605
1 0.702252 0.114055 0.480135 0.219966 0.00168114
1 0.173172 0.447811 0.286478 0.331877 0.00142007
