1 0.504912 0.388287 0.640412 0.680578 0.0698478
1 0.335952 0.374935 0.308289 0.63337 0.0110896
1 0.340596 0.579514 0.254255 0.226153 0.0045502
1 0.35242 0.601877 0.341208 0.377172 0.00414139
1 0.354745 0.685222 0.518147 0.583839 0.00312797
1 0.665048 0.395889 0.290722 0.379785 0.0028737
1 0.885769 0.682245 0.222075 0.608468 0.00261844
1 0.906851 0.893441 0.181426 0.209155 0.00259029
1 0.765923 0.652871 0.463795 0.68057 0.00242215
1 0.545713 0.813994 0.902794 0.372012 0.00218682
1 0.503973 0.609351 0.75806 0.74377 0.00213517
1 0.822762 0.790934 0.349015 0.418131 0.00195024
1 0.278787 0.863282 0.541913 0.273435 0.00160839
1 0.926696 0.797603 0.135839 0.365779 0.00157386
1 0.849157 0.915783 0.287872 0.154392 0.00150668
