1 0.274097 0.0707728 0.548194 0.1404 0.00825952
1 0.352013 0.105421 0.639354 0.198609 0.00399437
1 0.586551 0.310764 0.421574 0.588315 0.00385045
1 0.406744 0.348336 0.4642 0.555039 0.00319899
1 0.679607 0.129806 0.36236 0.198947 0.00281015
1 0.505693 0.13906 0.851883 0.262467 0.00198081
1 0.792324 0.953018 0.254784 0.0939648 0.00184676
1 0.187731 0.103226 0.375462 0.206452 0.00170211
1 0.374592 0.950431 0.423063 0.099139 0.00147922
1 0.704064 0.924731 0.381454 0.148938 0.00142638
1 0.413256 0.830577 0.514452 0.33626 0.00138971
1 0.715922 0.862856 0.448138 0.262541 0.00130387
1 0.748441 0.0743406 0.371388 0.139265 0.00119155
1 0.670449 0.107364 0.639425 0.204212 0.00113544
1 0.885502 0.924219 0.178998 0.14126 0.00110492
1 0.704825 0.536439 0.251678 0.226308 0.00100129
