1 0.528454 0.415359 0.886374 0.780612 0.111476
1 0.673088 0.33953 0.508559 0.653573 0.0484669
1 0.335879 0.401899 0.547458 0.654623 0.0374847
1 0.693007 0.394289 0.302098 0.381287 0.0155295
1 0.686972 0.537952 0.388248 0.434106 0.00940538
1 0.295937 0.278509 0.346811 0.486044 0.00750837
1 0.688316 0.225855 0.371407 0.41471 0.00540628
1 0.564026 0.620262 0.741317 0.607849 0.00465862
1 0.293987 0.507644 0.315836 0.420739 0.00439381
1 0.273919 0.150288 0.419773 0.244036 0.00414374
1 0.758671 0.475387 0.255146 0.416805 0.00362455
1 0.476954 0.447502 0.448859 0.609276 0.00308708
1 0.787639 0.318037 0.390535 0.486976 0.00252926
1 0.665392 0.163903 0.29697 0.257842 0.00246086
1 0.390415 0.224971 0.619119 0.436338 0.00241862
1 0.800651 0.62229 0.318961 0.420631 0.00220193
1 0.220317 0.420432 0.302778 0.580564 0.00190409
1 0.871173 0.823835 0.243608 0.333486 0.00165683
1 0.236708 0.55599 0.224666 0.291405 0.00161506
