1 0.390446 0.346158 0.418081 0.619878 0.0121604
1 0.601663 0.425893 0.556929 0.671125 0.0107355
1 0.365289 0.537946 0.406406 0.355439 0.00917337
1 0.318696 0.532925 0.247842 0.277386 0.00595988
1 0.265667 0.364446 0.331734 0.627881 0.0052251
1 0.712622 0.83075 0.516298 0.335943 0.00399404
1 0.474852 0.0977722 0.732675 0.178874 0.00392516
1 0.647473 0.681882 0.563221 0.624527 0.00313144
1 0.579969 0.543906 0.368179 0.365584 0.00307103
1 0.359729 0.14778 0.505992 0.230754 0.00267725
1 0.614085 0.129696 0.503107 0.20028 0.00255525
1 0.30374 0.178144 0.314932 0.226029 0.00224864
1 0.724384 0.0940231 0.45599 0.166663 0.00209267
1 0.276162 0.107301 0.322017 0.160696 0.00206332
1 0.697488 0.932196 0.525173 0.134294 0.00204846
1 0.255633 0.0813562 0.511266 0.157909 0.0019479
1 0.805123 0.890196 0.35082 0.216427 0.00169546
1 0.460508 0.539061 0.641823 0.473612 0.00147377
1 0.802211 0.943761 0.327879 0.110579 0.0013213
1 0.450473 0.456659 0.792488 0.862736 0.00131241
1 0.578746 0.322249 0.368238 0.561363 0.00110565
1 0.467662 0.819922 0.655161 0.35708 0.00109013
1 0.268532 0.589302 0.274489 0.306201 0.00102914
