1 0.54045 0.448271 0.482728 0.819884 0.0255622
1 0.217048 0.497049 0.29385 0.686066 0.0252121
1 0.331423 0.476595 0.356993 0.681271 0.0156771
1 0.482067 0.477465 0.843313 0.940015 0.0110422
1 0.573778 0.740409 0.511582 0.489018 0.0102054
1 0.599305 0.118984 0.327096 0.226412 0.00580051
1 0.705326 0.0948196 0.442728 0.181852 0.00565296
1 0.699093 0.490044 0.415125 0.817007 0.0052541
1 0.743246 0.499324 0.222164 0.660374 0.00435612
1 0.469995 0.135661 0.527856 0.267773 0.00428919
1 0.77526 0.0590123 0.40686 0.118025 0.00352361
1 0.264188 0.681987 0.354952 0.37178 0.00342758
1 0.1598 0.669396 0.155554 0.361876 0.00290246
1 0.566419 0.0705636 0.431567 0.140035 0.00286134
1 0.753504 0.635104 0.163221 0.357914 0.00267544
1 0.347567 0.674848 0.240304 0.314938 0.00253535
1 0.405567 0.587331 0.58624 0.660187 0.00238036
1 0.463301 0.692429 0.305799 0.368668 0.00215288
1 0.596483 0.875006 0.46621 0.245462 0.00174995
1 0.133592 0.566929 0.171538 0.648608 0.0016552
1 0.657463 0.180659 0.509676 0.359094 0.00140409
1 0.699615 0.887319 0.287268 0.213211 0.00137964
1 0.355197 0.0938811 0.631368 0.179375 0.00133418
1 0.681018 0.734987 0.295099 0.388546 0.00118921
1 0.637213 0.93739 0.377067 0.124158 0.00116333
1 0.36203 0.240844 0.25551 0.296361 0.00113325
