1 0.567984 0.396004 0.785361 0.736713 0.0874836
1 0.249332 0.336209 0.445227 0.661531 0.0551208
1 0.275118 0.178955 0.420536 0.352659 0.0230385
1 0.368212 0.0981827 0.317141 0.190368 0.0221444
1 0.710526 0.492299 0.462242 0.753056 0.0174649
1 0.603181 0.689375 0.682093 0.619251 0.0125764
1 0.566334 0.0788616 0.714625 0.157723 0.00737543
1 0.385945 0.271125 0.424069 0.542251 0.00668318
1 0.845148 0.446895 0.250947 0.513456 0.00483517
1 0.362401 0.523102 0.186837 0.221302 0.00363647
1 0.350629 0.423854 0.281046 0.499421 0.00326214
1 0.792432 0.625614 0.375515 0.710263 0.0020169
1 0.200723 0.480575 0.249934 0.349251 0.00165591
1 0.48851 0.151478 0.719609 0.297362 0.00148593
1 0.285567 0.51115 0.293586 0.344339 0.00127073
