1 0.556899 0.568314 0.690811 0.791869 0.213536
1 0.374469 0.577036 0.336802 0.759672 0.0530175
1 0.712361 0.576361 0.310945 0.586481 0.0378212
1 0.778406 0.82435 0.326442 0.321171 0.00714339
1 0.6379 0.809205 0.607895 0.373698 0.00463843
1 0.33417 0.822236 0.207209 0.271705 0.0035264
1 0.814322 0.604848 0.335188 0.687537 0.00343773
1 0.744755 0.711793 0.274374 0.3828 0.00182572
1 0.763859 0.902368 0.401996 0.194147 0.00180719
1 0.391998 0.300677 0.229452 0.235514 0.00146744
1 0.284969 0.748222 0.228423 0.469538 0.00144986
1 0.777139 0.928273 0.392146 0.0879375 0.00136915
1 0.395792 0.828304 0.359344 0.318727 0.00136872
1 0.281244 0.896215 0.217072 0.182752 0.0011311
1 0.394908 0.396624 0.236676 0.36262 0.00111439
1 0.479999 0.925163 0.56319 0.101209 0.00110714
