1 0.352998 0.629041 0.342191 0.277793 0.184799
1 0.557529 0.686488 0.868601 0.427113 0.16066
1 0.570006 0.485467 0.830201 0.657689 0.0908792
1 0.366476 0.436329 0.430014 0.621451 0.0161101
1 0.418288 0.566211 0.613784 0.480129 0.0135125
1 0.847417 0.653311 0.251191 0.196313 0.00862986
1 0.709232 0.66679 0.544316 0.259465 0.00493442
1 0.324561 0.681051 0.468922 0.438502 0.00482476
1 0.282645 0.698141 0.343117 0.182842 0.00357723
1 0.825784 0.741118 0.344558 0.324556 0.00344707
1 0.272968 0.522936 0.40238 0.518523 0.00301328
1 0.824676 0.130522 0.329419 0.201713 0.00271319
1 0.866758 0.562855 0.249716 0.314691 0.00234169
1 0.736601 0.369484 0.493301 0.697478 0.00214005
1 0.813119 0.556051 0.359506 0.527009 0.00179888
1 0.732398 0.861006 0.526633 0.237151 0.00160709
1 0.830684 0.287158 0.326261 0.551509 0.00160112
1 0.913907 0.434551 0.172185 0.437425 0.00153764
1 0.863457 0.0701721 0.258794 0.135676 0.00153063
1 0.817152 0.928389 0.365695 0.0922152 0.00100681
