1 0.565234 0.469587 0.844839 0.803233 0.40548
1 0.295353 0.419757 0.447649 0.778293 0.0877475
1 0.797936 0.48033 0.38566 0.730107 0.0615318
1 0.314456 0.565791 0.273738 0.400474 0.0377359
1 0.713204 0.68655 0.50886 0.41945 0.0285212
1 0.440231 0.432173 0.459271 0.708727 0.00299068
1 0.249962 0.524988 0.297024 0.548893 0.00289658
1 0.858538 0.561214 0.243411 0.497314 0.00161173
1 0.321278 0.209925 0.537269 0.38488 0.00143456
1 0.58668 0.745873 0.809416 0.403982 0.0013884
1 0.401538 0.615951 0.52456 0.462677 0.00127604
