1 0.365734 0.488144 0.721699 0.954613 0.159191
1 0.579824 0.797653 0.587036 0.400214 0.0311641
1 0.199282 0.474438 0.352139 0.816995 0.0272398
1 0.544481 0.541279 0.523079 0.721102 0.0177109
1 0.209232 0.163504 0.408701 0.319195 0.0176063
1 0.638287 0.729872 0.344056 0.401819 0.0173129
1 0.158397 0.618341 0.221268 0.49345 0.0086524
1 0.680032 0.629799 0.569455 0.73664 0.00819454
1 0.745696 0.83936 0.495616 0.317904 0.00705187
1 0.162578 0.697356 0.178358 0.284905 0.00656083
1 0.175436 0.10189 0.350628 0.188466 0.00623865
1 0.570282 0.89348 0.639147 0.21304 0.00390476
1 0.160034 0.750438 0.279201 0.440212 0.00375811
1 0.34786 0.763289 0.672175 0.472599 0.00372455
1 0.336561 0.437883 0.370063 0.828671 0.00338332
1 0.704814 0.542051 0.345304 0.694611 0.00309667
1 0.732579 0.919044 0.490366 0.161913 0.00202383
1 0.88414 0.572574 0.230522 0.831848 0.00148344
1 0.268953 0.234133 0.307321 0.330055 0.00147319
1 0.821826 0.713831 0.350511 0.572339 0.00143829
1 0.652442 0.334464 0.6784 0.668929 0.00125481
1 0.940357 0.554703 0.119286 0.774527 0.00101784
