1 0.495609 0.434093 0.639082 0.805382 0.130417
1 0.48284 0.677597 0.644213 0.448898 0.0457021
1 0.391382 0.656962 0.410584 0.32139 0.00771005
1 0.33345 0.407774 0.318829 0.731626 0.00755546
1 0.462222 0.180526 0.525769 0.342842 0.0068369
1 0.316597 0.652953 0.225915 0.240148 0.004522
1 0.662717 0.440291 0.344959 0.802858 0.00368769
1 0.609812 0.150732 0.273594 0.252289 0.00345071
1 0.29779 0.147897 0.478739 0.265393 0.00270142
1 0.292096 0.546194 0.270896 0.512198 0.00213676
1 0.608769 0.683693 0.376896 0.292511 0.0017656
1 0.32215 0.633006 0.495269 0.598318 0.00151692
1 0.290772 0.748332 0.32637 0.407501 0.00120423
1 0.702975 0.667774 0.255954 0.341886 0.00108088
