1 0.416532 0.488738 0.733144 0.895506 0.0781092
1 0.233234 0.479885 0.426259 0.7801 0.0310342
1 0.707772 0.460534 0.307703 0.715514 0.0217119
1 0.279601 0.763282 0.483282 0.404332 0.0167455
1 0.13726 0.550807 0.235675 0.695812 0.0150292
1 0.432514 0.111146 0.768748 0.221195 0.0131321
1 0.301489 0.159653 0.294582 0.250413 0.00730601
1 0.268536 0.232996 0.354539 0.291913 0.00482307
1 0.79628 0.443365 0.296767 0.823984 0.00475948
1 0.389298 0.389988 0.446877 0.761988 0.0044971
1 0.246583 0.86259 0.413754 0.25296 0.00432975
1 0.581978 0.544139 0.585289 0.689941 0.00369165
1 0.403576 0.188812 0.599457 0.363616 0.00308795
1 0.142233 0.695614 0.189609 0.404096 0.00267743
1 0.497922 0.0649509 0.682311 0.124452 0.00219674
1 0.466032 0.671659 0.523198 0.524195 0.0020839
1 0.17137 0.79159 0.291829 0.36072 0.00154882
1 0.289476 0.920344 0.500907 0.125292 0.00138743
1 0.102978 0.738397 0.113984 0.35398 0.001051
