1 0.537163 0.543356 0.914017 0.714707 0.113148
1 0.676786 0.663561 0.537411 0.442407 0.085499
1 0.472764 0.64256 0.710338 0.420975 0.026468
1 0.298551 0.537374 0.406752 0.56093 0.0222499
1 0.730583 0.480165 0.488364 0.727757 0.0204353
1 0.299557 0.647868 0.367501 0.274419 0.0119479
1 0.824958 0.588676 0.182949 0.302223 0.01121
1 0.78146 0.641753 0.321186 0.344865 0.0104847
1 0.222767 0.623627 0.258299 0.364502 0.00736766
1 0.831612 0.49782 0.251242 0.499983 0.00734673
1 0.343567 0.706233 0.522578 0.397707 0.00633667
1 0.195017 0.552381 0.390033 0.720912 0.00408032
1 0.444347 0.651013 0.352966 0.34378 0.0034871
1 0.429377 0.486404 0.405975 0.631568 0.00207731
1 0.215804 0.754646 0.313331 0.327936 0.00200238
1 0.737509 0.811648 0.498902 0.331716 0.00192711
1 0.327424 0.199714 0.432267 0.179607 0.00155199
1 0.790122 0.301737 0.40181 0.417489 0.00114768
1 0.270465 0.825742 0.463895 0.299877 0.00112852
1 0.41655 0.102697 0.507979 0.183539 0.00107704
