1 0.633256 0.284372 0.733488 0.568316 0.187409
1 0.808229 0.271734 0.382195 0.542565 0.0684598
1 0.569298 0.201019 0.492112 0.399562 0.0594007
1 0.757744 0.153173 0.481537 0.306347 0.0112903
1 0.48524 0.142403 0.407039 0.282249 0.00981615
1 0.778137 0.491012 0.443726 0.982024 0.00696596
1 0.881249 0.186752 0.237503 0.373505 0.0066245
1 0.413703 0.230881 0.602059 0.458735 0.00562894
1 0.612955 0.105504 0.499255 0.211008 0.00448922
1 0.404763 0.404255 0.781933 0.800732 0.00275971
1 0.899128 0.353244 0.200027 0.700187 0.00178298
1 0.450421 0.0738958 0.466988 0.143795 0.00108859
