1 0.448336 0.406109 0.803901 0.80661 0.213812
1 0.260538 0.381475 0.425288 0.751079 0.0540732
1 0.454891 0.67188 0.758381 0.578741 0.0476415
1 0.599915 0.36059 0.425566 0.70877 0.0181057
1 0.271546 0.605595 0.390475 0.428493 0.0165986
1 0.606843 0.556221 0.475715 0.444272 0.0164185
1 0.299351 0.103996 0.457712 0.20764 0.0137657
1 0.204568 0.625098 0.281181 0.298877 0.0117316
1 0.46674 0.168103 0.61751 0.336207 0.0105124
1 0.68864 0.580483 0.337756 0.328645 0.0088908
1 0.50934 0.0911874 0.416612 0.180168 0.00675128
1 0.735141 0.372508 0.407714 0.717178 0.00458711
1 0.148393 0.678772 0.218014 0.243025 0.00426478
1 0.129536 0.441154 0.235193 0.704331 0.00310478
1 0.217816 0.726103 0.364406 0.388827 0.00295048
1 0.256347 0.17674 0.31047 0.315035 0.00288827
1 0.673066 0.51039 0.218981 0.252409 0.00269813
1 0.442258 0.556533 0.504472 0.45215 0.00161685
1 0.681624 0.429234 0.269229 0.431384 0.00148767
1 0.735804 0.79644 0.440903 0.394672 0.00138839
1 0.200304 0.315013 0.337879 0.493302 0.00119233
1 0.641796 0.434944 0.231006 0.254619 0.001047
