1 0.335928 0.666253 0.277105 0.263782 0.0813116
1 0.286609 0.585513 0.287927 0.476061 0.019514
1 0.368288 0.468832 0.327558 0.651428 0.0118756
1 0.362404 0.678765 0.416227 0.46566 0.0113527
1 0.448392 0.554046 0.321316 0.539527 0.00340318
1 0.89851 0.495644 0.20072 0.624721 0.00273806
1 0.193098 0.521046 0.332779 0.593351 0.0023156
1 0.55089 0.52495 0.682549 0.643608 0.00217274
1 0.934085 0.430702 0.13183 0.46083 0.0015465
1 0.471405 0.725551 0.422376 0.39398 0.0011327
1 0.846655 0.598517 0.244945 0.395321 0.00112877
1 0.280025 0.842567 0.304792 0.19915 0.00104407
