1 0.269955 0.470437 0.311033 0.455479 0.114334
1 0.205417 0.607127 0.376696 0.703696 0.0299056
1 0.451951 0.597653 0.669829 0.741644 0.0161223
1 0.671002 0.591248 0.342241 0.722718 0.014515
1 0.328155 0.530286 0.368315 0.685239 0.00698344
1 0.707667 0.839472 0.280317 0.264072 0.00594179
1 0.647811 0.41258 0.226492 0.343619 0.00416222
1 0.263594 0.932603 0.464694 0.122858 0.00335421
1 0.182771 0.824489 0.34701 0.343966 0.00298338
1 0.298037 0.871467 0.578617 0.253985 0.00278821
1 0.734188 0.89662 0.449982 0.202724 0.0024847
1 0.565815 0.809991 0.535947 0.360631 0.00238017
1 0.660062 0.775135 0.316473 0.343437 0.00224339
1 0.308219 0.36629 0.23459 0.32769 0.00169847
1 0.265129 0.753889 0.49164 0.492222 0.00161221
1 0.757982 0.896747 0.242163 0.18804 0.00160202
1 0.148402 0.893647 0.287442 0.204848 0.00151242
1 0.696422 0.932982 0.396928 0.0946039 0.00150742
1 0.221495 0.342394 0.404019 0.579331 0.00137459
1 0.757412 0.764704 0.266536 0.393624 0.00118907
1 0.510613 0.928134 0.582049 0.122446 0.00113453
1 0.570153 0.401446 0.337081 0.473751 0.00101908
