1 0.306061 0.485663 0.386407 0.343986 0.153896
1 0.529446 0.357018 0.903241 0.71308 0.0818377
1 0.326464 0.348634 0.394441 0.573359 0.0527683
1 0.58921 0.331295 0.489187 0.655264 0.0204107
1 0.453803 0.499446 0.487115 0.409758 0.0153424
1 0.290681 0.545066 0.511853 0.532992 0.0115457
1 0.322808 0.209887 0.498191 0.415663 0.00955471
1 0.518867 0.203399 0.708656 0.406773 0.00616106
1 0.439158 0.109424 0.685798 0.215728 0.00499998
1 0.552072 0.0662207 0.739568 0.132441 0.00368553
1 0.768748 0.346721 0.438408 0.670185 0.00354145
1 0.287445 0.36709 0.57489 0.727802 0.00353082
1 0.538889 0.597318 0.787093 0.575534 0.00312406
1 0.339137 0.0605626 0.393621 0.119853 0.00309965
1 0.722829 0.527657 0.423027 0.436675 0.00275794
1 0.587936 0.50511 0.500168 0.317781 0.00272495
1 0.211095 0.313842 0.321861 0.580001 0.00244782
1 0.753516 0.0630038 0.466776 0.124881 0.00226634
1 0.39877 0.746516 0.583649 0.501494 0.0016562
1 0.270717 0.0967043 0.475441 0.193409 0.00159484
1 0.645899 0.116014 0.539793 0.22879 0.00134019
1 0.878576 0.360688 0.234862 0.661779 0.00125645
1 0.789946 0.855631 0.400821 0.281689 0.00118978
1 0.728388 0.517426 0.263042 0.297907 0.00110595
1 0.586649 0.80384 0.826702 0.392319 0.0010299
