1 0.44539 0.669507 0.873094 0.520782 0.0744367
1 0.524283 0.437575 0.935085 0.866641 0.0305731
1 0.471636 0.144692 0.943272 0.28859 0.0153089
1 0.347717 0.636593 0.586234 0.382842 0.0127039
1 0.279639 0.12249 0.559278 0.243408 0.0126545
1 0.57459 0.125969 0.482997 0.246972 0.00794443
1 0.587866 0.656629 0.531586 0.332283 0.00760962
1 0.336812 0.294226 0.673625 0.588443 0.00604062
1 0.672782 0.107658 0.363755 0.190333 0.00528857
1 0.266609 0.628802 0.336939 0.277668 0.00344976
1 0.280697 0.407292 0.419964 0.742216 0.00326205
1 0.563148 0.270729 0.746412 0.526098 0.0027349
1 0.634786 0.421047 0.497724 0.798113 0.00264731
1 0.170378 0.67286 0.270478 0.29208 0.00227144
1 0.42976 0.0894231 0.697751 0.178378 0.00222463
1 0.255205 0.712732 0.452322 0.394562 0.00218575
1 0.731968 0.0686776 0.49602 0.136456 0.0020425
1 0.167534 0.442377 0.278668 0.693993 0.00195034
1 0.70308 0.184087 0.537295 0.365877 0.00157087
1 0.537735 0.790677 0.809527 0.418646 0.00127803
