1 0.504734 0.456203 0.959039 0.810163 0.130643
1 0.318791 0.424864 0.484564 0.588855 0.042247
1 0.611749 0.377927 0.460578 0.604009 0.034736
1 0.193229 0.441731 0.280103 0.43575 0.00575807
1 0.117059 0.463718 0.143187 0.463428 0.00519251
1 0.657349 0.650083 0.43085 0.530447 0.00298327
1 0.431551 0.334143 0.500122 0.48756 0.00179522
1 0.699421 0.262949 0.53722 0.43133 0.00137493
1 0.165732 0.127335 0.280804 0.166026 0.00130508
1 0.21767 0.33973 0.382968 0.529704 0.00129694
1 0.166222 0.0701254 0.315435 0.135077 0.00126097
1 0.66735 0.573882 0.32586 0.339488 0.00100027
