1 0.670914 0.549597 0.380434 0.426579 0.179039
1 0.583623 0.399012 0.613735 0.751722 0.137501
1 0.498873 0.468083 0.639502 0.459568 0.0234409
1 0.735107 0.38105 0.295208 0.671219 0.0110287
1 0.352047 0.336839 0.505463 0.661621 0.0105141
1 0.684392 0.0893136 0.319405 0.167828 0.00944986
1 0.338168 0.515193 0.213325 0.21476 0.00860341
1 0.39022 0.424678 0.351512 0.457659 0.00858487
1 0.745236 0.51066 0.490704 0.671153 0.0076591
1 0.5737 0.623183 0.675214 0.589487 0.00638656
1 0.776515 0.589564 0.364817 0.44866 0.00402338
1 0.297578 0.375551 0.281153 0.54909 0.00341
1 0.805514 0.0620268 0.380753 0.124054 0.00258877
1 0.346366 0.548772 0.320037 0.403767 0.00236377
1 0.706795 0.226268 0.375514 0.40794 0.00205167
1 0.533171 0.112787 0.553438 0.218745 0.00193752
1 0.832338 0.391512 0.293781 0.717975 0.00186825
1 0.362074 0.458402 0.724147 0.904409 0.00141038
1 0.368033 0.204345 0.325344 0.330976 0.00121256
