1 0.154177 0.636437 0.285976 0.34691 0.120358
1 0.179422 0.523082 0.355447 0.580819 0.106738
1 0.412213 0.584087 0.774705 0.654979 0.0392681
1 0.703719 0.587427 0.442292 0.643834 0.0338546
1 0.2167 0.706194 0.384725 0.359384 0.00983804
1 0.659474 0.655894 0.2708 0.406905 0.00694759
1 0.850629 0.566093 0.291911 0.620283 0.00480487
1 0.341279 0.734995 0.554033 0.431747 0.00455566
1 0.583835 0.548042 0.276328 0.638252 0.00379257
1 0.576047 0.296511 0.181129 0.127951 0.00254276
1 0.581285 0.704104 0.220502 0.33888 0.00233712
1 0.60943 0.739541 0.386169 0.419422 0.00175901
1 0.483097 0.686576 0.386835 0.400499 0.00153594
1 0.237248 0.326849 0.432374 0.478436 0.00124792
1 0.228448 0.394017 0.322607 0.300209 0.00124112
