1 0.569569 0.424955 0.816823 0.809345 0.0192694
1 0.365092 0.621335 0.334262 0.273581 0.00995953
1 0.357681 0.424022 0.373349 0.683386 0.00678288
1 0.540246 0.637648 0.42468 0.316553 0.00603179
1 0.517623 0.400611 0.424861 0.763809 0.00332264
1 0.664934 0.451466 0.381484 0.705739 0.00317441
1 0.376753 0.601773 0.512093 0.451925 0.0028657
1 0.650482 0.642862 0.371552 0.271383 0.00283704
1 0.228571 0.466323 0.344561 0.665269 0.0027353
1 0.773452 0.622846 0.186353 0.300999 0.00187591
1 0.26756 0.625024 0.225288 0.334865 0.00178989
1 0.783385 0.510626 0.241237 0.562485 0.00171515
1 0.727148 0.591181 0.425719 0.530226 0.0016337
1 0.480779 0.691756 0.752806 0.494091 0.00118332
1 0.32706 0.730548 0.392858 0.461699 0.00101559
