1 0.523456 0.434847 0.854817 0.725956 0.0624869
1 0.276282 0.440691 0.417349 0.648415 0.0462462
1 0.217152 0.583894 0.360118 0.310115 0.0279956
1 0.667864 0.476697 0.430471 0.538819 0.00975341
1 0.320321 0.599699 0.260781 0.298975 0.0095883
1 0.754212 0.594315 0.239511 0.301348 0.00494358
1 0.769981 0.401377 0.396374 0.700928 0.00445173
1 0.421019 0.619998 0.536608 0.398195 0.00440874
1 0.629379 0.602105 0.582158 0.41984 0.00372734
1 0.783708 0.481136 0.250981 0.48495 0.00330027
1 0.216258 0.115941 0.399066 0.211468 0.00248043
1 0.150806 0.486407 0.267677 0.456617 0.0024696
1 0.688276 0.109909 0.380808 0.204145 0.0013095
1 0.18556 0.353035 0.348403 0.617646 0.00112103
1 0.252961 0.674681 0.457908 0.414871 0.00103932
