1 0.530111 0.444415 0.894094 0.829088 0.160571
1 0.675637 0.632429 0.420963 0.41656 0.0304916
1 0.309066 0.400438 0.477182 0.73193 0.0253522
1 0.737273 0.488923 0.420791 0.670988 0.020183
1 0.737199 0.620008 0.257023 0.304286 0.0135022
1 0.277483 0.477574 0.381766 0.456577 0.0119324
1 0.617482 0.39564 0.480706 0.778505 0.011861
1 0.303475 0.560354 0.310604 0.270106 0.00821959
1 0.812023 0.530946 0.258559 0.502792 0.00698318
1 0.639279 0.16947 0.289872 0.256278 0.00588459
1 0.525331 0.579903 0.560262 0.458259 0.00524315
1 0.429936 0.176682 0.663421 0.33498 0.00460434
1 0.395377 0.581509 0.278904 0.323289 0.00384102
1 0.461964 0.384352 0.463993 0.726229 0.00334747
1 0.18403 0.418822 0.277089 0.551103 0.00274374
1 0.189545 0.528612 0.217085 0.365335 0.00243718
1 0.315317 0.210271 0.365916 0.352625 0.00217792
1 0.285198 0.60612 0.442136 0.390097 0.00196239
1 0.694617 0.130451 0.285521 0.181322 0.00172897
1 0.816001 0.699653 0.292714 0.348243 0.0016789
1 0.272315 0.140763 0.344861 0.219618 0.00155791
1 0.519753 0.670317 0.81182 0.499049 0.00123951
