1 0.506035 0.572466 0.802724 0.704927 0.196977
1 0.672892 0.633775 0.414173 0.55846 0.0702567
1 0.302416 0.513811 0.432259 0.621672 0.0686785
1 0.313855 0.645279 0.291467 0.285518 0.0184349
1 0.709886 0.729084 0.300324 0.355736 0.0145486
1 0.381896 0.651516 0.450904 0.373452 0.00901621
1 0.777943 0.269433 0.430874 0.19193 0.0055281
1 0.591264 0.771688 0.565958 0.405323 0.00513923
1 0.212925 0.437876 0.301853 0.52215 0.00401921
1 0.305469 0.778868 0.447178 0.407686 0.00376
1 0.145821 0.560844 0.273567 0.72769 0.00193141
1 0.676075 0.441049 0.639716 0.871179 0.00188083
1 0.768321 0.284004 0.44528 0.37722 0.00172802
1 0.794642 0.672207 0.381205 0.612318 0.00153433
1 0.239536 0.626067 0.367294 0.438615 0.00137665
