1 0.396296 0.458112 0.379858 0.638009 0.0571279
1 0.379195 0.649565 0.28921 0.241134 0.0292758
1 0.572289 0.486771 0.829603 0.733308 0.00992451
1 0.421343 0.672909 0.39095 0.368488 0.00772847
1 0.921838 0.480519 0.156324 0.642256 0.00562183
1 0.81047 0.519806 0.352945 0.769956 0.00549347
1 0.372328 0.296415 0.336845 0.271308 0.00532849
1 0.320967 0.590567 0.222659 0.355511 0.00430845
1 0.541988 0.703839 0.667424 0.505268 0.00296228
1 0.391923 0.252843 0.241178 0.187868 0.00203388
1 0.258423 0.459815 0.336765 0.607168 0.00182254
1 0.900737 0.654529 0.175125 0.553425 0.00149633
1 0.396314 0.797484 0.392897 0.360191 0.00116262
