1 0.518955 0.44542 0.889727 0.873089 0.271736
1 0.379026 0.585936 0.473813 0.408125 0.0473574
1 0.544401 0.608319 0.51982 0.415691 0.0416432
1 0.49715 0.451692 0.408944 0.690969 0.0346323
1 0.246472 0.105927 0.476432 0.204487 0.0289966
1 0.374838 0.412981 0.371022 0.673262 0.0190477
1 0.706219 0.419495 0.472441 0.782414 0.010491
1 0.412762 0.140306 0.726896 0.277522 0.00888125
1 0.260035 0.412848 0.30768 0.704418 0.00580619
1 0.618637 0.0855449 0.450795 0.163637 0.0056743
1 0.243215 0.579712 0.224538 0.394415 0.00460975
1 0.307238 0.452516 0.614476 0.888621 0.00403947
1 0.452584 0.0889492 0.539413 0.164923 0.00377384
1 0.2866 0.694086 0.349902 0.273186 0.00319514
1 0.480973 0.677073 0.818895 0.47023 0.00310138
1 0.267039 0.21078 0.521477 0.398627 0.00283657
1 0.331001 0.137413 0.317389 0.201009 0.00247367
1 0.735821 0.0600394 0.498762 0.120079 0.00240277
1 0.785137 0.471527 0.221049 0.551683 0.00197265
1 0.366472 0.237437 0.299617 0.346322 0.0016561
1 0.693244 0.629026 0.296824 0.248318 0.00163011
1 0.76323 0.640427 0.166109 0.20695 0.00133233
1 0.343219 0.18714 0.236312 0.203657 0.00127066
1 0.214178 0.799788 0.309485 0.309456 0.0010451
