1 0.502309 0.613948 0.875529 0.729988 0.254686
1 0.77005 0.681322 0.293176 0.337383 0.109889
1 0.203225 0.634407 0.33187 0.699073 0.107393
1 0.750682 0.594603 0.398615 0.608857 0.0451814
1 0.188082 0.73355 0.225379 0.491117 0.0349956
1 0.29132 0.740541 0.453581 0.478147 0.0270186
1 0.204171 0.835353 0.318207 0.327583 0.0189926
1 0.390557 0.839734 0.662713 0.320532 0.0105957
1 0.777964 0.770085 0.393268 0.450316 0.00748532
1 0.755682 0.505364 0.253843 0.510967 0.00670388
1 0.84152 0.532712 0.287733 0.608348 0.00604685
1 0.374133 0.591025 0.46047 0.670748 0.00595179
1 0.196331 0.930606 0.278684 0.116747 0.00480841
1 0.123966 0.703536 0.23289 0.587228 0.0031155
1 0.847856 0.767859 0.292697 0.325602 0.00297807
1 0.807587 0.850662 0.377508 0.236505 0.00287344
1 0.329028 0.934803 0.48423 0.113934 0.00264236
1 0.275071 0.560926 0.245665 0.602959 0.00238078
1 0.778069 0.108427 0.372054 0.188716 0.00186704
1 0.639264 0.740111 0.5735 0.485962 0.00158722
1 0.783963 0.928262 0.392841 0.0984516 0.00121581
1 0.539351 0.352987 0.877988 0.705973 0.00104458
1 0.753429 0.268696 0.449289 0.437692 0.00101675
1 0.0734489 0.622948 0.138462 0.716126 0.00100449
