1 0.3205 0.666229 0.423555 0.471863 0.0616113
1 0.592615 0.57591 0.785843 0.662442 0.0392273
1 0.283941 0.649721 0.34696 0.27875 0.0148288
1 0.304942 0.52162 0.377395 0.501586 0.0127257
1 0.809515 0.650233 0.214965 0.331581 0.0123166
1 0.566726 0.788965 0.804535 0.422071 0.0121361
1 0.723174 0.669269 0.402401 0.381396 0.0107194
1 0.271328 0.805131 0.433976 0.347541 0.00705416
1 0.765296 0.541656 0.416421 0.646971 0.00523783
1 0.805533 0.753113 0.328001 0.398713 0.00481382
1 0.575182 0.915121 0.763484 0.169758 0.00299745
1 0.207764 0.6858 0.366056 0.386972 0.00290287
1 0.805115 0.861033 0.347029 0.261867 0.00285761
1 0.861078 0.630112 0.264504 0.493381 0.00200802
1 0.740125 0.926292 0.456543 0.146792 0.001841
1 0.873275 0.811161 0.242466 0.321382 0.00171142
