1 0.467966 0.445175 0.839455 0.86024 0.123603
1 0.177748 0.444499 0.277357 0.643147 0.0528876
1 0.637945 0.459145 0.455769 0.785045 0.0490595
1 0.303198 0.407319 0.381577 0.68814 0.0451685
1 0.742879 0.424424 0.303245 0.6469 0.0159128
1 0.271536 0.326328 0.287143 0.444426 0.00297541
1 0.3132 0.217429 0.280202 0.31455 0.00213431
1 0.283892 0.599951 0.312819 0.319131 0.00199117
1 0.307449 0.0713722 0.316599 0.137443 0.00190556
1 0.632387 0.365731 0.291754 0.595215 0.00155856
1 0.193532 0.542983 0.187807 0.407981 0.00148344
1 0.643861 0.731632 0.341513 0.407837 0.00137511
1 0.495383 0.0832339 0.583192 0.156563 0.00136521
1 0.506416 0.683063 0.63394 0.481436 0.00130406
1 0.40881 0.162542 0.531359 0.303886 0.00128503
1 0.616719 0.0594477 0.292229 0.11303 0.00117183
