1 0.57762 0.47988 0.834381 0.81167 0.190443
1 0.753983 0.568739 0.390643 0.643649 0.0936973
1 0.806053 0.729503 0.321571 0.414361 0.0305315
1 0.705817 0.709475 0.521927 0.513583 0.0282444
1 0.290732 0.775255 0.23586 0.359064 0.0213055
1 0.324503 0.497457 0.33167 0.808341 0.0177399
1 0.262795 0.625561 0.242319 0.60079 0.0170681
1 0.782143 0.602637 0.310268 0.403816 0.0145566
1 0.552457 0.800539 0.895086 0.398922 0.00948799
1 0.760751 0.81778 0.459747 0.355911 0.00535197
1 0.39629 0.773149 0.478552 0.430297 0.00366471
1 0.758716 0.382317 0.444356 0.6526 0.00332027
1 0.216851 0.596513 0.424904 0.726432 0.00288318
1 0.115268 0.646154 0.210033 0.69947 0.00212775
1 0.337572 0.682028 0.304336 0.393389 0.00203093
1 0.856695 0.611138 0.282715 0.651088 0.00196928
1 0.217207 0.857677 0.327286 0.270063 0.00169481
1 0.525135 0.69994 0.685674 0.416899 0.00143493
1 0.875681 0.812431 0.24759 0.369638 0.00133805
1 0.319159 0.874066 0.337386 0.244408 0.00114668
