1 0.404524 0.748094 0.671004 0.429258 0.0663274
1 0.301529 0.779662 0.416258 0.340648 0.051332
1 0.251528 0.677453 0.339922 0.397684 0.0233927
1 0.435363 0.451876 0.554263 0.903752 0.018119
1 0.644478 0.761592 0.562474 0.412609 0.0148596
1 0.227695 0.871865 0.356531 0.217517 0.0145741
1 0.833064 0.65976 0.213756 0.252753 0.00908507
1 0.277972 0.547493 0.481078 0.788371 0.00850568
1 0.648557 0.465101 0.66176 0.839421 0.0074785
1 0.299439 0.911732 0.474346 0.147336 0.00723592
1 0.391285 0.153612 0.314718 0.271088 0.0065842
1 0.77447 0.489204 0.352309 0.694889 0.00583177
1 0.3314 0.687586 0.248029 0.312926 0.00536923
1 0.133299 0.731892 0.221407 0.503898 0.00470332
1 0.737751 0.705459 0.363421 0.323853 0.00427808
1 0.273785 0.0808045 0.454706 0.156251 0.00353141
1 0.328873 0.58307 0.300198 0.511073 0.00291722
1 0.849942 0.518973 0.2601 0.543789 0.00287248
1 0.113715 0.830859 0.173234 0.286053 0.00274087
1 0.55859 0.150771 0.623013 0.290667 0.00234984
1 0.753188 0.873027 0.460394 0.216725 0.00209844
1 0.851459 0.739412 0.197515 0.279517 0.00196016
1 0.161756 0.931598 0.264592 0.132429 0.00170946
1 0.70502 0.640642 0.49847 0.525514 0.00168596
1 0.110506 0.90408 0.16674 0.169932 0.00147713
1 0.611101 0.713765 0.317229 0.332024 0.00142068
1 0.442665 0.228955 0.400435 0.437915 0.0013526
1 0.671645 0.158966 0.206714 0.154653 0.00116381
1 0.88121 0.818805 0.165555 0.231869 0.0010526
