1 0.375507 0.555979 0.48692 0.479469 0.00562391
1 0.694867 0.0674404 0.568323 0.132315 0.00499578
1 0.729488 0.444096 0.409834 0.614469 0.00321219
1 0.573232 0.254244 0.829693 0.507197 0.00320021
1 0.432319 0.403689 0.543366 0.692454 0.00317117
1 0.549692 0.105816 0.900615 0.211631 0.00257366
1 0.309379 0.633592 0.327283 0.263103 0.00229413
1 0.585961 0.509085 0.548482 0.619753 0.00212382
1 0.290444 0.444278 0.43329 0.667909 0.00180467
1 0.497642 0.0687044 0.644334 0.137409 0.00172215
1 0.824764 0.100122 0.350138 0.190492 0.00157711
1 0.384036 0.0621493 0.354734 0.122541 0.00123463
1 0.269968 0.548522 0.248225 0.381495 0.00119622
1 0.346083 0.121073 0.363049 0.227396 0.00105314
