1 0.532899 0.480409 0.886432 0.907838 0.169814
1 0.530331 0.608461 0.590323 0.5712 0.0994334
1 0.367355 0.503892 0.491706 0.751023 0.0638755
1 0.252308 0.474192 0.286128 0.68747 0.0262617
1 0.335798 0.610227 0.390589 0.427882 0.0226776
1 0.716932 0.450095 0.467582 0.844262 0.00884276
1 0.204178 0.621693 0.209246 0.425241 0.00850257
1 0.739948 0.513901 0.238782 0.621546 0.00561079
1 0.208306 0.494016 0.416612 0.949152 0.00499891
1 0.161917 0.554191 0.247333 0.653858 0.00339725
1 0.230651 0.740776 0.325315 0.424526 0.00318683
1 0.746625 0.660114 0.306803 0.414412 0.00265111
1 0.464586 0.750528 0.823827 0.497426 0.00263031
1 0.743061 0.0584531 0.481758 0.116906 0.00260017
1 0.640841 0.0879392 0.397421 0.1553 0.00214443
1 0.643964 0.136913 0.253793 0.160189 0.00176261
1 0.536115 0.0645906 0.57212 0.129181 0.00170704
1 0.523495 0.414538 0.430872 0.797513 0.00156132
1 0.831134 0.0858042 0.330753 0.171608 0.00148649
1 0.232022 0.0693011 0.436526 0.136292 0.00144274
1 0.309137 0.10285 0.42789 0.189138 0.00129742
1 0.14232 0.747108 0.197567 0.347534 0.00110591
1 0.821389 0.547593 0.319645 0.7326 0.0010031
