1 0.444094 0.422393 0.830199 0.822071 0.039973
1 0.256398 0.419926 0.436308 0.645089 0.0235162
1 0.548144 0.425115 0.447426 0.669077 0.0147995
1 0.653178 0.450631 0.275327 0.545098 0.00992488
1 0.124384 0.42485 0.219186 0.6165 0.0066503
1 0.712287 0.569739 0.20582 0.332131 0.00471845
1 0.22742 0.578877 0.403172 0.393952 0.00384873
1 0.612508 0.567293 0.408835 0.508601 0.0029866
1 0.152862 0.537603 0.246214 0.34704 0.00297601
1 0.746196 0.505164 0.281219 0.596804 0.00183334
1 0.696981 0.375134 0.567673 0.728815 0.00162756
1 0.479541 0.659211 0.63457 0.541679 0.00112597
