1 0.325754 0.38044 0.290763 0.552498 0.0159495
1 0.569655 0.44026 0.61527 0.75861 0.0154928
1 0.310859 0.489555 0.44938 0.764364 0.0140403
1 0.275505 0.46924 0.191564 0.362693 0.0125139
1 0.761799 0.44877 0.189571 0.436369 0.00427665
1 0.670401 0.38858 0.329243 0.670062 0.00363157
1 0.216891 0.595364 0.291479 0.681046 0.00295059
1 0.446871 0.576865 0.646203 0.791455 0.00268264
1 0.715352 0.554299 0.282838 0.450313 0.00210101
1 0.491383 0.344578 0.360518 0.64948 0.00139482
1 0.827435 0.371706 0.280112 0.532892 0.00131425
1 0.209628 0.370526 0.311083 0.649302 0.00122447
1 0.622262 0.551223 0.406878 0.537776 0.00100304
