1 0.54845 0.47066 0.87193 0.9021 0.121461
1 0.318835 0.456115 0.363621 0.661584 0.102197
1 0.827861 0.741564 0.171955 0.351733 0.0518119
1 0.767021 0.576798 0.316096 0.70836 0.0432624
1 0.208951 0.508925 0.231844 0.621731 0.0224603
1 0.807501 0.617056 0.199569 0.468938 0.0189441
1 0.511041 0.472699 0.483953 0.762211 0.0156644
1 0.726804 0.773298 0.372508 0.404401 0.0149299
1 0.256389 0.612436 0.22143 0.320855 0.0117434
1 0.297666 0.627069 0.366934 0.421723 0.0101427
1 0.618304 0.699876 0.558607 0.525732 0.00805864
1 0.844189 0.560683 0.185078 0.796552 0.00399601
1 0.860989 0.813515 0.139943 0.355667 0.00243055
1 0.139356 0.551143 0.144929 0.628321 0.0023415
1 0.742512 0.885416 0.343892 0.222238 0.00221196
1 0.671525 0.478515 0.352293 0.699888 0.00192956
1 0.299569 0.435286 0.56936 0.853816 0.0011926
1 0.904336 0.758855 0.17042 0.33888 0.00108865
