1 0.315367 0.429484 0.369113 0.58025 0.135222
1 0.570034 0.547328 0.800243 0.747401 0.0405677
1 0.315682 0.578054 0.343873 0.33506 0.0263833
1 0.768034 0.560798 0.427622 0.732013 0.0215023
1 0.224887 0.440066 0.271414 0.51084 0.0192168
1 0.256674 0.519234 0.228809 0.306276 0.0165451
1 0.777748 0.637886 0.202921 0.409454 0.00983528
1 0.784836 0.750911 0.355809 0.468876 0.00621412
1 0.286267 0.676628 0.478685 0.584907 0.0046238
1 0.572826 0.73653 0.591382 0.525031 0.00445135
1 0.393623 0.66174 0.313533 0.404449 0.00367393
1 0.357005 0.798689 0.44789 0.396645 0.00356508
1 0.699236 0.446424 0.251402 0.481853 0.00326758
1 0.517141 0.468635 0.462468 0.641145 0.00319122
1 0.695148 0.701964 0.345759 0.421522 0.00313225
1 0.263385 0.0716744 0.52677 0.14257 0.00170259
1 0.769733 0.878378 0.36713 0.235518 0.00162984
1 0.855567 0.803932 0.260496 0.380913 0.00153894
1 0.881342 0.523438 0.233283 0.615689 0.00153405
1 0.690969 0.309885 0.200732 0.210783 0.00138352
1 0.518672 0.858258 0.663021 0.281704 0.0013615
1 0.755796 0.94241 0.350823 0.113172 0.00119788
