1 0.476724 0.475087 0.899684 0.767846 0.30533
1 0.179371 0.458708 0.305217 0.49573 0.161917
1 0.632378 0.424831 0.340668 0.573069 0.159177
1 0.284699 0.435847 0.472512 0.677145 0.0260079
1 0.665765 0.547517 0.325351 0.318562 0.0204369
1 0.205148 0.289907 0.366674 0.496308 0.00390191
1 0.586344 0.321987 0.297772 0.386583 0.00343385
1 0.115588 0.520855 0.217661 0.448555 0.00339769
1 0.667026 0.688251 0.392989 0.428077 0.0028449
1 0.726799 0.473998 0.339868 0.461269 0.00280017
1 0.232042 0.119082 0.427561 0.206039 0.00191369
1 0.706694 0.431131 0.582155 0.790591 0.00165007
1 0.317867 0.181139 0.5526 0.231634 0.0013217
1 0.145041 0.561355 0.290082 0.674526 0.0011428
