1 0.529884 0.374604 0.79895 0.71644 0.150761
1 0.324618 0.336324 0.453247 0.635934 0.0514963
1 0.284703 0.498004 0.306273 0.246968 0.0198418
1 0.572256 0.567126 0.708683 0.501348 0.0175109
1 0.335289 0.496684 0.459252 0.349514 0.0153031
1 0.721782 0.359952 0.47369 0.600096 0.0119398
1 0.739684 0.0896026 0.437909 0.171402 0.0101757
1 0.582359 0.808523 0.731696 0.382953 0.00693741
1 0.241026 0.424686 0.352711 0.458461 0.00626195
1 0.256354 0.079419 0.413069 0.15758 0.00514011
1 0.539048 0.0927523 0.731036 0.180052 0.00361738
1 0.277032 0.187117 0.476009 0.35977 0.00324952
1 0.714639 0.55178 0.421237 0.347997 0.00265897
1 0.635154 0.253367 0.488394 0.49163 0.00231594
1 0.77126 0.148142 0.437043 0.234228 0.00197856
1 0.736063 0.437794 0.338674 0.328143 0.00152213
1 0.77062 0.513804 0.278984 0.20402 0.00135392
1 0.615457 0.903 0.650088 0.192706 0.00134256
1 0.264797 0.595727 0.416318 0.381464 0.00128655
1 0.778345 0.856441 0.377741 0.279678 0.00115929
