1 0.568179 0.474859 0.84062 0.867605 0.352575
1 0.453814 0.440646 0.462448 0.735874 0.251995
1 0.38526 0.679651 0.342152 0.273579 0.107263
1 0.595129 0.650838 0.625851 0.419587 0.0628783
1 0.676298 0.466244 0.420521 0.673202 0.045102
1 0.373872 0.743177 0.549421 0.461503 0.0434468
1 0.370361 0.52803 0.323766 0.462402 0.0402818
1 0.706804 0.619245 0.364416 0.343619 0.0379742
1 0.364505 0.572063 0.458283 0.669485 0.031722
1 0.800925 0.594552 0.186621 0.313059 0.0305946
1 0.368045 0.24959 0.298409 0.305083 0.0213088
1 0.808899 0.486119 0.250811 0.573998 0.0209067
1 0.798932 0.622571 0.370688 0.535247 0.00588242
1 0.243677 0.656621 0.335851 0.590122 0.00325465
1 0.392527 0.329872 0.3078 0.56506 0.0019678
1 0.771024 0.176812 0.434628 0.293683 0.00159593
1 0.326684 0.861485 0.601807 0.27703 0.00123985
1 0.393054 0.107897 0.270246 0.177176 0.0011724
1 0.880817 0.481016 0.228754 0.657305 0.00112006
1 0.313294 0.507075 0.626587 0.954869 0.00102728
