1 0.27808 0.516127 0.315845 0.600313 0.219801
1 0.796975 0.583632 0.239375 0.438468 0.147102
1 0.720588 0.587941 0.413397 0.556595 0.0794659
1 0.482652 0.565943 0.856342 0.620311 0.0341734
1 0.278969 0.583023 0.527017 0.728802 0.0123114
1 0.706722 0.0855986 0.363584 0.162104 0.00726592
1 0.287744 0.696442 0.336362 0.51577 0.00686673
1 0.856814 0.67139 0.22231 0.557066 0.00279576
1 0.811744 0.438228 0.218463 0.361657 0.00279473
1 0.601785 0.0638401 0.422241 0.122341 0.00243955
1 0.263159 0.786111 0.526319 0.426931 0.00206068
1 0.63521 0.687428 0.617554 0.625145 0.00168531
1 0.464512 0.0871046 0.591908 0.162973 0.00141417
1 0.314204 0.334306 0.244006 0.286115 0.00118271
1 0.355902 0.221928 0.211333 0.107687 0.00111552
1 0.366995 0.139932 0.364214 0.140472 0.00104289
1 0.246287 0.915774 0.492575 0.165127 0.00100501
