1 0.497671 0.493136 0.685572 0.613029 0.101151
1 0.310443 0.562657 0.250749 0.24237 0.0421122
1 0.334808 0.495025 0.369267 0.426407 0.0242237
1 0.628547 0.464977 0.349733 0.471277 0.0184671
1 0.263852 0.578188 0.403759 0.3969 0.0142625
1 0.523241 0.69124 0.799161 0.582779 0.0116465
1 0.28113 0.375372 0.401125 0.621202 0.00670514
1 0.687643 0.400644 0.495913 0.689668 0.00392265
1 0.578702 0.854131 0.799258 0.291209 0.00271474
1 0.541456 0.381171 0.431477 0.658014 0.00213823
1 0.660179 0.344556 0.235761 0.379998 0.00154383
1 0.748301 0.505414 0.335077 0.490193 0.00135591
1 0.695706 0.589874 0.262938 0.269593 0.00127747
1 0.579444 0.618388 0.498191 0.393629 0.00115449
1 0.322046 0.208925 0.423884 0.350121 0.00107961
