1 0.499766 0.437272 0.849269 0.854954 0.317864
1 0.708743 0.406306 0.374495 0.741358 0.0972198
1 0.751966 0.456111 0.226219 0.464827 0.0865345
1 0.617219 0.572217 0.500411 0.492213 0.0363539
1 0.347671 0.425433 0.397025 0.786989 0.02316
1 0.818422 0.383106 0.280707 0.661314 0.00752518
1 0.307629 0.620269 0.31505 0.451383 0.00653033
1 0.18402 0.600435 0.264325 0.514297 0.0050757
1 0.493636 0.458097 0.490962 0.711821 0.00327069
1 0.426675 0.625237 0.267947 0.373376 0.00315606
1 0.246282 0.669611 0.190932 0.356656 0.00292408
1 0.204656 0.429373 0.355479 0.704312 0.00288076
1 0.476389 0.66864 0.477565 0.481805 0.00149193
1 0.266756 0.148467 0.37218 0.220871 0.00110732
