1 0.223507 0.593821 0.286547 0.232526 0.0139779
1 0.332997 0.460905 0.57602 0.634012 0.0125252
1 0.227789 0.492501 0.329208 0.467633 0.00993678
1 0.543315 0.696378 0.682839 0.416945 0.00832591
1 0.606585 0.464375 0.597013 0.615173 0.00700273
1 0.151312 0.521405 0.211081 0.374522 0.00552727
1 0.118908 0.570477 0.108902 0.219251 0.00394553
1 0.716992 0.670545 0.373637 0.299513 0.00272185
1 0.112285 0.424934 0.172721 0.595327 0.00250163
1 0.785995 0.651708 0.228193 0.239759 0.00164808
1 0.369354 0.641934 0.561201 0.33761 0.00149718
1 0.397332 0.0819518 0.415107 0.157426 0.00100228
