1 0.444248 0.352639 0.68559 0.604243 0.322597
1 0.572918 0.331251 0.358299 0.625571 0.0848869
1 0.27544 0.359334 0.259316 0.529583 0.0780001
1 0.632853 0.501824 0.243334 0.25094 0.0112633
1 0.646914 0.489971 0.351535 0.376568 0.00584249
1 0.502584 0.507775 0.524732 0.362898 0.00554637
1 0.28246 0.393494 0.564919 0.736054 0.00385342
1 0.666544 0.433964 0.502386 0.594269 0.00328279
1 0.301532 0.261448 0.419854 0.504178 0.00210576
1 0.267391 0.47981 0.324135 0.375198 0.00169186
1 0.600655 0.142645 0.24295 0.234559 0.00125754
