1 0.515782 0.329457 0.628262 0.645078 0.119219
1 0.241819 0.256088 0.461379 0.510373 0.0746096
1 0.642345 0.414429 0.341893 0.424119 0.0357013
1 0.356583 0.326336 0.418454 0.523084 0.0158498
1 0.692961 0.28547 0.39448 0.564573 0.0145511
1 0.331279 0.464682 0.383602 0.403383 0.00750255
1 0.243254 0.115551 0.461809 0.22436 0.00631153
1 0.501761 0.485673 0.887341 0.959514 0.00462088
1 0.566819 0.484457 0.544095 0.478526 0.00325211
1 0.692971 0.384257 0.60741 0.749908 0.00279987
1 0.64925 0.115079 0.530467 0.2258 0.00211841
1 0.749821 0.0604417 0.477925 0.120883 0.00177251
1 0.152699 0.353651 0.305398 0.704442 0.00156235
1 0.331405 0.420743 0.662809 0.831524 0.00150036
1 0.449971 0.13685 0.776178 0.272822 0.00147899
1 0.720769 0.477978 0.316714 0.343182 0.00139202
1 0.1113 0.230789 0.221938 0.437121 0.00129643
1 0.310175 0.0683025 0.513213 0.133565 0.00128174
1 0.76216 0.171017 0.465963 0.334446 0.00118023
1 0.133949 0.12784 0.267898 0.233048 0.00113255
