1 0.534717 0.39839 0.909151 0.779706 0.296817
1 0.317218 0.365997 0.42349 0.722916 0.117014
1 0.728456 0.601711 0.308759 0.338553 0.0798462
1 0.592083 0.639268 0.6183 0.477769 0.0158577
1 0.310007 0.229163 0.292786 0.398796 0.012369
1 0.772676 0.498563 0.272812 0.543319 0.0107448
1 0.67298 0.405071 0.427694 0.698347 0.00997655
1 0.232399 0.589428 0.357053 0.377556 0.00757441
1 0.385629 0.566271 0.751859 0.602121 0.00561962
1 0.196227 0.408347 0.339414 0.634804 0.0044339
1 0.753142 0.332213 0.242009 0.402634 0.00411784
1 0.167102 0.681122 0.295821 0.365589 0.00376396
1 0.241162 0.767837 0.441247 0.424633 0.00227984
1 0.129492 0.56242 0.207213 0.462071 0.00176492
1 0.799496 0.64951 0.304481 0.361557 0.00143333
1 0.354632 0.557686 0.285896 0.376541 0.00111906
1 0.673057 0.258334 0.359356 0.374658 0.00111846
