1 0.477044 0.445251 0.855872 0.871251 0.340972
1 0.600099 0.406656 0.412249 0.766128 0.124903
1 0.310678 0.377024 0.490415 0.742448 0.0523747
1 0.70881 0.468666 0.26274 0.664216 0.0152168
1 0.596886 0.678914 0.442817 0.439531 0.0107955
1 0.710131 0.628016 0.22817 0.321993 0.00872367
1 0.210044 0.491201 0.326055 0.537856 0.0076313
1 0.74787 0.444064 0.421105 0.865262 0.00729864
1 0.570489 0.789004 0.564533 0.409704 0.00557587
1 0.22628 0.231244 0.423345 0.418408 0.00380148
1 0.229605 0.0962956 0.435368 0.178658 0.00282824
1 0.137201 0.564392 0.235961 0.492741 0.00277001
1 0.479591 0.33595 0.423011 0.637507 0.00276033
1 0.444342 0.689325 0.795599 0.525775 0.0024676
1 0.755823 0.127559 0.424753 0.204814 0.00213504
1 0.334526 0.310385 0.269011 0.447761 0.00175882
1 0.704745 0.718507 0.272754 0.316033 0.00172361
1 0.209578 0.703764 0.390538 0.441981 0.00149836
1 0.860376 0.471078 0.187761 0.913063 0.00104148
1 0.334081 0.13858 0.524011 0.268291 0.00103539
