1 0.490451 0.468118 0.886199 0.901892 0.417999
1 0.264247 0.42941 0.448407 0.760281 0.3079
1 0.635508 0.534529 0.412506 0.617828 0.056042
1 0.202493 0.478901 0.281647 0.587738 0.0328261
1 0.237732 0.575922 0.263352 0.366807 0.0112435
1 0.693088 0.60628 0.276791 0.431076 0.0107609
1 0.756024 0.464571 0.458555 0.852406 0.00780597
1 0.733746 0.671287 0.19716 0.296683 0.00343624
1 0.533188 0.672812 0.625665 0.460546 0.002974
1 0.279083 0.633159 0.434249 0.534627 0.00172074
1 0.246212 0.0899616 0.43646 0.165142 0.00166963
1 0.231145 0.193225 0.420067 0.307587 0.00161688
1 0.457918 0.481899 0.541404 0.701468 0.00136951
