1 0.287773 0.485111 0.35232 0.543398 0.0144461
1 0.288011 0.557437 0.189621 0.280359 0.00747487
1 0.256037 0.819209 0.461155 0.357932 0.0032553
1 0.427375 0.479399 0.546646 0.636659 0.00241886
1 0.238038 0.654694 0.398456 0.512885 0.00217006
1 0.186892 0.522097 0.33963 0.586019 0.00192941
1 0.464835 0.818871 0.621814 0.358815 0.00191469
1 0.620257 0.835736 0.414974 0.316196 0.00153606
1 0.27143 0.930385 0.461013 0.135957 0.00145984
1 0.434773 0.905406 0.583441 0.187318 0.00144633
1 0.596791 0.56597 0.434984 0.780701 0.00134863
1 0.495872 0.947946 0.469933 0.104107 0.00123155
1 0.674298 0.915813 0.403171 0.154958 0.00117257
