1 0.610049 0.598706 0.665558 0.756977 0.332116
1 0.726551 0.55971 0.315091 0.59262 0.112252
1 0.258068 0.708715 0.512277 0.58257 0.0153646
1 0.352137 0.582446 0.339231 0.582422 0.0102592
1 0.148753 0.604077 0.294136 0.765013 0.00439273
1 0.118985 0.762079 0.237075 0.471717 0.00369454
1 0.810057 0.643787 0.348708 0.668799 0.00272132
1 0.0608422 0.792633 0.115232 0.402696 0.00207955
1 0.31621 0.837437 0.519931 0.320783 0.00126445
1 0.762628 0.104233 0.453393 0.194603 0.00124332
1 0.107967 0.881532 0.200081 0.228706 0.00113115
1 0.212825 0.906937 0.407327 0.178525 0.00111271
