1 0.542944 0.460449 0.803923 0.798665 0.108234
1 0.590547 0.650483 0.67405 0.494486 0.0405844
1 0.228076 0.633922 0.322852 0.228927 0.0383634
1 0.36011 0.672168 0.496024 0.329056 0.0169176
1 0.215745 0.493993 0.376754 0.530947 0.0157002
1 0.341697 0.519811 0.566877 0.665265 0.0153138
1 0.651092 0.489896 0.509363 0.612684 0.0149369
1 0.61917 0.647613 0.43325 0.30663 0.00898348
1 0.701947 0.638905 0.318637 0.219356 0.00583844
1 0.221549 0.691951 0.402258 0.382922 0.00451087
1 0.251303 0.190441 0.461884 0.270088 0.0014161
1 0.100837 0.559966 0.189898 0.451243 0.00139966
1 0.262711 0.107945 0.484573 0.182241 0.00108647
1 0.763148 0.599534 0.301363 0.331687 0.00108285
