1 0.500995 0.414507 0.635304 0.748046 0.178322
1 0.475437 0.616866 0.614063 0.408192 0.0446214
1 0.339459 0.330361 0.271023 0.557551 0.0121675
1 0.368146 0.575571 0.340827 0.28177 0.0108173
1 0.662454 0.388954 0.333248 0.673622 0.0105778
1 0.613089 0.586218 0.363938 0.337145 0.0103345
1 0.308173 0.514943 0.315388 0.414951 0.00682252
1 0.394457 0.207242 0.312701 0.314722 0.00674979
1 0.302795 0.381897 0.526779 0.720502 0.00538347
1 0.471563 0.143513 0.429611 0.232589 0.005306
1 0.600686 0.143037 0.349922 0.198248 0.00472845
1 0.661418 0.150587 0.194532 0.171019 0.00289942
1 0.223034 0.509595 0.413599 0.538544 0.00246299
1 0.349384 0.44942 0.698767 0.884754 0.00208589
1 0.725419 0.483772 0.52228 0.802621 0.00161911
1 0.534199 0.208615 0.552447 0.336955 0.0015457
1 0.425884 0.0939052 0.35443 0.161498 0.00154397
