1 0.530567 0.38808 0.826415 0.692644 0.226414
1 0.318047 0.529671 0.310933 0.303101 0.0666471
1 0.349078 0.34843 0.409583 0.674168 0.0598945
1 0.578891 0.623083 0.728332 0.713256 0.0296083
1 0.720196 0.354455 0.400898 0.632707 0.0138076
1 0.463816 0.530669 0.724565 0.392697 0.0123952
1 0.831141 0.390642 0.248515 0.510842 0.00552844
1 0.337191 0.0711335 0.402664 0.141795 0.00507101
1 0.336614 0.206329 0.337448 0.394454 0.00490919
1 0.750142 0.702944 0.40142 0.532983 0.00475265
1 0.838886 0.673043 0.211268 0.562471 0.00372836
1 0.796878 0.112924 0.406244 0.189054 0.00366399
1 0.631203 0.556051 0.504452 0.285405 0.00350388
1 0.500567 0.103559 0.70308 0.200812 0.00333495
1 0.815294 0.508759 0.167083 0.276712 0.00289119
1 0.298089 0.539127 0.435406 0.500187 0.00190639
1 0.763451 0.863442 0.42728 0.273115 0.00190181
1 0.837752 0.814704 0.236228 0.318836 0.0015718
1 0.86813 0.897321 0.173148 0.195802 0.00148159
1 0.216336 0.322228 0.337669 0.616124 0.00139029
1 0.801631 0.516093 0.337835 0.703048 0.00137161
1 0.820309 0.929764 0.297793 0.0930591 0.00127479
1 0.769652 0.541091 0.212203 0.19547 0.00119717
