1 0.493724 0.409966 0.883697 0.7622 0.134487
1 0.729137 0.527909 0.378623 0.433081 0.0815609
1 0.693635 0.414843 0.507492 0.682671 0.0481006
1 0.238066 0.380151 0.470607 0.723708 0.0391054
1 0.608314 0.582303 0.585832 0.45748 0.037125
1 0.298976 0.559058 0.395671 0.384181 0.0290629
1 0.827133 0.499712 0.2525 0.477918 0.0127711
1 0.232827 0.0741328 0.424065 0.14485 0.0104732
1 0.248067 0.148155 0.463271 0.289638 0.00790523
1 0.554325 0.620397 0.833353 0.643536 0.0046038
1 0.37222 0.612443 0.310393 0.317245 0.00332818
1 0.79508 0.547697 0.388139 0.668357 0.00157164
1 0.739154 0.698178 0.471038 0.513539 0.00113083
1 0.177309 0.507865 0.305014 0.463387 0.00112959
1 0.856043 0.741444 0.2445 0.43111 0.00108361
