1 0.292682 0.553583 0.314041 0.277473 0.0333235
1 0.537988 0.344615 0.91131 0.689229 0.0148534
1 0.259155 0.35741 0.431178 0.673356 0.00928968
1 0.430016 0.0919346 0.637981 0.183869 0.0071936
1 0.411863 0.329203 0.478438 0.651996 0.00604371
1 0.591853 0.0844532 0.402912 0.164721 0.00489565
1 0.324213 0.564824 0.457707 0.442287 0.00456751
1 0.338455 0.0861468 0.308951 0.166885 0.00438758
1 0.433861 0.533554 0.421133 0.321795 0.00376734
1 0.662375 0.209815 0.559617 0.418326 0.00366209
1 0.558668 0.563007 0.453805 0.231011 0.0034377
1 0.677433 0.062147 0.396887 0.122497 0.00327397
1 0.658692 0.595606 0.317158 0.138516 0.0028023
1 0.694898 0.546674 0.282156 0.237869 0.0021741
1 0.755507 0.85044 0.429117 0.291721 0.00193683
1 0.58822 0.371792 0.492358 0.649857 0.00173448
1 0.802202 0.919473 0.381539 0.158482 0.00146323
1 0.484848 0.160478 0.80159 0.320272 0.00145665
1 0.740148 0.0974913 0.514012 0.192225 0.00139182
1 0.681845 0.65379 0.252663 0.114463 0.00124452
1 0.577594 0.637721 0.380108 0.154115 0.00121043
1 0.731908 0.946863 0.415802 0.106198 0.00110163
1 0.781374 0.170534 0.433598 0.309045 0.00109447
1 0.708457 0.636063 0.261752 0.201687 0.00104404
