1 0.151009 0.612695 0.284012 0.420056 0.11081
1 0.229911 0.462043 0.459823 0.754085 0.0876964
1 0.453406 0.459954 0.899704 0.855595 0.0821637
1 0.659659 0.451746 0.248389 0.592502 0.0392065
1 0.0971346 0.545956 0.189419 0.605845 0.0296607
1 0.680588 0.666968 0.239697 0.379565 0.0294037
1 0.141917 0.412838 0.259531 0.686059 0.0152196
1 0.498711 0.58182 0.579098 0.697744 0.0117877
1 0.709913 0.64778 0.301138 0.616221 0.0105329
1 0.685709 0.802791 0.268177 0.386273 0.010325
1 0.177503 0.733567 0.345093 0.443461 0.00965616
1 0.703511 0.454236 0.508409 0.735117 0.0032149
1 0.772422 0.842506 0.380626 0.309076 0.00287309
1 0.812792 0.58993 0.355815 0.787461 0.00281671
1 0.322702 0.634018 0.623256 0.663054 0.00231335
1 0.791025 0.909407 0.329947 0.168835 0.0022699
1 0.726437 0.748552 0.526578 0.48398 0.00218543
1 0.0909635 0.738023 0.173443 0.431634 0.00211776
1 0.506825 0.797232 0.635102 0.402184 0.00175178
1 0.188204 0.249028 0.361081 0.321838 0.00155912
1 0.890063 0.942519 0.213353 0.108531 0.00148844
1 0.682651 0.917918 0.283934 0.158141 0.00145148
1 0.612459 0.373622 0.250889 0.373384 0.00138351
1 0.267945 0.814816 0.535891 0.352554 0.00131159
1 0.169654 0.931998 0.301351 0.12782 0.00116862
1 0.213572 0.208242 0.291932 0.176053 0.00113289
1 0.602932 0.667766 0.368425 0.548618 0.00101886
