1 0.377008 0.326204 0.422127 0.636334 0.022414
1 0.592954 0.342066 0.527076 0.675174 0.0210021
1 0.502345 0.0876658 0.612526 0.174793 0.0132705
1 0.247569 0.363656 0.315497 0.558978 0.0132222
1 0.59419 0.523416 0.502695 0.405471 0.0127422
1 0.356813 0.453384 0.338048 0.336808 0.0121488
1 0.646568 0.0622341 0.569246 0.12291 0.00842376
1 0.457419 0.485571 0.226219 0.315905 0.00741774
1 0.383213 0.0628217 0.381119 0.123814 0.0065743
1 0.329435 0.114912 0.481709 0.227166 0.00483567
1 0.694718 0.199694 0.558914 0.399336 0.00395638
1 0.858153 0.324886 0.282156 0.577393 0.00393299
1 0.267718 0.193467 0.515574 0.382613 0.00280829
1 0.143997 0.351304 0.268118 0.648852 0.00209537
1 0.811602 0.0651905 0.358576 0.130381 0.00181061
1 0.763044 0.128584 0.473029 0.244896 0.00166741
