1 0.262914 0.764805 0.300493 0.381358 0.122512
1 0.271886 0.546628 0.366829 0.743239 0.115898
1 0.666748 0.603622 0.328534 0.769444 0.0421979
1 0.269307 0.648229 0.278171 0.369173 0.0412482
1 0.411146 0.589971 0.708217 0.794237 0.0272636
1 0.713349 0.812817 0.246226 0.369465 0.014264
1 0.358138 0.775805 0.552778 0.446778 0.0135033
1 0.804795 0.615439 0.341875 0.762972 0.00765143
1 0.557282 0.811794 0.549669 0.369475 0.00523871
1 0.186195 0.815214 0.286959 0.344775 0.00388526
1 0.302667 0.869102 0.416243 0.259915 0.00368929
1 0.345491 0.229211 0.174934 0.149496 0.00271612
1 0.227186 0.903174 0.340521 0.186473 0.00264709
1 0.630089 0.920178 0.388724 0.155191 0.00261729
1 0.799586 0.888021 0.372222 0.215223 0.00260958
1 0.308294 0.378009 0.25579 0.393471 0.00224317
1 0.445349 0.926902 0.646038 0.144312 0.00203889
1 0.727959 0.939417 0.300032 0.117459 0.0018106
1 0.341311 0.18027 0.168915 0.13595 0.00119487
