1 0.634566 0.669235 0.611974 0.403277 0.120767
1 0.499763 0.470299 0.999527 0.912703 0.0633717
1 0.226587 0.588248 0.358174 0.314595 0.0273234
1 0.322524 0.406974 0.566125 0.762274 0.0226206
1 0.411883 0.623327 0.688717 0.409083 0.0150435
1 0.203839 0.448771 0.348833 0.590384 0.00983579
1 0.319668 0.106838 0.555369 0.20173 0.00848758
1 0.649093 0.479588 0.584272 0.611058 0.00768728
1 0.547057 0.108442 0.863625 0.211382 0.00622433
1 0.774277 0.627445 0.341641 0.377629 0.00611905
1 0.810942 0.461438 0.348719 0.694752 0.00397001
1 0.751964 0.151044 0.45511 0.249762 0.00278043
1 0.678029 0.0721153 0.50095 0.135403 0.00251541
1 0.268994 0.696868 0.489442 0.452479 0.00219268
1 0.435301 0.234632 0.718014 0.437855 0.00191696
1 0.244995 0.184002 0.444072 0.336145 0.00170874
1 0.578624 0.772847 0.764176 0.454305 0.0012019
