1 0.378453 0.35639 0.7317 0.658088 0.0546321
1 0.218213 0.549792 0.304503 0.261078 0.010365
1 0.243563 0.39511 0.365412 0.56907 0.00959021
1 0.217721 0.238409 0.420566 0.44788 0.00378066
1 0.206093 0.616476 0.35631 0.450539 0.00189403
1 0.6007 0.278336 0.342852 0.483688 0.00162639
1 0.431592 0.60136 0.82141 0.621756 0.0015795
1 0.524953 0.806782 0.760136 0.386435 0.00143554
1 0.684662 0.392919 0.557137 0.645887 0.00141328
1 0.198805 0.130572 0.384416 0.241559 0.00123746
1 0.669984 0.505333 0.211768 0.235257 0.00103645
