1 0.359351 0.365744 0.474743 0.726544 0.12046
1 0.522237 0.417134 0.885118 0.826371 0.106464
1 0.313407 0.203432 0.500362 0.406148 0.0254058
1 0.297211 0.0832555 0.424721 0.161826 0.00773697
1 0.256363 0.416303 0.263426 0.605302 0.00536838
1 0.793104 0.440395 0.395714 0.80796 0.00493297
1 0.530599 0.146737 0.715429 0.289162 0.00475563
1 0.298789 0.586329 0.358277 0.345436 0.00378399
1 0.200939 0.411744 0.401878 0.81191 0.00294712
1 0.255296 0.595285 0.221938 0.235753 0.00275959
1 0.293008 0.541526 0.491772 0.536222 0.0024069
1 0.528268 0.268147 0.521948 0.531275 0.00233908
1 0.693989 0.18381 0.348612 0.354748 0.00199463
1 0.648843 0.414873 0.455389 0.766925 0.00196764
1 0.7121 0.667921 0.531877 0.426519 0.00193993
1 0.881407 0.528291 0.210936 0.625447 0.00185567
1 0.636841 0.0823361 0.604693 0.162393 0.00128667
1 0.372953 0.236187 0.272987 0.35604 0.00121
1 0.779466 0.102185 0.395975 0.192971 0.00116075
1 0.550024 0.642916 0.407561 0.426425 0.00104849
