1 0.181551 0.550995 0.358246 0.540367 0.0917539
1 0.472134 0.476891 0.944268 0.936613 0.0632217
1 0.271208 0.439662 0.542415 0.77532 0.0460207
1 0.161613 0.583732 0.279736 0.334694 0.0128901
1 0.239387 0.665718 0.474342 0.378028 0.00773515
1 0.551207 0.883667 0.56424 0.202364 0.00626244
1 0.140793 0.397043 0.270026 0.559475 0.00459094
1 0.616347 0.181812 0.289956 0.338419 0.00383358
1 0.496395 0.68707 0.481436 0.355746 0.00343006
1 0.355427 0.674382 0.710854 0.509982 0.00338999
1 0.0878184 0.483093 0.167966 0.601124 0.002776
1 0.559419 0.943717 0.579156 0.112567 0.00259496
1 0.462129 0.539258 0.538774 0.679336 0.00206342
1 0.652684 0.451822 0.496451 0.751074 0.00197981
1 0.565957 0.78209 0.50954 0.132314 0.00100627
