1 0.319645 0.466914 0.270842 0.296866 0.0990858
1 0.324954 0.330106 0.297013 0.560745 0.0743701
1 0.584683 0.337647 0.820752 0.673149 0.0572502
1 0.726971 0.217808 0.546058 0.432698 0.0498331
1 0.302021 0.402958 0.55895 0.767397 0.0188466
1 0.76921 0.102748 0.46158 0.199061 0.0148148
1 0.783772 0.377012 0.428364 0.730758 0.0114608
1 0.263683 0.437092 0.371844 0.472652 0.0086157
1 0.327166 0.537163 0.347736 0.465228 0.00502849
1 0.453331 0.301298 0.47158 0.580528 0.0039098
1 0.48267 0.57326 0.69684 0.698449 0.00284812
1 0.233246 0.193606 0.441118 0.38236 0.00246702
1 0.631097 0.707858 0.715364 0.577926 0.00228588
1 0.219649 0.0729288 0.439298 0.145858 0.00220611
1 0.866229 0.23832 0.267542 0.445675 0.00209407
1 0.592804 0.14502 0.688147 0.284211 0.00184892
1 0.892997 0.428877 0.214007 0.843976 0.00150451
1 0.858208 0.0821212 0.283584 0.164242 0.0010876
