1 0.340212 0.445113 0.338468 0.519082 0.167079
1 0.518851 0.419597 0.746331 0.638101 0.143506
1 0.642396 0.445058 0.38858 0.482459 0.0155676
1 0.737433 0.504964 0.190235 0.266992 0.00491325
1 0.249832 0.433987 0.498261 0.706373 0.00483277
1 0.86757 0.875274 0.25238 0.244657 0.00475511
1 0.788502 0.471546 0.23712 0.383934 0.00446618
1 0.828054 0.940579 0.314672 0.116516 0.00377695
1 0.344498 0.616845 0.388158 0.458005 0.00314749
1 0.257527 0.518443 0.37747 0.453789 0.00278978
1 0.904201 0.779174 0.179879 0.438987 0.00264236
1 0.819792 0.329216 0.352608 0.618087 0.00203414
1 0.543733 0.583674 0.615444 0.478158 0.0019436
1 0.725962 0.0694502 0.480883 0.136588 0.00189998
1 0.766625 0.903058 0.462716 0.190218 0.00186986
1 0.672969 0.226343 0.635176 0.452502 0.00140253
1 0.842735 0.651043 0.299895 0.682958 0.00105605
