1 0.516994 0.41038 0.514992 0.789653 0.0413684
1 0.323572 0.39104 0.477119 0.750447 0.0263995
1 0.61211 0.834396 0.661929 0.325898 0.0187944
1 0.712902 0.44544 0.439594 0.764188 0.0141941
1 0.674741 0.667015 0.531598 0.449308 0.0100408
1 0.770678 0.764768 0.353686 0.333094 0.00593401
1 0.508411 0.505554 0.860726 0.758462 0.00434877
1 0.262923 0.0827964 0.416177 0.162544 0.00403362
1 0.741204 0.868684 0.462657 0.256102 0.00389083
1 0.777976 0.587951 0.358343 0.640994 0.00270693
1 0.858849 0.494079 0.220985 0.853825 0.00234354
1 0.303881 0.139639 0.460845 0.265952 0.0022911
1 0.863887 0.76385 0.154714 0.319442 0.00212842
1 0.535905 0.61119 0.33227 0.405242 0.00204214
1 0.255672 0.444365 0.26899 0.527384 0.00203627
1 0.558576 0.120953 0.842684 0.237873 0.00177321
1 0.689997 0.34847 0.306838 0.513037 0.00161251
1 0.784236 0.103173 0.424462 0.190191 0.00153388
1 0.706685 0.148744 0.28703 0.171538 0.00125935
1 0.366842 0.583281 0.50767 0.474338 0.00125207
1 0.834433 0.831833 0.252075 0.310533 0.0012493
1 0.173529 0.476242 0.24721 0.432571 0.00117908
