1 0.315289 0.81976 0.249845 0.26835 0.0406485
1 0.783605 0.651342 0.35372 0.687956 0.020472
1 0.628347 0.610762 0.633453 0.743235 0.0204044
1 0.319954 0.644267 0.266577 0.566628 0.0157891
1 0.283191 0.899097 0.261936 0.189009 0.0135302
1 0.379007 0.540399 0.317785 0.864035 0.0119707
1 0.272251 0.726927 0.22153 0.434671 0.0104716
1 0.318689 0.893447 0.467517 0.213107 0.0100338
1 0.374027 0.491558 0.237012 0.408343 0.00971568
1 0.734194 0.827804 0.410198 0.334211 0.00940613
1 0.507539 0.828469 0.738718 0.339259 0.00736577
1 0.33074 0.933015 0.408094 0.109557 0.00650998
1 0.8241 0.855152 0.262631 0.275063 0.00472237
1 0.797043 0.762808 0.259555 0.405862 0.00416033
1 0.394056 0.388501 0.198916 0.324528 0.00414998
1 0.702924 0.929712 0.465733 0.139761 0.00401888
1 0.485049 0.928906 0.632775 0.142189 0.00369646
1 0.232656 0.814533 0.194177 0.293847 0.00357459
1 0.339846 0.750128 0.408182 0.445751 0.00307268
1 0.883261 0.811231 0.196715 0.316514 0.0030316
1 0.691367 0.764432 0.617266 0.428632 0.0026459
1 0.839579 0.946216 0.234053 0.106391 0.00176429
1 0.896861 0.93516 0.165604 0.0951972 0.00152492
1 0.35779 0.315752 0.288339 0.421588 0.00137959
1 0.876148 0.611426 0.228974 0.567181 0.00137085
1 0.445463 0.707355 0.535439 0.575234 0.00129988
1 0.217881 0.656333 0.258371 0.587213 0.00107834
