1 0.497473 0.679971 0.425795 0.316209 0.0142617
1 0.52194 0.4359 0.426933 0.786261 0.0135922
1 0.392085 0.67263 0.268322 0.28482 0.00986253
1 0.362 0.483159 0.647602 0.757784 0.00458695
1 0.606596 0.671654 0.226941 0.236401 0.00396673
1 0.304592 0.535721 0.395688 0.609464 0.00362654
1 0.2928 0.702623 0.409832 0.357623 0.00314536
1 0.547005 0.127197 0.222222 0.209907 0.00305358
1 0.410766 0.682268 0.699229 0.469066 0.00285462
1 0.621725 0.105025 0.415045 0.203179 0.00124497
1 0.166169 0.50694 0.322881 0.740542 0.00122308
