1 0.483825 0.505003 0.960412 0.989994 0.389579
1 0.3613 0.355041 0.618978 0.702858 0.0525005
1 0.215633 0.394952 0.401478 0.597644 0.0297445
1 0.40736 0.184661 0.750633 0.368253 0.00879546
1 0.611271 0.237398 0.670052 0.468064 0.00629982
1 0.71997 0.106774 0.535918 0.206225 0.00519166
1 0.670427 0.684299 0.638261 0.628674 0.00376528
1 0.724351 0.418291 0.540074 0.826658 0.00264752
1 0.289311 0.533962 0.57313 0.74082 0.00224727
1 0.184098 0.616124 0.357871 0.635646 0.00194882
1 0.116326 0.457619 0.22535 0.634683 0.00176369
1 0.471272 0.0794992 0.888828 0.158998 0.00126874
1 0.155382 0.367499 0.310765 0.731684 0.00126268
1 0.5 0.824668 1 0.350665 0.00104225
