1 0.399069 0.443474 0.458484 0.85278 0.0138256
1 0.540333 0.475223 0.875709 0.915935 0.0117846
1 0.489677 0.180495 0.481774 0.354804 0.0102657
1 0.347399 0.17182 0.255375 0.230244 0.00998917
1 0.158639 0.506716 0.282613 0.756315 0.00898219
1 0.733715 0.502264 0.395731 0.733078 0.00686101
1 0.59378 0.606873 0.574461 0.602917 0.00566048
1 0.609262 0.134559 0.30958 0.234761 0.00492162
1 0.830021 0.673738 0.221456 0.402652 0.00479487
1 0.304396 0.122875 0.449519 0.221486 0.00448521
1 0.0872615 0.497103 0.129193 0.843978 0.00368334
1 0.677723 0.0929142 0.304541 0.162631 0.00365027
1 0.313386 0.668616 0.452952 0.394608 0.00363572
1 0.746603 0.0639616 0.396838 0.126419 0.00331334
1 0.278993 0.469958 0.363988 0.693201 0.00314339
1 0.850234 0.545637 0.267542 0.759868 0.00295725
1 0.746613 0.710492 0.353957 0.446614 0.00243077
1 0.568322 0.416967 0.413627 0.823515 0.00222143
1 0.210308 0.633994 0.20448 0.409592 0.0022085
1 0.870988 0.760255 0.177239 0.312009 0.00182586
1 0.580083 0.703472 0.401693 0.375163 0.00181318
1 0.720259 0.102315 0.527398 0.197599 0.00164879
1 0.886573 0.865796 0.183948 0.208996 0.00128166
1 0.904252 0.942491 0.167657 0.110394 0.00112109
1 0.518031 0.0934821 0.474658 0.186964 0.00108477
