1 0.484005 0.381673 0.623389 0.746009 0.0175499
1 0.641892 0.37034 0.331574 0.726911 0.0082866
1 0.311005 0.361133 0.389832 0.706311 0.00441875
1 0.648141 0.0892039 0.323509 0.170336 0.00334278
1 0.594455 0.573157 0.38723 0.366314 0.00252522
1 0.724951 0.508445 0.179862 0.41959 0.00221265
1 0.220609 0.359318 0.206552 0.643108 0.00215161
1 0.649905 0.200506 0.306642 0.381262 0.0019149
1 0.289096 0.616475 0.333564 0.346192 0.00161247
1 0.189259 0.509844 0.13945 0.422738 0.00130579
1 0.26906 0.503666 0.270148 0.431553 0.00116886
1 0.408331 0.548704 0.348594 0.376594 0.0010224
