1 0.560252 0.48018 0.861519 0.862266 0.114887
1 0.755094 0.454577 0.423438 0.770965 0.110901
1 0.232366 0.557788 0.308008 0.644564 0.0471835
1 0.773573 0.638944 0.332087 0.31572 0.0383945
1 0.700542 0.662008 0.510065 0.417855 0.0165453
1 0.364716 0.500494 0.464205 0.642404 0.0159853
1 0.722557 0.195628 0.331547 0.242552 0.00870984
1 0.28299 0.461856 0.22851 0.460562 0.00794252
1 0.292577 0.318694 0.209144 0.201588 0.00553296
1 0.267177 0.723912 0.27019 0.378855 0.00549469
1 0.270535 0.717186 0.395564 0.52108 0.00436387
1 0.820356 0.543096 0.312804 0.468182 0.0034104
1 0.861882 0.71063 0.220242 0.323125 0.00337807
1 0.783329 0.753358 0.402424 0.439478 0.00308572
1 0.54325 0.739381 0.827718 0.521237 0.00263916
1 0.87681 0.804392 0.20695 0.310149 0.00241963
1 0.257533 0.275719 0.350882 0.2447 0.00213235
1 0.292744 0.828147 0.527157 0.343705 0.00210708
1 0.76433 0.117485 0.412383 0.180785 0.0020607
1 0.121445 0.62381 0.216511 0.731686 0.00168594
1 0.192765 0.879381 0.347583 0.241238 0.0012967
1 0.264748 0.932199 0.455796 0.135601 0.00121597
1 0.880645 0.933654 0.211717 0.110785 0.00111168
1 0.101863 0.825014 0.159324 0.324029 0.00103936
