1 0.423854 0.455729 0.770823 0.728761 0.275297
1 0.263792 0.4585 0.370836 0.580499 0.193682
1 0.53229 0.679146 0.584634 0.638784 0.10639
1 0.627667 0.601865 0.364591 0.522216 0.0463694
1 0.232983 0.587179 0.345756 0.331861 0.0220198
1 0.598796 0.419861 0.394547 0.65833 0.0189528
1 0.700008 0.536014 0.21063 0.402873 0.0176521
1 0.178961 0.378668 0.316595 0.704605 0.0174082
1 0.253564 0.626391 0.478133 0.616624 0.014575
1 0.134982 0.590804 0.168399 0.197903 0.00723774
1 0.259471 0.21054 0.456147 0.318354 0.00639962
1 0.138383 0.526381 0.19242 0.356175 0.00559091
1 0.400031 0.619382 0.606428 0.417006 0.004194
1 0.171448 0.629422 0.288956 0.485467 0.00293229
1 0.750599 0.627965 0.265847 0.531486 0.00261833
1 0.380464 0.379291 0.427317 0.552278 0.00198043
1 0.221664 0.513706 0.443329 0.83768 0.00163999
1 0.577903 0.243103 0.39103 0.300749 0.00149944
1 0.677192 0.345612 0.236942 0.391937 0.00141493
1 0.121572 0.634272 0.196168 0.358912 0.0012779
1 0.415521 0.166817 0.665119 0.197789 0.00107685
1 0.263315 0.118241 0.476058 0.170225 0.00101002
