1 0.508149 0.456516 0.896629 0.866465 0.288786
1 0.48155 0.435899 0.481807 0.803225 0.0602762
1 0.367247 0.18758 0.290237 0.345417 0.0216201
1 0.301594 0.396632 0.494366 0.722354 0.0213873
1 0.659714 0.67771 0.414897 0.371944 0.011507
1 0.714348 0.454437 0.470412 0.820406 0.00914788
1 0.357988 0.681077 0.299517 0.253151 0.00885011
1 0.474296 0.69164 0.478686 0.331824 0.00699673
1 0.73626 0.661899 0.245069 0.271789 0.00496693
1 0.255077 0.684121 0.287427 0.401608 0.00426578
1 0.373367 0.495114 0.311253 0.609542 0.00406025
1 0.566051 0.708474 0.759759 0.46944 0.00358223
1 0.533239 0.187192 0.391121 0.331228 0.00298632
1 0.228458 0.539567 0.303189 0.640591 0.00275453
1 0.795538 0.680129 0.335177 0.429988 0.00255371
1 0.323852 0.785264 0.488731 0.39703 0.00238415
1 0.14538 0.594511 0.217548 0.661629 0.00165814
1 0.841699 0.464227 0.291288 0.788359 0.00157853
1 0.161447 0.475425 0.322895 0.858775 0.00121082
1 0.746817 0.824532 0.487801 0.30636 0.00120937
1 0.154718 0.771687 0.186808 0.271969 0.00112691
