1 0.554632 0.371702 0.757366 0.619016 0.0898761
1 0.374581 0.338463 0.35063 0.586273 0.0287952
1 0.715101 0.825204 0.539005 0.347266 0.00769158
1 0.323769 0.430523 0.259824 0.38812 0.00619827
1 0.717754 0.312772 0.417229 0.512 0.0051468
1 0.81254 0.762857 0.315847 0.474019 0.00510737
1 0.845026 0.851092 0.23116 0.288256 0.00413978
1 0.332692 0.221497 0.308254 0.238562 0.00350033
1 0.645221 0.411622 0.465967 0.442225 0.00317462
1 0.746804 0.453391 0.239152 0.29087 0.00267722
1 0.301345 0.252222 0.398647 0.396358 0.00267242
1 0.791237 0.511128 0.215633 0.205597 0.00216362
1 0.358588 0.521535 0.340915 0.362083 0.00196067
1 0.374082 0.725503 0.446431 0.501982 0.00193891
1 0.712377 0.930626 0.511087 0.137043 0.00178322
1 0.552031 0.577411 0.74687 0.611244 0.00139035
1 0.859686 0.724567 0.180824 0.423401 0.00107948
