1 0.497217 0.446422 0.849316 0.858083 0.315172
1 0.624391 0.422102 0.370224 0.669621 0.168928
1 0.301968 0.41244 0.410538 0.808301 0.0880033
1 0.749065 0.473141 0.321009 0.682733 0.0124007
1 0.168561 0.424657 0.334669 0.838192 0.0117899
1 0.513025 0.692731 0.696935 0.567367 0.0100679
1 0.172572 0.0797591 0.345144 0.155729 0.00707297
1 0.227142 0.153817 0.396453 0.301104 0.00511731
1 0.217961 0.657752 0.200615 0.321507 0.00482113
1 0.705085 0.587448 0.238868 0.33636 0.00363324
1 0.159653 0.628342 0.219749 0.449055 0.00353907
1 0.592368 0.627036 0.470015 0.408779 0.00277709
1 0.504101 0.843798 0.813296 0.311235 0.00270959
1 0.117001 0.643024 0.212302 0.654395 0.00218395
1 0.762887 0.876989 0.460062 0.244686 0.00164593
1 0.903824 0.930895 0.192351 0.0946417 0.00140854
1 0.267127 0.194015 0.24768 0.291132 0.00131977
1 0.232706 0.70407 0.312789 0.448155 0.00130093
1 0.812157 0.928977 0.343083 0.0926918 0.00123144
1 0.749026 0.664168 0.403236 0.5696 0.00109317
