1 0.486211 0.418508 0.879288 0.831146 0.339912
1 0.285451 0.37461 0.459818 0.739417 0.208176
1 0.167357 0.371682 0.295621 0.645439 0.0399454
1 0.695164 0.43246 0.472092 0.758609 0.0286805
1 0.181558 0.524133 0.234426 0.315547 0.0262207
1 0.721971 0.449681 0.268386 0.621423 0.0237569
1 0.233978 0.538537 0.416097 0.494163 0.00995255
1 0.225076 0.132397 0.437554 0.230759 0.00293097
1 0.81259 0.371718 0.30548 0.681073 0.00217809
1 0.658389 0.222418 0.411501 0.429489 0.0018969
1 0.760349 0.593395 0.237915 0.332924 0.00172192
1 0.485007 0.236899 0.680083 0.472374 0.00165699
1 0.392847 0.142295 0.682332 0.279479 0.00161567
1 0.578253 0.64708 0.541448 0.466602 0.00131601
