1 0.527822 0.37174 0.804178 0.733631 0.138385
1 0.76422 0.324389 0.31661 0.577176 0.115059
1 0.239546 0.424369 0.335997 0.575462 0.035682
1 0.274039 0.342906 0.539884 0.678437 0.00747752
1 0.671786 0.448619 0.459113 0.617773 0.00289502
1 0.686416 0.208197 0.404417 0.399961 0.00224508
1 0.226846 0.0596955 0.430759 0.117806 0.00151172
1 0.342988 0.450761 0.3894 0.449823 0.00139852
1 0.457967 0.0879762 0.67478 0.171879 0.00124347
1 0.759843 0.665051 0.402377 0.37552 0.00117566
1 0.656026 0.113533 0.428416 0.216214 0.00115869
1 0.233247 0.178615 0.441562 0.346685 0.00103919
1 0.861226 0.319104 0.272048 0.59735 0.00102354
