1 0.19129 0.655309 0.330857 0.686141 0.194986
1 0.710051 0.770086 0.257737 0.44445 0.141983
1 0.661363 0.627337 0.352109 0.730829 0.104114
1 0.529141 0.730634 0.629771 0.538732 0.0590003
1 0.617558 0.821316 0.493318 0.350906 0.0355715
1 0.113926 0.713814 0.168583 0.565299 0.0254794
1 0.318464 0.727061 0.576741 0.545879 0.0235808
1 0.145521 0.839229 0.254412 0.31434 0.0109582
1 0.505877 0.588934 0.911276 0.791572 0.00839128
1 0.779212 0.838222 0.359341 0.322713 0.00530877
1 0.687609 0.589512 0.198407 0.574232 0.00526636
1 0.110184 0.926367 0.163162 0.14347 0.00388409
1 0.760758 0.609534 0.221404 0.749405 0.00350111
1 0.753401 0.916119 0.273032 0.159167 0.00200039
1 0.752478 0.930775 0.45807 0.0988537 0.00181866
1 0.526473 0.904305 0.666452 0.188701 0.00161341
1 0.206693 0.910249 0.356608 0.176759 0.00152833
1 0.198651 0.547715 0.282305 0.400811 0.00152004
