1 0.292695 0.441555 0.492415 0.651645 0.0102557
1 0.276827 0.592998 0.364821 0.353616 0.00669209
1 0.243905 0.601574 0.264775 0.242541 0.00531865
1 0.290351 0.829202 0.440086 0.333728 0.00289701
1 0.919853 0.607641 0.159487 0.760444 0.00281593
1 0.384085 0.948169 0.445385 0.102416 0.00273093
1 0.311376 0.913695 0.454619 0.170465 0.00263191
1 0.321307 0.666949 0.466078 0.574073 0.00248821
1 0.851791 0.672195 0.292353 0.651164 0.00195657
1 0.221591 0.700664 0.373637 0.42219 0.00151687
1 0.900112 0.820644 0.172533 0.338905 0.00151087
1 0.727182 0.653034 0.49689 0.681965 0.00135869
1 0.877864 0.917327 0.196586 0.14214 0.00135711
1 0.191974 0.513981 0.246437 0.428464 0.00119161
1 0.945556 0.70726 0.105772 0.518033 0.00116461
1 0.809219 0.846981 0.357123 0.291973 0.0010075
