1 0.322163 0.476512 0.343213 0.30907 0.0112754
1 0.399968 0.392153 0.566825 0.515768 0.00902063
1 0.415749 0.376354 0.319288 0.451161 0.00344882
1 0.726855 0.65592 0.505757 0.68816 0.0028474
1 0.250017 0.374141 0.32007 0.52272 0.00240438
1 0.54698 0.452684 0.495524 0.454316 0.00226184
1 0.624162 0.0865685 0.286271 0.152741 0.00202359
1 0.420628 0.599739 0.601849 0.640791 0.00156437
1 0.431607 0.0862502 0.641031 0.163963 0.00132549
1 0.707718 0.0898392 0.498256 0.179678 0.00119711
1 0.301388 0.612901 0.344009 0.361238 0.00115264
1 0.695447 0.836034 0.480821 0.325546 0.00101568
