1 0.383361 0.291869 0.752733 0.583738 0.1984
1 0.200338 0.267745 0.338668 0.530306 0.111882
1 0.58392 0.28466 0.339145 0.555001 0.0370313
1 0.139746 0.327043 0.218908 0.398361 0.0234549
1 0.238959 0.395356 0.477919 0.7867 0.00869497
1 0.5 0.454661 1 0.905931 0.00673043
1 0.675385 0.446973 0.452149 0.817063 0.00581414
1 0.242357 0.127861 0.32285 0.255721 0.00499211
1 0.639454 0.375951 0.219539 0.322763 0.00359701
1 0.691952 0.324483 0.289326 0.586958 0.00328259
1 0.178062 0.405962 0.326211 0.433388 0.00216292
1 0.556051 0.577431 0.482692 0.711465 0.00188688
1 0.594294 0.444111 0.374343 0.46256 0.00168016
1 0.285969 0.0756911 0.324046 0.151382 0.00112721
