1 0.308167 0.630252 0.379372 0.401645 0.13637
1 0.525287 0.446751 0.870411 0.858415 0.12004
1 0.531802 0.648289 0.608265 0.373533 0.0992995
1 0.328747 0.429621 0.44761 0.724621 0.0218773
1 0.670102 0.639447 0.37504 0.319113 0.0142003
1 0.332739 0.114702 0.304093 0.200301 0.0081332
1 0.256307 0.0792878 0.459559 0.157729 0.00612795
1 0.63537 0.136819 0.246418 0.192645 0.00560684
1 0.478337 0.39298 0.447583 0.779186 0.00501146
1 0.51598 0.124047 0.6355 0.231627 0.00409885
1 0.706542 0.423283 0.447115 0.788858 0.00400894
1 0.749563 0.603922 0.216084 0.239694 0.00367678
1 0.700576 0.0970143 0.418822 0.175909 0.00364989
1 0.248117 0.753162 0.378372 0.378061 0.00361775
1 0.482429 0.743504 0.817236 0.512991 0.00292916
1 0.801292 0.523764 0.302459 0.520504 0.00288738
1 0.363403 0.179537 0.406463 0.30328 0.00249744
1 0.220788 0.476289 0.441576 0.893704 0.00203182
1 0.563681 0.161728 0.345034 0.253965 0.00202694
1 0.82498 0.060978 0.332519 0.121956 0.00150748
1 0.206014 0.616506 0.326218 0.458815 0.00127502
1 0.613061 0.195054 0.645239 0.389129 0.00112855
1 0.671913 0.701741 0.547653 0.476379 0.00109007
