1 0.512528 0.40836 0.88659 0.813234 0.387901
1 0.605073 0.362633 0.473981 0.707035 0.167027
1 0.321321 0.375777 0.440465 0.738876 0.143862
1 0.349909 0.568915 0.490575 0.449249 0.0444848
1 0.283572 0.561692 0.297138 0.331678 0.0384313
1 0.558847 0.584062 0.700043 0.525335 0.0180583
1 0.708153 0.460106 0.323703 0.524019 0.0130531
1 0.217463 0.433232 0.289778 0.590836 0.0117015
1 0.793396 0.395526 0.372634 0.691638 0.00988603
1 0.190825 0.577979 0.29038 0.361034 0.0024787
1 0.220639 0.564861 0.419242 0.603395 0.00202061
1 0.752664 0.567246 0.333226 0.391779 0.00162868
1 0.701312 0.245297 0.373222 0.479431 0.00144509
1 0.229458 0.13587 0.42785 0.249496 0.00129095
