1 0.334433 0.697319 0.282368 0.317401 0.100635
1 0.346724 0.567621 0.320264 0.561744 0.0500783
1 0.512275 0.510507 0.612762 0.723917 0.0378126
1 0.314801 0.700251 0.413131 0.496774 0.0343858
1 0.465 0.716611 0.556328 0.369408 0.0232301
1 0.216784 0.577577 0.367582 0.695844 0.00566135
1 0.666497 0.704599 0.26728 0.281903 0.00377737
1 0.738146 0.640114 0.196934 0.436239 0.0034617
1 0.655675 0.527779 0.318587 0.661852 0.00280957
1 0.791408 0.547754 0.28812 0.676664 0.00170369
1 0.630918 0.139167 0.236609 0.184702 0.00105277
1 0.36488 0.330479 0.23837 0.19119 0.00102094
