1 0.492042 0.483903 0.829561 0.912441 0.377848
1 0.661486 0.588264 0.340697 0.798727 0.245052
1 0.218719 0.45453 0.372362 0.798198 0.233097
1 0.171096 0.632859 0.274877 0.387571 0.0611137
1 0.207166 0.770507 0.379915 0.431432 0.0157044
1 0.146971 0.493147 0.236753 0.600709 0.0132538
1 0.272017 0.225879 0.330262 0.362939 0.00717208
1 0.769507 0.601854 0.337279 0.755466 0.00667429
1 0.384263 0.443661 0.453969 0.810474 0.0044415
1 0.288713 0.176133 0.252547 0.205849 0.00431092
1 0.720786 0.737521 0.236349 0.514712 0.00384191
1 0.22227 0.485349 0.444539 0.934173 0.00363401
1 0.610013 0.819259 0.450362 0.355845 0.00350837
1 0.206117 0.0850135 0.391816 0.155549 0.00338148
1 0.789634 0.886758 0.361027 0.226484 0.00294908
1 0.651372 0.495987 0.247854 0.530922 0.0026698
1 0.276161 0.117514 0.280194 0.172094 0.0025469
1 0.436206 0.863869 0.801908 0.272262 0.00195104
1 0.155025 0.625994 0.310049 0.685158 0.00177052
1 0.103569 0.59142 0.188752 0.448506 0.00165894
1 0.574773 0.924545 0.533737 0.147018 0.00163379
1 0.40441 0.742641 0.783645 0.507703 0.00161998
1 0.248649 0.0596018 0.26751 0.111856 0.00144756
1 0.737646 0.0702048 0.485818 0.137098 0.00123796
1 0.842461 0.935363 0.307894 0.0952796 0.00122723
1 0.575692 0.456968 0.36044 0.772965 0.00111316
1 0.769855 0.924305 0.274987 0.0913986 0.00105993
