1 0.433341 0.411161 0.866682 0.820753 0.159128
1 0.542983 0.699105 0.698963 0.60179 0.0429334
1 0.297568 0.335842 0.538576 0.666875 0.0419007
1 0.572797 0.349448 0.50741 0.687361 0.0152352
1 0.239315 0.0847701 0.449892 0.165673 0.00738332
1 0.493113 0.196821 0.685928 0.39207 0.00626975
1 0.401941 0.115639 0.776733 0.229536 0.00591966
1 0.73752 0.347515 0.345709 0.682406 0.00556952
1 0.152702 0.348261 0.304833 0.693123 0.00437493
1 0.589822 0.830827 0.560371 0.335348 0.00405164
1 0.222757 0.21753 0.445515 0.432716 0.00403583
1 0.260604 0.507728 0.273947 0.342211 0.00340634
1 0.514626 0.0714261 0.528647 0.140515 0.00266124
1 0.626555 0.159213 0.416339 0.310411 0.00263371
1 0.236155 0.38692 0.47231 0.77384 0.00146545
1 0.60006 0.486745 0.799879 0.97324 0.00129111
1 0.210994 0.559991 0.403003 0.489744 0.00122534
1 0.660915 0.715868 0.431652 0.407429 0.00107244
