1 0.403793 0.430546 0.299547 0.542425 0.0912286
1 0.590131 0.455643 0.570233 0.633675 0.0856996
1 0.385457 0.541513 0.250412 0.294155 0.0431912
1 0.351471 0.622145 0.374354 0.453695 0.0135063
1 0.32835 0.361266 0.48125 0.678538 0.00897719
1 0.839855 0.441664 0.238375 0.390636 0.0067173
1 0.717386 0.407016 0.356342 0.513997 0.00654482
1 0.705819 0.574607 0.512273 0.679513 0.00608098
1 0.817959 0.0889595 0.363356 0.166518 0.00588309
1 0.823856 0.322537 0.339011 0.552881 0.00341366
1 0.852371 0.84072 0.273773 0.318559 0.0029225
1 0.841747 0.186944 0.311317 0.368185 0.0028904
1 0.896548 0.118506 0.204746 0.22946 0.00271545
1 0.449635 0.657965 0.567137 0.597995 0.00250453
1 0.72167 0.831945 0.540427 0.331978 0.00234708
1 0.908882 0.459279 0.177646 0.459418 0.00219323
1 0.818084 0.512583 0.341751 0.593645 0.00210172
1 0.31137 0.062841 0.436679 0.122515 0.00208243
1 0.817074 0.935235 0.322622 0.127177 0.00154015
1 0.849161 0.69084 0.279584 0.608182 0.00143209
1 0.349875 0.117283 0.399673 0.18293 0.00130536
1 0.645184 0.926703 0.647896 0.145962 0.00119588
1 0.659973 0.228686 0.580032 0.45655 0.00108002
