1 0.545413 0.454934 0.874174 0.896275 0.137742
1 0.668192 0.439072 0.416026 0.850688 0.020275
1 0.349084 0.427568 0.489941 0.738608 0.016635
1 0.367216 0.618434 0.490559 0.498594 0.0132062
1 0.693966 0.671831 0.353007 0.395427 0.0100163
1 0.268746 0.517443 0.237305 0.503421 0.00965293
1 0.515382 0.140904 0.51745 0.27915 0.00853173
1 0.650336 0.131607 0.248465 0.235485 0.0065398
1 0.829614 0.483083 0.311912 0.724218 0.00653084
1 0.214311 0.43187 0.30953 0.694251 0.0035417
1 0.712561 0.784648 0.493885 0.410807 0.00326443
1 0.81513 0.570416 0.198248 0.529373 0.00281358
1 0.523663 0.613931 0.601591 0.570264 0.00242014
1 0.65135 0.103502 0.554323 0.20336 0.002182
1 0.515057 0.303515 0.591138 0.60457 0.00168555
1 0.808428 0.671464 0.158219 0.295683 0.00165842
1 0.423956 0.751515 0.510941 0.447641 0.00129385
1 0.608112 0.20309 0.362784 0.376077 0.00115827
1 0.845422 0.742257 0.227223 0.370057 0.00104425
