1 0.327014 0.60253 0.599281 0.763467 0.0751225
1 0.223428 0.776812 0.430886 0.404637 0.0614005
1 0.212296 0.909577 0.384007 0.164823 0.0132174
1 0.774258 0.623922 0.446534 0.711916 0.0120053
1 0.92775 0.855308 0.129476 0.260304 0.00965497
1 0.556526 0.581847 0.850589 0.794466 0.00675743
1 0.316073 0.849007 0.579215 0.257581 0.0056064
1 0.135195 0.817542 0.212433 0.317311 0.00529585
1 0.870716 0.714484 0.2498 0.527972 0.00474997
1 0.938799 0.760778 0.117216 0.405425 0.00406102
1 0.184289 0.868116 0.368577 0.253866 0.00395
1 0.920105 0.917146 0.121278 0.150106 0.00336411
1 0.16946 0.633553 0.338919 0.696844 0.00281601
1 0.167517 0.94455 0.280122 0.103164 0.00211262
1 0.890305 0.944335 0.17784 0.0947969 0.00172689
1 0.82606 0.890253 0.323879 0.18605 0.00167188
1 0.764832 0.813053 0.463477 0.332918 0.00140471
1 0.283451 0.926834 0.471886 0.102373 0.0012875
