1 0.514134 0.40506 0.904988 0.806299 0.0834954
1 0.238616 0.107942 0.472169 0.211931 0.0215652
1 0.335877 0.379251 0.45527 0.675732 0.0196428
1 0.521818 0.0991869 0.536946 0.195396 0.0155111
1 0.673132 0.397919 0.449812 0.767855 0.0154069
1 0.304653 0.577724 0.279547 0.232291 0.0141763
1 0.499 0.580719 0.634327 0.410534 0.0129431
1 0.37657 0.150776 0.314622 0.278277 0.00883922
1 0.655736 0.0892645 0.365208 0.174265 0.00749532
1 0.362378 0.141134 0.594732 0.282269 0.00635873
1 0.544652 0.296401 0.563238 0.592802 0.00557527
1 0.372756 0.574548 0.456784 0.323003 0.0048427
1 0.202239 0.377513 0.356276 0.688571 0.00280566
1 0.275106 0.435306 0.550212 0.857379 0.00190818
1 0.67341 0.57459 0.388887 0.426221 0.00164294
1 0.715284 0.564558 0.295403 0.243266 0.00158563
1 0.786678 0.584178 0.154867 0.185589 0.00132829
1 0.813632 0.349475 0.351511 0.661319 0.00122154
1 0.342166 0.0778576 0.38717 0.148613 0.00112035
1 0.304126 0.229922 0.363684 0.379138 0.00110346
