1 0.329426 0.358807 0.319915 0.559464 0.244932
1 0.509649 0.392557 0.724738 0.605349 0.230581
1 0.639193 0.534735 0.396134 0.384332 0.0177905
1 0.24275 0.424519 0.294961 0.522126 0.0140724
1 0.721375 0.490704 0.24697 0.397606 0.0130856
1 0.66655 0.369384 0.344753 0.6116 0.0129096
1 0.778123 0.432797 0.205936 0.446307 0.00463194
1 0.306549 0.464967 0.512887 0.74374 0.0044878
1 0.379571 0.789672 0.506014 0.419504 0.00406926
1 0.524103 0.559919 0.685132 0.458454 0.00198499
1 0.763165 0.554911 0.208489 0.28075 0.00197071
1 0.368337 0.504783 0.420045 0.450468 0.00187868
1 0.687695 0.212186 0.329415 0.289161 0.00181907
1 0.669708 0.148162 0.27989 0.145495 0.00166846
1 0.905181 0.934154 0.177142 0.112587 0.00121682
1 0.331736 0.219592 0.265432 0.291571 0.00118448
1 0.761184 0.880535 0.463548 0.237362 0.00108395
1 0.603095 0.939441 0.722081 0.120319 0.00101606
