1 0.21989 0.572718 0.232667 0.491002 0.00356108
1 0.316969 0.461078 0.435951 0.678537 0.00342928
1 0.332029 0.577053 0.335138 0.341541 0.00272641
1 0.867567 0.690628 0.231727 0.555787 0.00267322
1 0.756368 0.508962 0.479639 0.926364 0.0022226
1 0.167357 0.689583 0.175005 0.29896 0.00173121
1 0.241826 0.401764 0.245619 0.707615 0.00171709
1 0.760616 0.856036 0.458485 0.274214 0.00159439
1 0.85745 0.870036 0.26987 0.220313 0.00145243
1 0.428917 0.488486 0.684307 0.899605 0.00124083
1 0.165818 0.765088 0.161257 0.192088 0.00111573
1 0.253772 0.763478 0.319889 0.345209 0.00110969
