1 0.390386 0.450349 0.64002 0.553826 0.323011
1 0.188912 0.508106 0.214488 0.219032 0.0752242
1 0.55827 0.455066 0.32394 0.509405 0.0718364
1 0.209829 0.366009 0.336552 0.573804 0.0657918
1 0.174263 0.47851 0.280795 0.357714 0.0302482
1 0.597848 0.578148 0.2272 0.242772 0.027448
1 0.505306 0.575457 0.433348 0.334587 0.0141263
1 0.659365 0.510248 0.408326 0.59858 0.00604646
1 0.42839 0.636975 0.675269 0.499998 0.00565871
1 0.190878 0.18859 0.36475 0.353615 0.00486835
1 0.634112 0.618363 0.309124 0.38949 0.0025105
1 0.250233 0.140954 0.237429 0.221126 0.0022604
1 0.226021 0.606424 0.413083 0.49302 0.00205781
