1 0.608151 0.681494 0.505004 0.429204 0.0838106
1 0.44896 0.644082 0.8558 0.518889 0.057508
1 0.203692 0.576103 0.255347 0.410436 0.0472802
1 0.357167 0.522743 0.614022 0.612436 0.0336931
1 0.290726 0.614912 0.44819 0.402 0.0328666
1 0.685808 0.54765 0.392974 0.611113 0.0219408
1 0.531847 0.472224 0.866941 0.792519 0.0194696
1 0.737131 0.632134 0.270728 0.406226 0.0150851
1 0.173101 0.456761 0.264905 0.56616 0.0120225
1 0.203794 0.57011 0.388481 0.577634 0.0109176
1 0.800825 0.54872 0.228228 0.528242 0.00986589
1 0.775697 0.641371 0.243063 0.265407 0.00338121
1 0.553281 0.491509 0.503835 0.664378 0.00290732
1 0.307849 0.819939 0.545728 0.340873 0.00246674
1 0.202588 0.741703 0.308406 0.396693 0.00196042
1 0.344425 0.47775 0.330749 0.59745 0.00173539
1 0.776887 0.878788 0.411913 0.210385 0.00149263
1 0.522166 0.095711 0.337517 0.190461 0.00135171
1 0.88731 0.938845 0.202234 0.104717 0.00134826
1 0.48317 0.854342 0.77654 0.254981 0.00122303
1 0.225338 0.510627 0.450677 0.853714 0.00102217
