1 0.53877 0.448767 0.915214 0.885032 0.0770673
1 0.315637 0.421376 0.487363 0.809616 0.052509
1 0.285239 0.650901 0.323413 0.300275 0.0279124
1 0.583773 0.702175 0.656942 0.491137 0.0129185
1 0.601397 0.448963 0.518245 0.706555 0.0121985
1 0.273936 0.451803 0.308845 0.624954 0.00975743
1 0.737659 0.665058 0.389889 0.346191 0.00924009
1 0.347263 0.593077 0.249727 0.374778 0.00678293
1 0.21853 0.652185 0.203309 0.232658 0.00622035
1 0.708233 0.812476 0.578714 0.368161 0.0058559
1 0.78893 0.621899 0.236156 0.228619 0.00434503
1 0.757009 0.501222 0.403395 0.64058 0.00373436
1 0.18965 0.482845 0.260718 0.577245 0.00340555
1 0.399585 0.537747 0.282728 0.535654 0.0031779
1 0.340527 0.656021 0.489112 0.416424 0.00279937
1 0.333307 0.205878 0.246441 0.313337 0.00227882
1 0.778367 0.879241 0.407035 0.20917 0.00180792
1 0.83235 0.720613 0.260002 0.334232 0.00141031
1 0.734512 0.0899382 0.467675 0.165766 0.00136271
1 0.839045 0.528043 0.288797 0.458854 0.00131783
1 0.274094 0.135286 0.38724 0.243992 0.00128341
