1 0.396269 0.293889 0.778498 0.587779 0.0404047
1 0.278193 0.278385 0.411259 0.527475 0.0156886
1 0.590466 0.253818 0.468882 0.50557 0.01291
1 0.24139 0.372289 0.311316 0.348387 0.00812759
1 0.690404 0.387403 0.584355 0.76847 0.00377476
1 0.249874 0.385817 0.499748 0.76656 0.00351054
1 0.488322 0.462807 0.976645 0.920938 0.00293509
1 0.71074 0.165475 0.575244 0.329274 0.00287309
1 0.291858 0.0901214 0.480779 0.175368 0.00141013
1 0.547886 0.115708 0.682822 0.229332 0.0013264
1 0.698203 0.0689469 0.572433 0.137372 0.001127
1 0.230988 0.155862 0.461975 0.311723 0.00104128
1 0.261046 0.637219 0.501139 0.711152 0.0010037
