1 0.383664 0.343501 0.634407 0.678383 0.121587
1 0.235575 0.33813 0.297075 0.619596 0.0508947
1 0.569677 0.317805 0.441893 0.624884 0.0398154
1 0.300053 0.51823 0.342017 0.33137 0.0100372
1 0.543823 0.48362 0.897797 0.954713 0.00936502
1 0.239454 0.396585 0.478909 0.785069 0.00412166
1 0.206741 0.463593 0.204468 0.39011 0.00327153
1 0.245297 0.51475 0.208154 0.256175 0.00323638
1 0.570422 0.199213 0.34698 0.392558 0.00268308
1 0.721313 0.258991 0.408923 0.511416 0.00200225
1 0.237482 0.186211 0.282638 0.32576 0.0018447
1 0.579159 0.679334 0.721685 0.641332 0.00165731
1 0.306272 0.498515 0.409711 0.668869 0.00148221
1 0.900382 0.935744 0.187898 0.100715 0.00113495
1 0.889714 0.892147 0.167874 0.196844 0.00103521
1 0.330131 0.706138 0.403428 0.522274 0.001025
