1 0.37679 0.382377 0.380455 0.628524 0.187364
1 0.588677 0.400099 0.817529 0.76506 0.165675
1 0.348357 0.564435 0.342221 0.290813 0.071301
1 0.780869 0.392777 0.410621 0.658431 0.0290424
1 0.470632 0.602192 0.577306 0.400403 0.0107103
1 0.271445 0.5201 0.422895 0.525277 0.00735126
1 0.404383 0.213794 0.306223 0.30714 0.00650452
1 0.425434 0.206446 0.237999 0.193166 0.005005
1 0.733564 0.552595 0.525537 0.515624 0.00444178
1 0.856784 0.4985 0.272251 0.527121 0.00409018
1 0.39242 0.0976168 0.318883 0.186587 0.00385018
1 0.523565 0.179703 0.600458 0.315094 0.00301153
1 0.798217 0.580472 0.366428 0.31308 0.00280778
1 0.306483 0.442736 0.612966 0.83179 0.00227805
1 0.779799 0.203527 0.353302 0.318613 0.00181684
1 0.760679 0.112483 0.400037 0.188093 0.0018012
1 0.898646 0.583231 0.18938 0.38022 0.0016832
1 0.514294 0.68253 0.823092 0.542885 0.00155388
1 0.744812 0.142913 0.266284 0.171603 0.00149377
1 0.810126 0.0714488 0.374442 0.139236 0.0012059
