1 0.518492 0.533385 0.789699 0.873757 0.229378
1 0.711972 0.543247 0.326733 0.668126 0.187974
1 0.320549 0.310221 0.234809 0.267776 0.0451501
1 0.199473 0.615905 0.338105 0.729286 0.0406778
1 0.222118 0.783169 0.34517 0.394438 0.0147236
1 0.598274 0.681449 0.556582 0.577884 0.0135736
1 0.276647 0.863805 0.453965 0.272391 0.011645
1 0.327318 0.546468 0.423527 0.811659 0.010838
1 0.81152 0.532056 0.286522 0.682591 0.00672458
1 0.274935 0.934446 0.362663 0.111509 0.00478139
1 0.539241 0.0597726 0.443428 0.119545 0.00445384
1 0.42476 0.79104 0.73227 0.377764 0.00414634
1 0.338396 0.215367 0.270574 0.223831 0.00394921
1 0.270842 0.354827 0.368071 0.395016 0.00388274
1 0.357929 0.154276 0.338393 0.223443 0.00351458
1 0.770083 0.697326 0.192665 0.3347 0.00294591
1 0.183169 0.831595 0.205154 0.321399 0.00293137
1 0.432936 0.92555 0.68568 0.107726 0.0028304
1 0.142682 0.941827 0.279221 0.116346 0.00230617
1 0.438779 0.116152 0.546153 0.211887 0.00202847
1 0.75578 0.879245 0.463415 0.240084 0.00195411
1 0.164192 0.868618 0.328383 0.262763 0.00176866
1 0.368481 0.257431 0.402257 0.412379 0.00176457
1 0.275896 0.513897 0.31117 0.539773 0.00157959
1 0.237985 0.426001 0.220628 0.289933 0.00153993
1 0.651401 0.0841174 0.48982 0.163613 0.00150245
1 0.379242 0.825054 0.362332 0.284867 0.00120309
1 0.775235 0.716966 0.391672 0.509972 0.00100705
