1 0.438676 0.363835 0.748149 0.69682 0.0215587
1 0.3498 0.300118 0.424308 0.600236 0.0144649
1 0.618935 0.34437 0.384584 0.513595 0.0131612
1 0.495025 0.395199 0.513077 0.4919 0.00806275
1 0.312977 0.427865 0.320838 0.369193 0.00493706
1 0.190518 0.313388 0.365811 0.626775 0.00440024
1 0.292225 0.392642 0.58445 0.785284 0.00306226
1 0.706941 0.400119 0.529526 0.759421 0.00251345
1 0.270408 0.769173 0.515082 0.46085 0.00205259
1 0.218402 0.432185 0.268723 0.406728 0.00154438
1 0.301345 0.1477 0.435587 0.293662 0.0014717
1 0.530197 0.240461 0.583708 0.48007 0.001099
