1 0.530515 0.444379 0.902173 0.861954 0.0518609
1 0.694301 0.84526 0.457927 0.303303 0.0317429
1 0.683182 0.67152 0.371677 0.300306 0.0110296
1 0.660525 0.925326 0.401696 0.147467 0.00985764
1 0.342161 0.371282 0.567685 0.713642 0.00726573
1 0.758293 0.627995 0.208343 0.255287 0.00460533
1 0.775812 0.690814 0.292161 0.414738 0.00454624
1 0.58786 0.613846 0.489548 0.345556 0.00445731
1 0.333909 0.570158 0.337616 0.267919 0.00413856
1 0.561153 0.886471 0.43233 0.226845 0.00398774
1 0.728643 0.412101 0.476756 0.763727 0.00352801
1 0.286104 0.120305 0.572208 0.231672 0.0029398
1 0.639437 0.743479 0.525371 0.453713 0.00283351
1 0.81799 0.910534 0.285488 0.155428 0.00226003
1 0.455756 0.58855 0.290329 0.316804 0.00221952
1 0.507027 0.39175 0.427566 0.732109 0.00201597
1 0.256933 0.417654 0.318396 0.537943 0.00159732
1 0.794787 0.534562 0.195432 0.48148 0.00150784
1 0.245867 0.635546 0.349958 0.319626 0.0015061
1 0.506184 0.941739 0.474795 0.114611 0.00133024
1 0.370667 0.595685 0.526095 0.393442 0.00131009
1 0.658221 0.157914 0.208793 0.258054 0.00127581
1 0.821059 0.808617 0.290783 0.349041 0.00110887
1 0.393167 0.295731 0.364388 0.541317 0.0010516
