1 0.483882 0.345755 0.643774 0.690222 0.190361
1 0.321332 0.543557 0.319019 0.284901 0.0736223
1 0.484224 0.548114 0.642522 0.418136 0.0475913
1 0.332407 0.358963 0.372231 0.627246 0.0461977
1 0.647515 0.343877 0.342849 0.624285 0.0137824
1 0.268552 0.495725 0.358728 0.466515 0.0100479
1 0.335834 0.606265 0.421201 0.456698 0.00613889
1 0.606352 0.0955395 0.421154 0.184707 0.00591856
1 0.473755 0.127152 0.629056 0.247557 0.00426448
1 0.813565 0.388019 0.371695 0.618784 0.00394123
1 0.671541 0.0635433 0.382209 0.123388 0.00364306
1 0.316237 0.197037 0.261382 0.309739 0.00312455
1 0.280929 0.425785 0.561857 0.804138 0.0023868
1 0.523717 0.557022 0.800937 0.766588 0.00173151
1 0.283088 0.122583 0.354316 0.223174 0.0017235
1 0.654077 0.528094 0.32646 0.332286 0.00159358
1 0.759887 0.104764 0.467121 0.194805 0.00118035
