1 0.564006 0.435606 0.871988 0.864675 0.2494
1 0.56678 0.13186 0.86644 0.26372 0.0268301
1 0.665702 0.502455 0.532929 0.664289 0.0199194
1 0.357394 0.397282 0.467273 0.783757 0.0180553
1 0.346166 0.0877436 0.425704 0.167753 0.0135889
1 0.413731 0.579155 0.604793 0.584004 0.0124056
1 0.52681 0.070442 0.730982 0.140884 0.0116209
1 0.331805 0.567756 0.337701 0.444775 0.00965879
1 0.853954 0.512089 0.259674 0.540968 0.00785168
1 0.249305 0.502842 0.262821 0.604347 0.00639744
1 0.305616 0.634372 0.248358 0.251863 0.00576311
1 0.824855 0.464641 0.343601 0.888975 0.00415592
1 0.684811 0.180105 0.551254 0.279705 0.00357651
1 0.437679 0.178852 0.521041 0.343278 0.003415
1 0.867369 0.65415 0.211989 0.297401 0.00301606
1 0.731134 0.0903602 0.531249 0.16559 0.00224109
1 0.646591 0.242833 0.689968 0.478149 0.00208788
1 0.380296 0.680053 0.398431 0.369466 0.00202134
1 0.712115 0.668763 0.52649 0.496634 0.00201322
1 0.841645 0.749403 0.291392 0.397046 0.00160657
1 0.765767 0.377477 0.345599 0.421377 0.00153513
1 0.724954 0.261152 0.335399 0.238896 0.00123877
1 0.219599 0.66358 0.215788 0.280679 0.00115592
