1 0.515691 0.682626 0.682699 0.401449 0.124687
1 0.55268 0.465819 0.649313 0.775363 0.0885082
1 0.506216 0.188828 0.464867 0.333928 0.0366675
1 0.689007 0.672224 0.331453 0.303222 0.0194396
1 0.375602 0.679188 0.390807 0.29974 0.0133023
1 0.701976 0.517237 0.357232 0.63 0.00956655
1 0.318634 0.678216 0.236787 0.239729 0.00839832
1 0.41978 0.168062 0.262049 0.264125 0.0074089
1 0.639077 0.175755 0.223866 0.159236 0.00730965
1 0.608089 0.12299 0.518017 0.209539 0.00723097
1 0.362975 0.465213 0.407821 0.706024 0.00581965
1 0.626501 0.215187 0.244917 0.295442 0.00553368
1 0.7349 0.0957529 0.467362 0.164203 0.00338813
1 0.282946 0.559496 0.306072 0.588122 0.00278515
1 0.760351 0.708002 0.229226 0.320068 0.0017346
1 0.332469 0.132125 0.333436 0.219064 0.00169012
1 0.257097 0.683629 0.265896 0.329487 0.00160387
1 0.787965 0.0599252 0.401762 0.11985 0.00158454
1 0.675554 0.213462 0.413879 0.367223 0.00113017
