1 0.652919 0.821766 0.520033 0.348788 0.0146724
1 0.785129 0.839633 0.294809 0.303065 0.00954316
1 0.63758 0.938103 0.462317 0.121923 0.00474543
1 0.503544 0.861854 0.65784 0.276291 0.00286898
1 0.637785 0.665313 0.54858 0.642483 0.00245369
1 0.796502 0.944599 0.243556 0.10612 0.00168585
1 0.77359 0.702596 0.367078 0.549179 0.00165997
1 0.843315 0.887324 0.23694 0.202043 0.00156123
1 0.301322 0.826803 0.366425 0.315719 0.00151075
1 0.307231 0.525008 0.540977 0.560831 0.00130908
1 0.470161 0.939602 0.507664 0.116592 0.00119759
1 0.262626 0.914744 0.32292 0.138633 0.00102227
