1 0.435465 0.584771 0.768951 0.777138 0.0801088
1 0.193196 0.586481 0.31075 0.665397 0.0179908
1 0.22085 0.793388 0.300235 0.29646 0.0178019
1 0.192224 0.77782 0.198611 0.219118 0.0115511
1 0.551194 0.539668 0.382702 0.675951 0.00928999
1 0.1445 0.779788 0.19004 0.281662 0.00460932
1 0.684562 0.598029 0.320086 0.586932 0.00433892
1 0.599153 0.450152 0.269181 0.47534 0.00420071
1 0.145106 0.859706 0.227869 0.259537 0.00259726
1 0.300248 0.707675 0.543025 0.550713 0.00214173
1 0.437892 0.800868 0.713755 0.394285 0.00209267
1 0.242544 0.873834 0.390068 0.246958 0.00114297
