1 0.250273 0.634177 0.251529 0.249934 0.0271433
1 0.257815 0.466401 0.33487 0.590619 0.0181373
1 0.680393 0.495675 0.500141 0.625709 0.0139759
1 0.434583 0.472754 0.390962 0.718658 0.01334
1 0.199989 0.568375 0.248156 0.410266 0.0127514
1 0.32002 0.656235 0.324676 0.347715 0.00993283
1 0.570546 0.654067 0.611219 0.451394 0.00984062
1 0.457256 0.492423 0.770794 0.646273 0.00633372
1 0.836964 0.483249 0.295068 0.614514 0.0055048
1 0.787625 0.629635 0.178798 0.292381 0.00472112
1 0.169726 0.656383 0.221623 0.259874 0.00466738
1 0.698761 0.61727 0.335673 0.363619 0.00382235
1 0.266079 0.156414 0.394134 0.252359 0.00355876
1 0.306221 0.680358 0.537481 0.444386 0.00340016
1 0.901294 0.772162 0.156204 0.363209 0.00187404
1 0.269109 0.254057 0.439749 0.430085 0.00171396
1 0.11625 0.733059 0.164376 0.291644 0.00139916
1 0.170243 0.474104 0.337252 0.800161 0.00136304
1 0.34124 0.23503 0.217878 0.191479 0.00133561
1 0.820704 0.718126 0.172657 0.290594 0.00130033
1 0.909304 0.941313 0.156654 0.110306 0.00117201
1 0.423102 0.167351 0.691639 0.293681 0.00114516
1 0.873313 0.638308 0.203898 0.629068 0.00107245
1 0.705097 0.458936 0.260348 0.575397 0.0010204
