1 0.601061 0.423988 0.670983 0.787041 0.154529
1 0.361527 0.681162 0.251898 0.238576 0.0447699
1 0.73484 0.463158 0.27172 0.471311 0.0440346
1 0.766957 0.555265 0.367838 0.749682 0.0339574
1 0.365648 0.542061 0.269118 0.489979 0.0261186
1 0.373097 0.469007 0.374522 0.706325 0.0209253
1 0.798733 0.554084 0.271172 0.379115 0.0147773
1 0.354188 0.722531 0.324602 0.392164 0.0101565
1 0.47266 0.610811 0.542163 0.577178 0.00948942
1 0.615566 0.453108 0.455083 0.570195 0.0082719
1 0.618935 0.818084 0.761556 0.363832 0.00756394
1 0.785546 0.238752 0.396949 0.457982 0.00744181
1 0.816092 0.823718 0.358974 0.350227 0.00612891
1 0.841591 0.656904 0.274594 0.595266 0.00609913
1 0.809929 0.0864 0.373345 0.17054 0.00550548
1 0.451742 0.278029 0.217029 0.254811 0.00441868
1 0.818743 0.406887 0.288648 0.624305 0.00429734
1 0.734412 0.339885 0.252509 0.328922 0.0028791
1 0.730577 0.92065 0.514829 0.156849 0.00258543
1 0.736204 0.136988 0.386286 0.256159 0.00190069
1 0.845128 0.898411 0.296541 0.198635 0.00168508
1 0.364097 0.793261 0.526505 0.41161 0.00142523
1 0.89518 0.843481 0.206872 0.302466 0.00140051
1 0.581206 0.251808 0.399792 0.421692 0.0011641
1 0.676766 0.644879 0.631936 0.679743 0.00107593
1 0.281071 0.381613 0.319885 0.750672 0.00102941
1 0.469231 0.37204 0.227653 0.53018 0.00100436
