1 0.509037 0.652556 0.921489 0.63696 0.192248
1 0.205127 0.772387 0.264905 0.31287 0.11191
1 0.485734 0.820772 0.943784 0.358457 0.0476068
1 0.812873 0.813631 0.278667 0.251538 0.0403886
1 0.257182 0.627058 0.434058 0.666698 0.0347178
1 0.290957 0.787164 0.484688 0.353907 0.0269804
1 0.720358 0.738593 0.515357 0.469359 0.0232394
1 0.829562 0.660154 0.272012 0.565728 0.0214496
1 0.214567 0.848278 0.367574 0.298625 0.017784
1 0.183284 0.734781 0.357388 0.513404 0.0108629
1 0.782008 0.911934 0.383288 0.10619 0.00751717
1 0.278588 0.925659 0.478197 0.100441 0.00318687
1 0.155118 0.555973 0.264018 0.694304 0.00316924
1 0.733984 0.582366 0.402243 0.683818 0.002466
1 0.456594 0.916148 0.88176 0.116668 0.00246517
1 0.580067 0.888201 0.735361 0.223598 0.00240156
1 0.17478 0.930995 0.304098 0.13801 0.00204438
1 0.130029 0.801631 0.242626 0.345144 0.00183158
1 0.781757 0.556681 0.189456 0.401423 0.00180908
1 0.776651 0.880953 0.369523 0.23343 0.00138417
