1 0.556104 0.431603 0.887791 0.816217 0.0954063
1 0.323415 0.625448 0.26998 0.233675 0.0245368
1 0.281672 0.448939 0.514849 0.809925 0.0242312
1 0.639196 0.705613 0.682753 0.507259 0.0210556
1 0.299763 0.588441 0.343722 0.370875 0.0204995
1 0.710907 0.375915 0.547127 0.580594 0.0123149
1 0.285508 0.174508 0.305485 0.263501 0.00912781
1 0.510409 0.610305 0.813076 0.437587 0.00840448
1 0.391412 0.650386 0.476844 0.376881 0.00751248
1 0.296897 0.759955 0.441974 0.365544 0.00507628
1 0.483575 0.18336 0.671065 0.32127 0.00461275
1 0.427047 0.50425 0.50301 0.582585 0.00429395
1 0.702834 0.563928 0.535512 0.573508 0.00413767
1 0.731579 0.183335 0.519221 0.34876 0.00387543
1 0.211214 0.626987 0.303683 0.404647 0.00331266
1 0.196036 0.454356 0.331327 0.609633 0.0025713
1 0.715045 0.0746119 0.535656 0.146849 0.00254415
1 0.805489 0.462559 0.279853 0.315063 0.00253262
1 0.353376 0.840421 0.601668 0.307437 0.00237098
1 0.214038 0.113379 0.411891 0.213605 0.00217158
1 0.854895 0.67879 0.267735 0.374257 0.0015807
1 0.891758 0.823311 0.215141 0.330914 0.00153566
1 0.496163 0.0937381 0.719885 0.176615 0.00139176
1 0.215034 0.883832 0.34438 0.224344 0.00135337
1 0.238848 0.271637 0.407887 0.484915 0.00131358
1 0.79923 0.604522 0.338845 0.344537 0.00104226
