1 0.736258 0.81985 0.295482 0.350011 0.176958
1 0.166011 0.817911 0.240141 0.363903 0.123975
1 0.648336 0.551806 0.573261 0.857594 0.0768457
1 0.129336 0.716415 0.22044 0.562113 0.0658753
1 0.728453 0.67291 0.340192 0.603966 0.0386323
1 0.201271 0.623886 0.388066 0.740726 0.028283
1 0.588994 0.785711 0.599602 0.428435 0.0236546
1 0.812732 0.878325 0.343037 0.237539 0.0192534
1 0.812501 0.748031 0.258276 0.442281 0.0176209
1 0.373935 0.680911 0.671587 0.604249 0.0121682
1 0.127889 0.909178 0.179375 0.174094 0.0118256
1 0.19447 0.92827 0.323403 0.113045 0.0103979
1 0.647168 0.876415 0.50802 0.24356 0.00906925
1 0.0869925 0.818308 0.155098 0.335579 0.00754007
1 0.319875 0.823744 0.61892 0.346689 0.00633514
1 0.818914 0.928489 0.293139 0.076394 0.00477702
1 0.743497 0.922227 0.311347 0.0989851 0.00310194
1 0.811908 0.556209 0.324642 0.818442 0.00234049
1 0.866151 0.806959 0.251988 0.323798 0.00233459
1 0.21776 0.90314 0.406638 0.192018 0.00197999
1 0.0895902 0.939887 0.17918 0.120226 0.00175594
1 0.903986 0.704005 0.169333 0.49808 0.00157162
1 0.911399 0.939506 0.159484 0.101792 0.00144089
1 0.165815 0.569068 0.214528 0.551002 0.00118158
1 0.125779 0.53971 0.251557 0.879322 0.00117795
1 0.649954 0.261763 0.22727 0.201263 0.00115364
1 0.0546603 0.650456 0.1013 0.699089 0.00112584
1 0.456084 0.925587 0.795516 0.148826 0.00106785
