1 0.737089 0.782119 0.278072 0.430322 0.0124131
1 0.582331 0.560709 0.54829 0.828446 0.0100393
1 0.330624 0.46647 0.281467 0.460687 0.0079211
1 0.773538 0.682385 0.177533 0.36641 0.00748166
1 0.606789 0.816875 0.517906 0.359556 0.00747261
1 0.727523 0.591103 0.33893 0.772457 0.00579139
1 0.77144 0.889399 0.232092 0.212226 0.00541634
1 0.743321 0.52887 0.21922 0.583261 0.00417046
1 0.665563 0.933383 0.375071 0.132738 0.00379441
1 0.77642 0.943275 0.229069 0.111372 0.00284749
1 0.460463 0.772684 0.48481 0.454631 0.00229182
1 0.850484 0.840905 0.192596 0.298266 0.00217933
1 0.276468 0.364035 0.377329 0.684036 0.0020612
1 0.829683 0.726423 0.265183 0.540085 0.00165061
1 0.482351 0.893488 0.531004 0.213024 0.00142511
1 0.500246 0.944788 0.493327 0.108646 0.0013385
1 0.344113 0.608125 0.392546 0.677504 0.00123268
1 0.46865 0.392751 0.639981 0.709937 0.00116592
1 0.8636 0.945246 0.163737 0.103988 0.00100647
