1 0.511439 0.393471 0.733079 0.717708 0.559269
1 0.321771 0.386796 0.403999 0.700081 0.108676
1 0.646983 0.370294 0.366012 0.685899 0.0923455
1 0.712244 0.448347 0.575512 0.896694 0.00667976
1 0.776302 0.376385 0.364941 0.722077 0.00657821
1 0.294554 0.437083 0.262432 0.522915 0.0031787
1 0.507782 0.591562 0.744173 0.475455 0.00274879
1 0.18665 0.422448 0.3733 0.804324 0.00235751
1 0.69611 0.55018 0.327312 0.377537 0.00228401
1 0.332763 0.292011 0.306085 0.418448 0.00214348
1 0.285647 0.55845 0.203337 0.247878 0.00204123
1 0.758034 0.109519 0.392988 0.207773 0.00137713
1 0.724489 0.562502 0.227323 0.264802 0.00131791
