1 0.309252 0.661794 0.369199 0.368843 0.0293599
1 0.533913 0.695667 0.575097 0.419067 0.00570652
1 0.310237 0.457876 0.469082 0.707064 0.00536496
1 0.309044 0.777855 0.398174 0.339844 0.0036303
1 0.717136 0.063113 0.500719 0.126226 0.00355581
1 0.684569 0.103812 0.61271 0.201963 0.0024465
1 0.571612 0.459694 0.706326 0.75959 0.00211172
1 0.514968 0.0850523 0.559609 0.164919 0.00185882
1 0.384401 0.590572 0.382059 0.447705 0.00175782
1 0.21643 0.559432 0.35992 0.554495 0.00150313
1 0.82774 0.0862877 0.339633 0.172575 0.00113543
1 0.232678 0.753818 0.266789 0.262277 0.00113501
1 0.457032 0.139929 0.439992 0.238663 0.00109131
