1 0.527343 0.460939 0.862253 0.823624 0.285759
1 0.326809 0.453789 0.425008 0.784169 0.118816
1 0.306966 0.635068 0.334044 0.358908 0.0541624
1 0.494204 0.678238 0.71176 0.436204 0.0228979
1 0.68988 0.475362 0.33756 0.684533 0.0105132
1 0.236285 0.0618794 0.453075 0.121692 0.00907329
1 0.286409 0.647963 0.464605 0.55522 0.0066441
1 0.375357 0.221367 0.210953 0.285777 0.0061636
1 0.813918 0.469181 0.32214 0.683074 0.00486394
1 0.764343 0.700051 0.162443 0.216915 0.00392163
1 0.331338 0.265312 0.335452 0.449544 0.00361628
1 0.308343 0.159865 0.330539 0.261113 0.00281074
1 0.147818 0.0837189 0.295593 0.155111 0.00198845
1 0.78049 0.63085 0.207219 0.374927 0.00174491
1 0.717523 0.70987 0.271296 0.289376 0.00162962
1 0.580949 0.699116 0.524805 0.251794 0.00132928
1 0.208996 0.365112 0.406524 0.728177 0.00109709
