1 0.511652 0.328483 0.651822 0.655219 0.382944
1 0.374005 0.304677 0.355992 0.594846 0.143727
1 0.674149 0.337325 0.320837 0.647357 0.0383033
1 0.793109 0.350537 0.36726 0.683143 0.0151465
1 0.326437 0.471596 0.242178 0.289656 0.0100686
1 0.291247 0.366678 0.582495 0.720947 0.00527219
1 0.704499 0.50095 0.220058 0.280118 0.00511554
1 0.597186 0.512087 0.466202 0.413786 0.0039309
1 0.541252 0.470708 0.917496 0.925746 0.0029774
1 0.360418 0.0981626 0.306134 0.191245 0.00234077
1 0.652583 0.18337 0.307979 0.351981 0.00180632
1 0.29071 0.495822 0.338159 0.417065 0.00168995
1 0.222683 0.320061 0.339759 0.628717 0.00163404
