1 0.605526 0.526532 0.788947 0.839388 0.445682
1 0.399826 0.570715 0.322018 0.760889 0.20153
1 0.763633 0.600222 0.451782 0.799557 0.137363
1 0.852094 0.823796 0.294214 0.350214 0.0461909
1 0.362935 0.816553 0.239563 0.278944 0.0305975
1 0.82821 0.52497 0.313069 0.569201 0.0214779
1 0.354869 0.548149 0.603305 0.85676 0.0206829
1 0.343331 0.717997 0.241313 0.503205 0.0135722
1 0.428189 0.873098 0.533648 0.253804 0.0119729
1 0.573878 0.772996 0.811418 0.454008 0.00830079
1 0.715584 0.843562 0.568832 0.308847 0.00738963
1 0.882061 0.643603 0.232399 0.614538 0.005383
1 0.808882 0.678938 0.350246 0.375316 0.00468145
1 0.302204 0.55003 0.284014 0.751104 0.00304118
1 0.441106 0.467324 0.298626 0.450402 0.00258319
1 0.391325 0.927413 0.476717 0.100161 0.00251438
1 0.843781 0.0864519 0.305343 0.158159 0.00194087
1 0.62534 0.909733 0.741658 0.180534 0.00132038
1 0.319393 0.814348 0.542277 0.336834 0.00120011
1 0.796925 0.326901 0.373192 0.504855 0.00109127
1 0.815276 0.146527 0.360495 0.238963 0.00107034
1 0.429387 0.370102 0.225576 0.233963 0.001009
