1 0.546198 0.475047 0.885382 0.773086 0.364224
1 0.282278 0.652417 0.346067 0.386918 0.104977
1 0.347465 0.407488 0.379851 0.727437 0.0539553
1 0.805497 0.521018 0.25631 0.623696 0.0469994
1 0.546556 0.692052 0.753085 0.478514 0.0405983
1 0.797315 0.645252 0.208624 0.340134 0.0334576
1 0.675565 0.517783 0.433029 0.629845 0.0224955
1 0.286728 0.522482 0.291643 0.509125 0.0177797
1 0.30748 0.659929 0.515466 0.546472 0.0141975
1 0.806315 0.68581 0.372609 0.532251 0.0114735
1 0.688725 0.685684 0.452326 0.39179 0.0084023
1 0.360439 0.17345 0.29789 0.315508 0.00486543
1 0.507978 0.418643 0.468075 0.772768 0.00466187
1 0.393943 0.606311 0.445171 0.365258 0.00437714
1 0.730343 0.110489 0.505835 0.192599 0.00340912
1 0.180896 0.628018 0.305038 0.55433 0.00239781
1 0.731516 0.318763 0.514902 0.561189 0.00231452
1 0.229595 0.776761 0.420011 0.416952 0.00208227
1 0.5 0.466152 1 0.932303 0.00155624
1 0.310421 0.511226 0.620842 0.85073 0.00119747
