1 0.578513 0.479553 0.842975 0.838018 0.372294
1 0.382816 0.466012 0.36358 0.731395 0.101462
1 0.753665 0.478866 0.432723 0.738626 0.065073
1 0.619772 0.669757 0.706838 0.497391 0.0597956
1 0.413466 0.662439 0.42084 0.38228 0.0410505
1 0.334173 0.665609 0.227566 0.286996 0.0243597
1 0.277145 0.519086 0.372374 0.775131 0.0182754
1 0.864267 0.498073 0.252627 0.748016 0.00908361
1 0.782407 0.645983 0.339517 0.430414 0.00888322
1 0.75634 0.782371 0.4721 0.399638 0.0020853
1 0.602077 0.0909845 0.783517 0.162061 0.00191828
1 0.35564 0.782868 0.46794 0.406742 0.0017816
1 0.388898 0.24592 0.301717 0.25195 0.0015649
1 0.732469 0.134946 0.487719 0.168354 0.00152884
1 0.857017 0.834656 0.266892 0.270692 0.0013997
