1 0.536798 0.477215 0.913016 0.827505 0.298973
1 0.329329 0.525685 0.425518 0.60823 0.119643
1 0.298579 0.67173 0.320195 0.285422 0.066692
1 0.658055 0.528095 0.541042 0.665758 0.0443885
1 0.801653 0.514844 0.246502 0.617095 0.0169099
1 0.51268 0.472605 0.485994 0.704987 0.0122554
1 0.503283 0.715679 0.741961 0.478349 0.0112822
1 0.314986 0.763608 0.428619 0.417643 0.0100216
1 0.228519 0.496346 0.252518 0.570474 0.00642083
1 0.795789 0.668307 0.183738 0.285639 0.00372969
1 0.743093 0.725855 0.307364 0.341802 0.00258876
1 0.529548 0.841988 0.737606 0.312984 0.00256415
1 0.852313 0.667524 0.241383 0.489386 0.00216211
1 0.753341 0.598402 0.251801 0.426131 0.00211357
1 0.396516 0.379924 0.38882 0.549163 0.00209765
1 0.166834 0.473926 0.304992 0.748885 0.00191816
1 0.366444 0.26703 0.365351 0.312631 0.00184241
1 0.506354 0.146607 0.843467 0.282862 0.00173018
1 0.199985 0.637203 0.309606 0.469419 0.00165989
1 0.786886 0.613039 0.408205 0.652913 0.00143795
1 0.262742 0.388159 0.398896 0.622798 0.00131529
1 0.752487 0.819335 0.454989 0.310112 0.00122998
1 0.461593 0.265791 0.708122 0.474419 0.00112863
