1 0.295734 0.437596 0.591469 0.64429 0.0758835
1 0.292547 0.698041 0.574511 0.574735 0.0567003
1 0.173599 0.540065 0.251008 0.216315 0.0547961
1 0.504026 0.44115 0.887493 0.776682 0.0360029
1 0.199148 0.579213 0.352125 0.319461 0.0323266
1 0.181977 0.428873 0.314435 0.477137 0.0252689
1 0.219665 0.312946 0.428246 0.573086 0.00391216
1 0.224182 0.162226 0.436375 0.291122 0.00258598
1 0.704662 0.102226 0.586092 0.194506 0.00241379
1 0.686138 0.343813 0.610734 0.664723 0.00216917
1 0.59399 0.149952 0.734928 0.287245 0.00169569
1 0.138994 0.676353 0.270387 0.489563 0.00166609
1 0.432154 0.802556 0.864309 0.394887 0.00129445
1 0.263283 0.0912918 0.526566 0.172884 0.0010782
1 0.784698 0.0678008 0.410277 0.133134 0.00101877
