1 0.653489 0.539669 0.521237 0.836764 0.00641149
1 0.644325 0.851787 0.372344 0.280686 0.00476908
1 0.351854 0.584708 0.340788 0.589993 0.00390136
1 0.717775 0.689335 0.378921 0.58235 0.0035103
1 0.639559 0.91858 0.326627 0.154272 0.00344938
1 0.722459 0.81781 0.253353 0.263666 0.00315779
1 0.465592 0.490075 0.608409 0.897574 0.00305213
1 0.82897 0.634977 0.295378 0.633953 0.0030303
1 0.288899 0.457016 0.2427 0.350402 0.00288689
1 0.578176 0.735772 0.52667 0.513342 0.00287238
1 0.514562 0.938822 0.576948 0.122076 0.00242266
1 0.769647 0.707494 0.231848 0.450798 0.00199869
1 0.190165 0.580261 0.333898 0.614745 0.00198252
1 0.308133 0.324255 0.305471 0.561436 0.00140856
1 0.433205 0.883877 0.511066 0.225979 0.00127324
1 0.746426 0.552391 0.27839 0.657337 0.00121534
1 0.33068 0.810768 0.400967 0.342408 0.00114619
