1 0.418014 0.508091 0.79941 0.873055 0.41348
1 0.217836 0.41525 0.360602 0.590718 0.232749
1 0.67485 0.52775 0.394896 0.808768 0.0603977
1 0.669585 0.487148 0.267804 0.555516 0.0194218
1 0.259285 0.403603 0.51857 0.798452 0.0138077
1 0.169368 0.554014 0.262189 0.268658 0.00818993
1 0.686805 0.753614 0.231379 0.278378 0.00701559
1 0.567317 0.413276 0.408695 0.584718 0.00699667
1 0.623413 0.801792 0.39536 0.345068 0.00465046
1 0.346878 0.393917 0.443705 0.630953 0.00165249
1 0.220283 0.0605919 0.428511 0.118725 0.00148537
1 0.20448 0.619574 0.361587 0.498425 0.00128787
1 0.192222 0.261232 0.384444 0.508698 0.00123963
1 0.598323 0.663208 0.413787 0.593191 0.00113487
1 0.466493 0.81396 0.74795 0.370114 0.00111524
