1 0.446942 0.42108 0.609119 0.737962 0.131731
1 0.311466 0.360745 0.240324 0.486615 0.105896
1 0.577014 0.417524 0.330239 0.663608 0.0390684
1 0.24519 0.453529 0.398646 0.747267 0.0266054
1 0.703144 0.44455 0.527329 0.804508 0.00774476
1 0.609325 0.583854 0.245758 0.33311 0.00556637
1 0.261463 0.266916 0.34772 0.461205 0.00363312
1 0.427587 0.329152 0.397825 0.586146 0.00353863
1 0.547449 0.616775 0.412446 0.50471 0.00274703
1 0.362741 0.680975 0.661533 0.620036 0.0024559
1 0.246337 0.772503 0.482644 0.45407 0.00242849
1 0.950825 0.349085 0.0983495 0.636215 0.00192952
1 0.467594 0.798174 0.69338 0.399479 0.00173013
1 0.655954 0.811095 0.423762 0.373818 0.00145098
1 0.855157 0.383492 0.289685 0.732149 0.00114271
