1 0.531798 0.543249 0.915931 0.791645 0.269967
1 0.705233 0.819703 0.583905 0.35927 0.0664919
1 0.794289 0.723521 0.371978 0.37813 0.0569876
1 0.25008 0.521065 0.278689 0.630548 0.0414008
1 0.723178 0.525513 0.521073 0.691173 0.0301856
1 0.234718 0.716239 0.218102 0.290906 0.0244211
1 0.828291 0.529774 0.309824 0.576238 0.0181841
1 0.558844 0.756219 0.882312 0.460208 0.0133194
1 0.39994 0.514592 0.455569 0.735255 0.00906281
1 0.231052 0.683796 0.354698 0.493583 0.00847734
1 0.585546 0.900283 0.799095 0.199434 0.00544507
1 0.233957 0.841155 0.370137 0.269331 0.00407652
1 0.323093 0.350805 0.215638 0.247826 0.00335937
1 0.825591 0.819214 0.343491 0.30247 0.00323667
1 0.333257 0.464565 0.245807 0.538607 0.00310931
1 0.382242 0.770449 0.579898 0.308759 0.00299718
1 0.797708 0.914235 0.397022 0.120445 0.0023636
1 0.878837 0.662066 0.236392 0.647451 0.00132633
1 0.172903 0.77178 0.257672 0.317625 0.00120707
1 0.805942 0.434853 0.215169 0.342642 0.0010798
1 0.22865 0.552525 0.457301 0.793615 0.00103704
