1 0.557797 0.570449 0.720441 0.710686 0.101051
1 0.347003 0.559393 0.515296 0.707932 0.0675591
1 0.808334 0.643665 0.206748 0.435189 0.0195487
1 0.219588 0.709952 0.340735 0.315178 0.0189227
1 0.228751 0.617914 0.400804 0.577807 0.0169629
1 0.590181 0.753876 0.636801 0.452885 0.0142702
1 0.151618 0.650534 0.230524 0.434689 0.0131493
1 0.296968 0.762731 0.519815 0.389341 0.0120847
1 0.671222 0.657011 0.447932 0.480695 0.00997081
1 0.742473 0.552845 0.293386 0.597853 0.00835636
1 0.844559 0.594799 0.244794 0.682633 0.00470227
1 0.221325 0.846254 0.393851 0.282636 0.00416483
1 0.883682 0.754684 0.158769 0.371488 0.00392301
1 0.776898 0.710793 0.327652 0.423785 0.00349589
1 0.780499 0.847997 0.408574 0.288099 0.00274285
1 0.829282 0.742909 0.214144 0.284359 0.00247663
1 0.889112 0.865643 0.176875 0.230384 0.00226188
1 0.639539 0.477295 0.34338 0.566828 0.00158163
1 0.110643 0.749753 0.169584 0.369369 0.0015406
1 0.42621 0.822151 0.51085 0.307318 0.00140459
1 0.265597 0.932168 0.428355 0.11142 0.00139776
1 0.815395 0.932433 0.320127 0.101024 0.00119476
1 0.899688 0.93786 0.148431 0.10941 0.00116987
