1 0.584238 0.554239 0.755023 0.860632 0.154344
1 0.452507 0.507553 0.417109 0.674508 0.0369186
1 0.765764 0.561547 0.379088 0.799138 0.0235851
1 0.348185 0.5067 0.24586 0.641677 0.0151026
1 0.681468 0.805289 0.540605 0.378442 0.0135176
1 0.3565 0.664483 0.228904 0.309218 0.0119382
1 0.803369 0.821819 0.310982 0.330043 0.00927121
1 0.840874 0.693843 0.259724 0.541507 0.0048244
1 0.427014 0.725081 0.387883 0.461743 0.00422709
1 0.890294 0.562845 0.215477 0.809298 0.00272039
1 0.634677 0.91131 0.650253 0.174059 0.00265332
1 0.253807 0.458934 0.389293 0.740603 0.00262256
1 0.786 0.922991 0.361395 0.146629 0.00217124
1 0.657776 0.500352 0.394766 0.69558 0.00195948
1 0.874843 0.877761 0.239761 0.22971 0.00158835
1 0.513164 0.851593 0.561931 0.293319 0.00148539
1 0.317449 0.661473 0.320394 0.465213 0.00143227
1 0.731164 0.429194 0.25406 0.466596 0.00105681
