1 0.372268 0.415887 0.408538 0.768721 0.248876
1 0.56672 0.42022 0.756406 0.637666 0.16261
1 0.781739 0.42301 0.287302 0.493804 0.114628
1 0.326616 0.487936 0.27505 0.558627 0.0510615
1 0.327493 0.618779 0.246204 0.278995 0.0302508
1 0.833199 0.506709 0.19917 0.308239 0.023075
1 0.827967 0.563935 0.314798 0.621248 0.00781357
1 0.353979 0.675423 0.34102 0.417069 0.00639579
1 0.874941 0.43964 0.242498 0.553341 0.00572285
1 0.286177 0.203102 0.383006 0.339388 0.00537062
1 0.414682 0.634218 0.490582 0.591288 0.00442896
1 0.244106 0.474821 0.473892 0.751665 0.00386466
1 0.375975 0.220774 0.235408 0.295898 0.00385813
1 0.883631 0.611734 0.185319 0.450667 0.00380372
1 0.224987 0.522263 0.296336 0.581298 0.00282548
1 0.797359 0.111079 0.400545 0.194946 0.00268854
1 0.393457 0.288279 0.259275 0.518354 0.00238039
1 0.393166 0.157916 0.18164 0.182057 0.00236367
1 0.732231 0.588259 0.459127 0.464365 0.00113672
1 0.719488 0.291567 0.291167 0.397236 0.00102336
