1 0.338224 0.413974 0.43713 0.626094 0.005731
1 0.291037 0.521304 0.233181 0.334349 0.00379235
1 0.272122 0.350986 0.257551 0.606412 0.00330278
1 0.26021 0.546747 0.174284 0.217704 0.00279072
1 0.479838 0.0980046 0.67589 0.191375 0.002207
1 0.25296 0.112463 0.459055 0.198068 0.00209448
1 0.728363 0.862524 0.445669 0.274321 0.0018292
1 0.334613 0.0633599 0.306412 0.12205 0.00161717
1 0.682787 0.94888 0.389672 0.101542 0.00155861
1 0.615045 0.477291 0.699412 0.840198 0.00153957
1 0.578715 0.371535 0.423931 0.741514 0.00148149
1 0.604901 0.914513 0.497362 0.170975 0.00120197
1 0.729899 0.0925641 0.457623 0.167523 0.00115647
1 0.406937 0.565052 0.50389 0.44093 0.00101995
