1 0.588405 0.518247 0.45459 0.664022 0.0519552
1 0.449909 0.491187 0.351406 0.644255 0.020635
1 0.441713 0.665952 0.402557 0.394717 0.00551357
1 0.337497 0.454737 0.319396 0.728385 0.00440654
1 0.652838 0.679643 0.465048 0.394666 0.0033341
1 0.395602 0.747293 0.362069 0.290911 0.00324533
1 0.521975 0.648203 0.642631 0.517036 0.00191656
1 0.541001 0.637657 0.293884 0.393913 0.00191082
1 0.315706 0.706648 0.184713 0.270602 0.00182929
1 0.810634 0.0558434 0.362825 0.111687 0.00173342
1 0.342183 0.835247 0.295741 0.218091 0.00121975
1 0.818115 0.603818 0.217083 0.429996 0.00100262
